Shape: torch.Size([1, 144, 64])
Range: [-93, 126]
Mean: 0.8714

量化值陣列:
  -2  -89   31   -7    1  -15   -8   22
   3   15    5   13  -13  -11   32   -3
 -10   13    3  -11  -10    3  -12    6
  -1  -10  -11   -5  -12   -3  -42  -13
  -1   -9    4  -10  123   12  -17   18
  20   -2   16    2   -4   24   -8    0
 -17   -1   -5  -10   12   11  -14   29
   2    9    2   17    8    1  -35   12
  -2  -89   32   -5    0  -14   -9   20
   3   12    6   13  -11   -8   28   -1
  -8   15    1  -11   -7    3  -14    7
  -2   -9  -11   -1  -11   -3  -40  -10
   0   -6    4  -11  122    9  -16   17
  18   -2   15    2   -5   20   -8    1
 -18   -3   -5  -11   10   11  -11   26
   4    8    3   18   10   -1  -34   10
  -3  -90   30   -5    2  -16   -7   21
   3   15    6   14  -13  -11   31   -2
  -9   12    1  -10   -9    3  -14    5
  -1  -10  -10   -4  -10   -4  -45  -12
  -2   -9    3  -11  124   12  -17   16
  22   -1   18    2   -4   24   -7    1
 -17   -1   -5   -9   11   11  -13   30
   3    9    2   16    7    1  -36   14
  -3  -90   30   -7    2  -16   -8   22
   3   15    5   14  -14  -11   32   -3
 -10   12    2  -10  -10    3  -12    6
  -1  -10  -11   -5  -11   -3  -44  -13
  -1   -9    4  -11  124   13  -17   17
  22   -2   17    2   -3   25   -8    1
 -17   -1   -5   -9   12   11  -14   30
   2    8    2   16    8    1  -36   13
  -4  -93   30   -7    3  -18   -6   22
   3   17    5   13  -14  -14   35   -4
 -11   10    3  -10  -11    2  -13    5
   0  -11  -10   -6  -12   -4  -47  -15
  -2  -10    3  -11  126   14  -17   17
  24    0   18    2   -4   28   -7    0
 -16    0   -5   -9   13   11  -16   33
   2    9    1   16    5    3  -38   15
  -3  -91   31   -5    0  -15   -8   20
   3   14    6   14  -12  -10   30   -2
  -9   13    1  -10   -8    3  -14    6
  -1   -9  -11   -3  -11   -3  -43  -11
  -1   -8    4  -11  124   11  -17   16
  20   -2   16    2   -5   22   -8    1
 -18   -2   -5  -10   11   11  -12   28
   4    8    2   18    9    0  -35   12
  -4  -92   30   -6    2  -17   -8   22
   3   15    6   15  -13  -11   32   -2
 -10   12    1   -9   -9    3  -13    6
   0  -10  -10   -5  -11   -4  -46  -13
  -2   -9    3  -12  126   12  -17   16
  23   -1   18    3   -4   25   -8    1
 -17   -1   -6  -10   11   11  -14   31
   3    8    2   17    8    0  -37   13
  -4  -93   30   -5    2  -17   -7   21
   3   15    6   14  -12  -11   32   -2
 -10   12    1   -9   -9    3  -14    5
   0   -9  -10   -4  -11   -4  -46  -12
  -2   -9    4  -12  126   12  -17   16
  23   -1   18    3   -5   24   -7    1
 -17   -1   -5  -10   11   11  -13   31
   3    8    2   17    8    0  -37   13
  -3  -92   31   -5    1  -16   -8   21
   3   15    6   15  -12  -10   31   -2
  -9   13    1   -9   -8    4  -14    6
  -1   -9  -10   -3  -11   -4  -45  -11
  -2   -9    4  -12  125   11  -17   16
  22   -2   17    3   -5   23   -8    1
 -18   -2   -6  -10   10   11  -12   30
   4    8    2   18    8    0  -36   12
  -2  -89   33   -6    0  -14   -9   20
   3   14    5   13  -12   -9   31   -1
  -9   14    2  -10   -8    4  -13    6
  -1   -9  -11   -4  -12   -4  -42  -11
  -1   -9    4  -11  122   11  -17   17
  19   -2   15    2   -5   22   -9    1
 -18   -2   -6  -10   11   12  -11   27
   3    9    3   19    9    0  -34   10
  -1  -89   33   -4   -2  -12  -10   17
   3   12    7   13   -9   -7   28    0
  -7   15    0  -10   -5    5  -15    7
  -3   -8  -11    0  -12   -3  -39   -7
   0   -6    5  -11  121    8  -16   16
  16   -3   14    2   -7   17   -8    0
 -20   -4   -5  -11    9   13   -8   25
   6    9    3   21   10   -2  -33    8
  -1  -89   33   -4    0  -13  -10   19
   3   13    7   13  -10   -8   29    0
  -7   15    0  -10   -6    4  -14    6
  -2   -9  -11   -2  -12   -4  -40   -9
  -1   -8    5  -11  121    9  -16   16
  18   -3   14    2   -6   19   -9    1
 -19   -3   -5  -10   10   13   -9   26
   5    9    3   20    9   -1  -33    9
  -3  -91   30   -1    0  -16   -8   18
   2   13    9   15  -10   -9   28    0
  -7   14    0  -10   -6    5  -18    6
  -3   -9  -10    0   -8   -4  -45   -8
  -1   -6    4  -12  122    9  -16   14
  21   -2   18    3   -6   19   -6    1
 -19   -3   -4  -10    9   11  -10   29
   6    9    3   18    8   -2  -34   12
  -4  -92   30   -4    1  -17   -8   21
   2   14    7   15  -12  -10   30   -1
  -9   13    0   -9   -8    4  -15    5
  -1   -9  -10   -3  -10   -4  -46  -11
  -2   -8    4  -12  125   11  -17   15
  22   -1   18    3   -4   23   -7    1
 -18   -2   -5  -10   10   11  -12   30
   4    8    2   17    8    0  -36   13
  -3  -92   30   -3    1  -16   -8   20
   2   14    7   15  -11  -10   30   -1
  -8   13    0   -9   -7    4  -15    6
  -2   -9  -10   -2  -10   -4  -46  -10
  -1   -8    4  -13  125   10  -17   15
  22   -2   17    3   -5   22   -7    1
 -18   -3   -5  -10    9   11  -11   29
   4    8    2   18    9   -1  -36   12
  -4  -92   30   -3    1  -17   -7   20
   2   15    7   15  -11  -11   31   -1
  -9   12    0   -9   -8    4  -16    5
  -1  -10  -10   -2  -10   -4  -46  -11
  -2   -8    3  -12  124   11  -17   15
  23   -1   18    3   -5   23   -6    1
 -18   -2   -5  -10   10   11  -12   31
   5    9    2   17    7    0  -36   14
  -3  -91   31   -3    0  -15   -9   19
   2   13    7   16  -10   -9   29    0
  -8   14    0   -9   -6    5  -15    6
  -2   -8  -10   -2  -10   -4  -45   -9
  -1   -8    4  -13  124    9  -17   15
  21   -2   17    3   -6   20   -8    1
 -19   -3   -5  -10    9   11  -10   28
   5    8    3   19   10   -2  -35   11
  -2  -90   32   -3    0  -14   -8   19
   2   13    7   14  -10   -9   29    0
  -7   14    0  -10   -7    4  -16    6
  -2   -9  -10   -1  -11   -4  -43   -9
  -1   -7    4  -12  121    9  -16   15
  19   -2   16    2   -6   19   -7    1
 -19   -3   -5  -10   10   12  -10   28
   6    9    3   19    8   -1  -34   11
  -1  -89   32   -2   -2  -13  -10   17
   2   11    8   14   -8   -6   26    0
  -6   16    0  -10   -4    5  -17    6
  -4   -8  -10    0  -10   -4  -41   -6
   0   -5    5  -12  121    7  -15   14
  17   -3   15    3   -7   16   -7    1
 -20   -4   -5  -10    8   12   -7   25
   7    9    3   20   11   -4  -33    9
  -2  -91   31   -3    0  -15   -8   19
   2   13    8   14  -10   -9   30    0
  -7   14    0   -9   -6    4  -16    6
  -2   -9  -10   -1  -11   -4  -44   -9
  -1   -7    4  -13  123   10  -16   14
  20   -2   17    3   -6   20   -7    1
 -19   -3   -5  -10    9   12  -10   29
   6    9    3   19    9   -1  -35   11
  -1  -88   33   -2   -2  -13  -10   16
   2   11    9   13   -8   -6   26    0
  -5   16    0  -10   -5    5  -17    7
  -4   -8  -10    0  -10   -4  -40   -6
   0   -5    5  -12  119    7  -15   14
  16   -3   15    2   -7   15   -7    1
 -20   -5   -4  -10    8   13   -7   24
   7    9    4   20   11   -4  -32    8
  -2  -90   32   -2   -1  -14   -9   17
   2   11    9   15   -9   -7   26    0
  -6   16   -1  -10   -4    5  -17    6
  -4   -8  -10    0   -9   -4  -42   -6
   0   -6    5  -13  121    7  -16   14
  18   -3   16    3   -7   16   -7    1
 -20   -4   -5  -10    8   12   -8   25
   7    9    3   20   11   -4  -33    9
  -1  -90   32   -2   -1  -14   -9   17
   2   11    9   14   -9   -7   27    0
  -6   15   -1  -10   -5    5  -17    6
  -4   -8  -10    0  -10   -4  -42   -6
   0   -5    5  -12  121    7  -15   14
  17   -3   16    3   -8   17   -7    1
 -20   -4   -4  -10    8   12   -8   26
   7    9    3   20   10   -4  -33    9
  -2  -91   31   -1   -1  -15   -8   17
   2   11    9   15   -9   -8   27    0
  -6   15   -1  -10   -5    5  -18    6
  -3   -9  -10    0   -9   -4  -44   -7
  -1   -5    4  -13  122    8  -16   13
  19   -2   17    3   -7   17   -6    1
 -19   -4   -4  -10    8   12   -9   27
   7    9    3   19    9   -3  -34   11
   0  -89   32    0   -4  -12   -9   14
   1    8   11   13   -7   -4   23    1
  -4   17   -2  -12   -3    5  -19    7
  -6   -8  -11    4   -8   -3  -38   -3
   0   -1    6  -12  118    5  -14   13
  15   -3   15    3   -8   12   -5    1
 -20   -6   -3  -10    8   12   -6   22
   8    9    4   20   12   -6  -31    8
  -2  -91   31   -2    0  -14   -9   17
   2   12    8   14   -9   -8   28    0
  -7   14    0  -10   -6    5  -17    6
  -3   -9  -10    0  -10   -4  -43   -8
  -1   -6    5  -12  122    9  -16   14
  19   -2   16    3   -7   19   -7    1
 -19   -4   -5  -10    9   12   -9   27
   6    9    3   20    9   -2  -34   10
  -1  -90   32   -2   -1  -14  -10   17
   2   11    9   14   -9   -7   27    0
  -6   16    0  -10   -5    5  -17    6
  -4   -8  -10    0  -10   -4  -42   -7
  -1   -6    5  -12  121    8  -16   14
  18   -3   15    3   -7   17   -7    1
 -20   -4   -5  -10    8   12   -8   26
   6    9    3   20   10   -3  -33    9
  -1  -89   32   -2   -2  -13   -9   16
   2   11    9   13   -8   -6   26    0
  -5   16   -1  -10   -4    5  -18    7
  -4   -8  -10    1  -10   -4  -40   -6
   0   -4    5  -12  120    7  -15   13
  17   -3   15    3   -8   15   -6    1
 -20   -5   -4  -10    8   12   -7   25
   7    9    3   20   10   -4  -32    9
  -2  -90   31   -2    0  -14   -9   18
   2   12    8   14   -9   -8   28    0
  -6   15    0  -10   -5    5  -17    6
  -3   -9  -10    0  -10   -4  -43   -7
  -1   -6    4  -12  122    8  -16   14
  19   -2   16    3   -7   18   -7    1
 -19   -4   -5  -10    9   12   -9   27
   6    9    3   19   10   -3  -34   10
  -1  -90   32   -2   -2  -14   -9   17
   2   11    9   14   -9   -7   26    0
  -6   16    0  -10   -5    5  -17    6
  -4   -8  -10    0  -10   -4  -41   -6
   0   -5    5  -12  121    7  -16   14
  17   -3   15    3   -7   16   -7    1
 -20   -4   -4  -10    8   12   -8   25
   7    9    3   20   10   -4  -33    9
   1  -83   35   -3   -6   -8  -11   14
   2    7    9   10   -6   -2   22    2
  -3   19    0  -12   -3    5  -17    8
  -5   -7  -12    3  -11   -3  -32   -3
   0   -2    6   -9  113    4  -14   15
  10   -5   11    1   -8    9   -8    0
 -21   -7   -3  -11    8   14   -4   18
   8    9    5   22   12   -5  -28    4
   3  -78   37   -3   -9   -5  -11   12
   2    4    9    6   -5    0   19    2
  -1   21    0  -15   -4    4  -18   10
  -6   -7  -14    7  -12   -1  -23   -2
   3    2    7   -6  107    1  -12   19
   6   -5    7   -1   -8    5   -9    0
 -20   -8   -2  -14    9   15   -3   12
  10   10    6   22   11   -5  -26    2
  -3  -93   31   -3    0  -16   -8   19
   2   13    8   15  -10   -9   30   -1
  -7   13    0   -9   -7    4  -16    6
  -2   -9  -10   -1  -10   -4  -45   -9
  -1   -7    4  -13  124   10  -16   14
  21   -2   18    3   -6   21   -6    1
 -18   -3   -5  -10    9   11  -11   29
   6    9    2   18    8   -1  -35   12
  -2  -91   31   -2    0  -14   -9   18
   2   12    9   14   -9   -8   28    0
  -6   15    0  -10   -5    5  -17    6
  -3   -9  -10    0  -10   -4  -43   -7
  -1   -6    4  -12  122    8  -16   14
  19   -2   16    3   -7   18   -7    1
 -19   -4   -5  -10    9   12   -9   27
   6    9    3   19   10   -3  -34   10
  -1  -90   32   -1   -2  -14   -9   16
   2   11    9   14   -8   -7   27    0
  -6   15   -1  -10   -5    5  -18    6
  -4   -9  -10    0  -10   -4  -42   -6
  -1   -5    5  -12  120    7  -15   13
  18   -3   16    3   -7   16   -6    1
 -20   -4   -4  -10    8   12   -8   26
   7    9    3   20   10   -4  -33   10
  -2  -91   32   -2    0  -15   -9   18
   2   12    8   14   -9   -8   28    0
  -6   14    0  -10   -6    5  -17    6
  -3   -9  -10    0  -10   -4  -43   -8
  -1   -6    4  -13  122    9  -16   14
  19   -2   16    3   -7   19   -7    1
 -19   -4   -5  -10    9   12   -9   27
   6    9    3   20    9   -2  -34   10
  -3  -92   29   -4    2  -17   -6   20
   2   15    7   14  -12  -12   31   -2
  -9   12    0  -10   -9    3  -16    6
  -1  -10  -10   -2  -10   -4  -46  -12
  -2   -8    4  -11  123   12  -16   16
  23   -1   19    2   -4   23   -5    1
 -17   -2   -4   -9   12   11  -13   31
   5    9    2   16    6    0  -35   15
   0  -88   31    0   -3  -13   -9   15
   1    9   10   13   -8   -5   24    1
  -4   16   -2  -11   -4    5  -19    7
  -5   -8  -11    3   -8   -3  -39   -5
   0   -2    5  -11  117    6  -14   14
  16   -3   15    3   -7   13   -5    1
 -20   -5   -3  -10    8   12   -7   24
   8    9    4   19   10   -5  -31    9
  -2  -91   31   -2    0  -15   -9   18
   2   12    8   15  -10   -8   28    0
  -7   14    0  -10   -6    5  -16    6
  -3   -9  -10   -1   -9   -4  -44   -8
  -1   -7    4  -13  122    9  -16   14
  20   -2   17    3   -6   19   -7    1
 -19   -3   -5  -10    9   11   -9   28
   6    8    3   18   10   -2  -34   11
  -2  -91   30   -2    0  -15   -8   18
   2   12    9   14  -10   -8   28    0
  -7   14    0  -10   -6    4  -17    6
  -2   -9  -10    0   -9   -4  -44   -8
  -1   -6    4  -12  123    9  -16   15
  20   -2   17    3   -6   19   -6    1
 -18   -4   -5  -10    9   11  -10   28
   6    9    3   18    9   -2  -34   11
  -2  -92   31   -2    0  -16   -8   18
   2   13    8   15  -10   -9   29    0
  -7   14    0   -9   -6    5  -17    6
  -2   -9  -10    0  -10   -4  -45   -8
  -1   -7    4  -13  124    9  -16   14
  21   -2   17    3   -7   20   -6    1
 -19   -3   -5  -10    9   12  -10   29
   6    9    2   19    9   -2  -35   11
  -1  -89   32   -2   -1  -13   -9   17
   2   11    8   14   -9   -7   27    0
  -6   15    0  -10   -6    5  -17    7
  -3   -9  -10    0  -10   -4  -41   -7
  -1   -6    5  -12  119    8  -16   14
  17   -3   15    2   -6   17   -7    1
 -20   -4   -4  -10    9   12   -8   26
   7    9    3   19   10   -3  -32   10
  10  -48   35  -16  -10    4  -10   11
   2   -2    5   -5   -9    9   13    1
   5   24   11  -24  -15    0  -13   15
  -3  -10  -19    6  -10    3    7   -8
  11    5    6    8   85   -1  -11   36
  -4   -8   -6  -15   -1    4  -15   -4
 -10  -10   -1  -19   13   13   -2   -6
   7   13    9   15    5    3  -18   -4
   7  -48   35   -3  -10    0  -11    8
   2   -4    7    1   -3    5    5    9
   2   26    0  -18   -1    3  -18   11
  -5   -9  -15    9   -4    2   -2    0
   8    3    9    1   64   -5   -7   24
  -3  -11   -1   -7    0  -12   -6    0
 -16  -10    0  -18    9   17    8   -3
   8    9   10   17    9   -5   -4    0
  10  -56   36  -11  -11    2   -9   10
   2   -1    7   -3   -8    6   14    3
   4   24    7  -23  -12    1  -17   14
  -4  -10  -18    9  -10    1    0   -6
   9    6    8    5   88   -1  -11   32
  -3   -7   -3  -12   -3    1  -12   -3
 -14  -11    0  -18   13   16   -1   -2
   9   14    9   18    5    0  -18   -2
  -1  -89   32   -2   -3  -12  -10   16
   2   10    9   13   -8   -5   25    0
  -5   16   -1  -10   -4    5  -17    7
  -4   -8  -10    1  -10   -3  -39   -5
   0   -4    5  -12  120    7  -15   14
  16   -3   14    2   -8   15   -7    0
 -20   -5   -4  -10    8   12   -7   24
   7    9    3   21   11   -4  -33    8
  -1  -89   32   -3   -1  -13   -9   17
   2   12    8   13   -9   -7   28    0
  -6   15    0  -10   -6    4  -16    7
  -3   -9  -11    0  -11   -4  -40   -8
   0   -6    5  -11  120    8  -15   15
  17   -2   15    2   -7   18   -7    0
 -19   -4   -4  -10    9   13   -9   25
   6    9    3   20    9   -2  -33    9
   0  -86   34   -3   -4  -10  -11   15
   2    9    9   12   -7   -5   25    1
  -4   17    0  -11   -4    5  -16    7
  -4   -8  -11    1  -11   -3  -36   -5
   0   -4    6  -11  117    6  -15   15
  13   -4   12    1   -8   13   -8    0
 -20   -5   -4  -11    8   13   -6   21
   7   10    4   22   11   -4  -31    6
   0  -88   32    0   -6  -11   -9   13
   1    7   12   12   -6   -3   21    2
  -3   18   -3  -13   -3    5  -20    8
  -7   -7  -11    6   -9   -3  -35   -2
   0    0    7  -11  116    4  -13   13
  13   -4   13    3   -8    9   -5    1
 -21   -7   -2  -11    8   13   -5   20
   9   10    4   21   12   -7  -30    7
  -1  -89   31   -1   -3  -13   -9   16
   1    9   10   13   -8   -5   23    0
  -5   17   -1  -12   -5    5  -18    7
  -5   -8  -11    3   -8   -3  -39   -5
   0   -2    6  -11  119    6  -15   14
  16   -3   15    3   -6   14   -6    1
 -19   -6   -3  -10    8   11   -7   23
   7    9    4   19   12   -5  -31    9
  -2  -92   30   -2    0  -15   -8   18
   2   12    9   15  -10   -8   28    0
  -7   14    0  -10   -6    5  -17    6
  -3   -9  -10    0   -9   -4  -44   -8
  -1   -6    4  -12  123    9  -16   14
  20   -2   17    3   -6   19   -6    1
 -18   -4   -4  -10    9   11  -10   28
   6    9    3   18   10   -2  -34   11
   0  -87   32    0   -4  -12  -10   15
   1    8   10   13   -7   -4   22    1
  -4   18   -2  -11   -3    5  -19    7
  -6   -8  -11    3   -8   -3  -38   -3
   0   -2    5  -12  117    5  -15   14
  15   -3   14    3   -7   12   -6    1
 -20   -6   -3  -10    8   12   -6   22
   8    9    4   20   12   -6  -30    8
  -3  -92   30   -2    0  -17   -7   19
   2   13    8   15  -10   -9   29   -1
  -7   13    0  -10   -7    4  -17    6
  -2   -9  -10    0   -9   -4  -46   -9
  -1   -6    4  -12  123    9  -16   15
  22   -1   18    3   -5   20   -6    1
 -18   -3   -5  -10   10   11  -11   30
   6    9    3   17    8   -1  -35   13
  -1  -88   32   -1   -3  -13   -9   16
   1   10    9   13   -8   -6   24    0
  -5   16   -1  -11   -5    5  -18    7
  -4   -9  -11    2   -8   -3  -39   -5
   0   -4    5  -11  117    6  -15   14
  16   -3   15    2   -7   14   -6    1
 -20   -5   -3  -10    9   12   -7   24
   8    9    4   19   10   -4  -31    9
  10  -45   33   -9  -10   -2   -8   14
   0  -10    8    0   -9    4    1    8
   0   28    7  -25  -13    2  -20   11
 -11  -12  -17    7    0    4    6   -3
  11    7   13    5   70   -5  -12   30
  -6  -15   -4   -9    9  -11   -4    0
 -14  -12    0  -17   12   13    2   -6
   3   11   13   10   16   -4   -5    2
  11  -45   31  -11   -9   -1   -8   13
   0   -9    8   -1  -10    4    3    6
   0   27    8  -26  -14    1  -19   11
 -11  -11  -16    7   -1    4    7   -5
  11    7   13    6   73   -3  -11   31
  -6  -13   -5  -10    7   -7   -5   -1
 -13  -11    1  -15   13   12    1   -6
   2   12   12   10   15   -1   -8    1
   8  -61   38   -6  -12   -1  -12   12
   2   -4    8    2   -6    4    8    6
  -1   27    2  -21   -5    3  -18   11
 -10   -8  -16    9   -6    2   -3   -1
   8    6   12    0   85   -3  -12   26
  -2  -12    0   -5    1   -8   -7    0
 -19  -12    0  -17   10   16    2    0
   5   10   11   18   16   -6  -11    0
  -1  -90   32   -2   -1  -14   -9   17
   2   11    9   14   -9   -7   26    0
  -6   16   -1  -10   -4    5  -17    6
  -4   -8  -10    0  -10   -4  -42   -6
   0   -5    5  -12  121    7  -16   14
  18   -3   15    3   -7   16   -7    1
 -20   -5   -5  -10    8   12   -8   25
   7    9    3   20   11   -4  -33    9
   1  -84   36   -4   -5   -9  -11   15
   3    9    8   10   -8   -4   25    1
  -4   18    0  -12   -4    4  -15    8
  -4   -8  -12    1  -13   -3  -32   -5
   0   -3    6   -9  115    5  -14   16
  11   -4   11    0   -8   12   -9    0
 -21   -6   -4  -11    9   14   -6   19
   7   10    4   22   11   -3  -30    5
   0  -84   35   -3   -4   -9  -11   15
   3    9    8   11   -7   -4   24    1
  -4   18    0  -12   -4    5  -16    8
  -4   -8  -12    1  -11   -3  -33   -5
   0   -4    6  -10  114    5  -15   16
  12   -4   11    1   -7   12   -9    0
 -21   -6   -4  -11    9   14   -5   20
   7    9    4   22   11   -4  -30    5
   6  -69   41   -5  -12    0  -12   10
   3    0    8    0   -3    5   15    4
   0   23    0  -19   -4    3  -18   12
  -6   -7  -17   11  -13    0   -8   -2
   6    6    9    0   94   -2  -11   26
   0   -7    1   -5   -5   -3  -11   -1
 -20  -10    0  -17   11   18    0    4
  10   11    9   23    9   -4  -19    0
   8  -61   40  -12  -10    1  -13   14
   4    0    5    0   -8    6   15    3
   1   25    6  -20   -8    2  -13   14
  -5   -8  -17    5  -12    1   -2   -6
   7    3    8    2   94   -1  -12   31
  -1   -8   -3   -8   -2    2  -14   -2
 -16  -10   -2  -18   11   15   -1    0
   6   10    9   20   10   -1  -20   -3
  11  -53   36  -16   -9    1  -10   14
   2   -3    6   -3  -11    7   13    2
   3   26   12  -24  -16    0  -14   15
  -5  -11  -18    5   -9    2    4   -9
  10    5    9    7   89    0  -12   35
  -3   -9   -5  -12    1    4  -13   -3
 -11  -11   -1  -18   14   13   -4   -4
   5   13    9   15    8    2  -18   -2
   5  -76   36   -5  -10   -5   -9   11
   2    3    9    3   -6    0   18    2
  -1   20    1  -18   -6    3  -19   11
  -6   -8  -14    9  -11    0  -18   -4
   4    4    9   -3  105    2  -12   22
   5   -5    6   -3   -7    5   -8    0
 -19   -8    0  -14   12   16   -3   11
   8   12    6   21   10   -3  -24    3
   5  -72   38   -5  -11   -1  -12   11
   3    1    8    2   -5    3   16    3
   0   23    0  -19   -4    4  -17   11
  -7   -7  -15    9  -12    0  -12   -2
   6    4    9   -2   99    0  -11   24
   1   -7    2   -4   -5    0  -10   -1
 -20  -10    0  -16   11   17    0    5
   8   10    8   22   12   -4  -21    0
   6  -73   40   -3  -13   -1  -11    9
   3    1    9    1   -3    2   16    4
   0   22   -1  -18   -3    4  -19   11
  -7   -8  -16   12  -13   -1  -13   -1
   5    5    9   -2   96   -1  -11   22
   1   -6    3   -3   -7   -2   -8    0
 -22  -10    0  -16   11   19    0    7
  11   11    8   23    9   -5  -20    1
   7  -60   40   -5  -11    0  -13   14
   1   -5    6    3   -4    6    7    7
  -1   27    1  -20   -5    4  -17   11
 -10   -8  -17    8   -5    2   -3    0
   7    4   11    0   83   -5  -12   26
  -1  -12   -1   -5    3  -10   -9    0
 -20  -11    0  -17    9   15    4   -1
   5    7   12   17   16   -7  -11    0
   7  -56   38   -5  -10    2  -13    9
   4   -1    5    0   -3    6   11    6
   2   25    0  -18   -1    3  -16   12
  -5   -8  -16    9  -10    1   -3    0
   7    1    7    1   77   -3   -8   26
  -1   -8   -1   -8   -3   -8  -11   -1
 -18  -10   -1  -17    9   18    5    0
  10    9   10   21    7   -3  -13   -2
   5  -77   37   -2  -11   -4  -10   10
   2    2   10    4   -4    0   17    3
   0   21   -1  -17   -3    4  -20   10
  -8   -8  -14   11  -11   -1  -19   -1
   4    5    9   -4  102    0  -11   19
   4   -5    6   -1   -8    0   -6    0
 -21   -9    0  -14   10   17   -1   11
  10   11    7   22   11   -6  -22    2
   4  -77   38   -4   -9   -4  -11   12
   3    4    8    5   -6    0   19    2
  -1   21    0  -16   -4    4  -17   10
  -6   -8  -14    6  -12   -1  -20   -3
   3    1    8   -4  105    2  -12   20
   5   -5    6   -1   -7    4   -9    0
 -21   -8   -1  -13   10   16   -2   11
   8   10    6   23   11   -4  -24    2
   6  -70   39   -6  -12   -1  -11   11
   3    1    8    1   -5    3   15    3
   0   23    1  -19   -5    3  -17   11
  -7   -7  -16   10  -12    0  -10   -3
   6    5   10    0   97    0  -11   25
   0   -7    1   -5   -5    0  -10   -1
 -20  -10    0  -16   12   17    0    5
   8   11    8   22   11   -4  -20    0
   3  -80   37   -3  -10   -5  -11   11
   3    4    9    5   -4    0   19    3
  -2   20   -1  -16   -3    4  -18   10
  -6   -7  -14    9  -13   -1  -21   -2
   3    3    8   -6  107    1  -12   19
   5   -5    7   -1   -8    3   -8    0
 -21   -8   -1  -14   10   17   -2   12
   9   10    6   23   11   -5  -25    2
   7  -58   40  -11   -9    2  -13   14
   4   -1    4    0   -7    7   14    4
   1   26    5  -20   -7    2  -12   13
  -5   -7  -18    5  -12    2   -1   -5
   7    1    8    2   91   -2  -11   32
  -2   -8   -4   -9    0    0  -15   -2
 -16  -10   -2  -18   10   16    0   -2
   6   10    9   20   11   -1  -20   -4
   8  -56   41  -14   -9    3  -13   14
   5    0    3   -1   -9    8   16    2
   2   25    7  -20   -9    1  -11   14
  -3   -8  -18    4  -14    1    0   -7
   8    1    7    4   91   -1  -11   33
  -3   -8   -5  -10   -1    2  -17   -3
 -14  -10   -3  -19   10   16   -1   -2
   6   11    9   20    8    0  -21   -5
   7  -60   40   -9  -10    2  -12   13
   4   -1    4    0   -6    6   13    4
   0   25    3  -20   -6    2  -13   12
  -5   -7  -18    6  -12    1   -2   -4
   7    2    8    1   91   -3  -10   30
  -2   -8   -2   -8   -1   -1  -13   -1
 -17  -10   -2  -18   10   17    0    0
   6   10    9   20   11   -2  -19   -3
   6  -65   39   -8  -11    0  -11   12
   3   -1    6    0   -6    4   13    4
   0   24    2  -20   -6    3  -16   12
  -7   -7  -17    9  -11    1   -5   -3
   7    5   10    0   94   -2  -11   28
  -1   -8    0   -6   -2   -1  -10   -1
 -18  -10    0  -17   11   17    0    1
   6   11    9   20   11   -3  -19   -1
   6  -69   41   -7  -11    0  -11   11
   4    1    6    0   -5    3   17    3
   0   22    1  -19   -4    3  -15   12
  -5   -7  -17    9  -15    0   -7   -4
   6    4    9    0   98    0  -10   26
   0   -6    0   -5   -6    0  -12   -1
 -19   -9   -1  -17   11   19   -1    4
   8   11    8   23    9   -2  -21   -1
  12  -42   32  -18   -7    0   -9   16
   0  -10    5   -2  -12    6    4    4
   2   28   13  -26  -19    0  -14   13
  -8  -11  -17    2   -2    5   12   -8
  11    6   11    8   77   -2  -12   37
  -7  -15   -8  -13    9    0  -10   -3
  -9  -11   -1  -18   12   10   -3   -9
   1   12   11    9   15    1  -12   -1
  12  -37   33  -16   -6    2  -11   16
   2   -6    3   -2  -13    7    7    4
   3   28   12  -23  -15    0  -12   13
  -7  -11  -17   -1   -4    4    9   -8
  10    0    8    9   70   -2  -12   35
  -6  -12   -9  -14    8   -2  -13   -2
  -9   -9   -2  -15   12   10    1   -9
   2   10   12   10   11    1  -10   -3
  10  -50   35  -11  -10    0  -10   15
   0   -6    6    0   -9    5    5    5
   0   27    7  -24  -13    2  -16   11
 -10  -10  -17    5   -4    3    4   -5
   9    5   12    5   78   -3  -12   30
  -5  -13   -5   -9    6   -6   -8    0
 -14  -10    0  -15   12   12    0   -5
   2   10   12   12   15   -2  -10    0
  10  -50   34  -10   -9    0  -10   13
   1   -8    7    0   -9    5    5    6
   1   28    6  -24  -11    2  -18   13
 -10  -10  -16    7   -3    3    4   -4
  10    6   12    5   77   -4  -11   31
  -5  -13   -4  -10    6   -7   -7   -1
 -14  -12    0  -17   12   14    1   -5
   4   11   12   13   14   -2  -10    0
   8  -62   37   -8  -12    0  -10   10
   2   -2    8   -2   -6    6   12    4
   2   25    4  -23   -9    2  -19   14
  -7   -9  -17   12  -10    2   -1   -4
   9    8   10    3   90   -2  -11   31
  -1   -8   -1  -10   -2   -2  -10   -2
 -16  -11    0  -18   13   17    0    0
   8   12    9   19    8   -1  -17   -1
   5  -74   39   -2  -12   -2  -11   10
   3    1    9    2   -3    1   16    4
   0   21   -1  -18   -2    4  -19   11
  -7   -8  -15   12  -12    0  -14   -1
   5    5    9   -3   98   -1  -10   22
   2   -6    4   -3   -6   -2   -8    0
 -22   -9    0  -15   10   18    0    8
  10   11    8   23   10   -5  -21    1
   7  -61   41   -8  -11    4  -12    9
   4    2    5   -2   -4    7   18    3
   4   23    2  -19   -5    2  -14   13
  -3   -8  -19    9  -16    0   -3   -4
   7    2    5    1   89   -2  -10   30
  -1   -5   -2  -10   -7    0  -15   -2
 -17   -9   -1  -18   10   18    1    0
  11   12    8   23    3    0  -21   -4
   6  -63   41   -5  -11    2  -13   11
   4    0    5    0   -3    6   14    5
   1   24    0  -18   -1    3  -15   12
  -6   -7  -17    9  -13    0   -5   -1
   6    1    7    0   87   -3  -10   27
  -1   -7   -1   -7   -4   -6  -12   -1
 -20  -10   -1  -18    9   18    3    0
   9    9    9   23    9   -3  -17   -3
   6  -64   41   -3  -12    0  -12   11
   3   -3    7    1   -2    6   10    7
   1   25    0  -20   -3    4  -18   13
  -7   -8  -17   12   -9    0   -4    0
   7    5    9    0   86   -6  -10   27
  -1   -9    0   -5   -1  -10  -10    0
 -21  -12    0  -19    9   18    3    0
  10    9   11   20   10   -5  -15    0
   7  -65   39   -3  -13    0  -12   10
   2   -3    8    1   -3    5   10    6
   0   25   -1  -21   -3    4  -19   12
  -9   -7  -16   13   -9    1   -5    0
   7    6   11    0   87   -4  -10   26
  -1   -9    0   -6   -1   -9   -8    0
 -21  -11    0  -17   10   18    3    0
   9   10   10   21   12   -5  -15    0
   9  -53   36  -10  -10    0  -11   13
   1   -8    7    0   -7    6    6    6
   1   28    6  -23  -11    2  -18   14
  -9  -10  -16    8   -4    3    3   -3
   9    6   11    4   80   -4  -12   31
  -4  -13   -4   -9    5   -6   -8   -2
 -16  -13    0  -19   11   15    0   -4
   6   10   12   14   14   -2  -11    0
  14  -36   29  -19   -6    0   -6   14
   0  -11    6   -5  -14    5    4    4
   4   27   16  -27  -23   -2  -15   14
  -7  -14  -18    3   -1    3   15  -10
  11    7   11   11   73   -1  -12   38
  -9  -13   -9  -15   10    0   -8   -4
  -7  -11   -1  -18   13   10   -5  -10
   2   14   11    6   11    4  -12    0
   9  -47   36  -12   -7    1  -12   16
   2   -6    3    0   -9    6    7    5
   0   27    6  -22   -9    1  -13   12
  -9   -9  -17    2   -6    3    4   -5
   8    0   10    4   78   -3  -11   32
  -4  -12   -6   -9    6   -5  -11   -1
 -14  -10   -1  -16   10   13    2   -6
   2    8   11   14   14   -1  -13   -2
   9  -46   35  -18   -5    3  -13   16
   5   -3    1    0  -13    7   13    2
   2   26   10  -21  -11    0   -9   14
  -5   -8  -17   -1  -10    3    5   -9
   9   -2    8    6   87    0  -11   36
  -5   -9   -9  -12    3    5  -16   -4
 -10   -9   -3  -17   10   13   -1   -7
   1   10    9   16   11    3  -21   -7
   8  -56   39  -12   -8    3  -13   13
   5   -1    3    0   -8    7   15    3
   2   25    5  -20   -7    1  -12   13
  -4   -8  -18    4  -13    1    0   -6
   8    0    7    2   90   -2  -10   32
  -2   -8   -5  -10   -1    0  -15   -3
 -15  -10   -3  -18   10   16    0   -2
   6   10    9   20    9    0  -20   -5
   8  -56   38   -6  -11   -2  -13   15
   1   -6    7    3   -6    5    5    8
  -1   28    3  -20   -6    4  -17   11
 -10   -8  -16    6   -3    3   -2   -1
   8    4   12    0   78   -4  -12   26
  -2  -14   -1   -5    4  -11   -8    0
 -18  -12   -1  -17   10   14    4   -2
   4    8   12   16   17   -7   -8    0
   7  -59   38   -2  -12   -1  -11   10
   2   -4    8    2   -3    4    7    8
   0   26    0  -20   -2    4  -20   11
  -8   -8  -16   11   -5    1   -4    0
   8    5   11    0   77   -5  -10   23
  -2  -11    0   -5    0  -13   -6    0
 -20  -12    0  -17    9   17    5    0
   8    9   11   19   13   -7   -8    0
   7  -61   39   -6  -11    1  -13   10
   3   -2    6    0   -4    6   12    5
   1   25    0  -20   -3    4  -17   13
  -7   -7  -17   10  -10    1   -3   -1
   8    4    9    1   85   -3  -10   28
  -1   -9   -1   -8   -2   -6  -11   -1
 -19  -11    0  -18   10   18    3    0
   8   10   10   21   10   -4  -15   -2
   7  -63   39   -5  -13    1  -11    9
   3   -1    7   -1   -4    5   12    5
   1   24    0  -22   -4    3  -18   12
  -7   -8  -17   12  -11    1   -2   -2
   8    6   10    1   88   -3   -9   28
  -1   -7   -1   -8   -3   -5   -9   -1
 -19  -11    0  -17   11   18    2    0
   8   11    9   21    9   -3  -16   -1
   7  -57   37   -3  -12    0  -11   10
   2   -4    7    0   -4    5    7    7
   0   25    0  -21   -3    4  -20   11
  -9   -8  -16   12   -6    1   -2    0
   8    5   11    1   77   -5   -9   26
  -2  -10   -1   -7    0  -12   -6    0
 -19  -11    0  -17   10   18    5   -1
   8   10   11   18   11   -5  -10    0
   6  -65   41   -1  -12    0  -13   10
   2   -3    7    2   -1    6    9    7
   0   25   -2  -19    0    5  -19   12
  -8   -7  -16   13   -8    1   -6    1
   6    5    9   -1   84   -6  -10   25
   0   -9    0   -5   -1  -12   -9    0
 -22  -12    0  -18    8   18    5    1
  10    8   11   21   12   -7  -14    0
  12  -40   30  -15   -8   -1   -9   16
   0  -12    6   -1  -11    5    0    6
   0   29   11  -26  -18    1  -16   13
 -11  -12  -16    4    1    5   11   -5
  11    7   12    8   69   -3  -12   35
  -7  -16   -7  -12   12   -6   -7   -3
 -11  -12    0  -17   13   10    0   -8
   2   10   13    6   16    0   -7    2
  12  -35   25  -14   -8   -1   -6   16
  -1  -10    5   -3  -10    4   -1    5
  -1   25    7  -26  -16    2  -14    8
 -13  -11  -16    3    0    7   14   -6
  10    7   12    9   62   -3   -9   32
  -7  -12   -9  -11   11   -8   -6   -1
  -8   -6    1  -10   14    8    2  -10
  -1    8   13    4   16   -1   -7    3
  10  -46   34  -14   -7    0  -10   16
   2   -8    4    0  -11    6    6    5
   0   27    9  -23  -13    1  -13   12
  -9  -10  -17    3   -4    3    7   -7
  10    3   11    6   79   -3  -12   33
  -6  -13   -7  -10    7   -3  -10   -2
 -12  -10   -1  -16   11   12    0   -7
   0   10   11   12   15    0  -13   -1
  10  -42   35  -18   -5    3  -13   17
   4   -5    1    0  -13    7   10    3
   1   27   11  -22  -13    0   -8   13
  -6   -9  -17   -2   -7    3    7   -9
   9   -2    8    7   81   -1  -11   35
  -5  -11   -9  -12    6    2  -15   -3
 -10   -9   -3  -16   10   11    0   -8
   0    9   10   14   13    2  -17   -5
  10  -46   36  -19   -6    3  -12   16
   4   -2    1   -1  -13    8   14    1
   3   26   12  -22  -13    0   -9   14
  -4   -9  -18   -1  -10    3    6  -10
   9   -1    7    7   88    0  -11   36
  -4   -9   -9  -13    2    6  -17   -4
  -9   -9   -3  -17   11   12   -2   -6
   2   11    9   16   10    4  -21   -6
   5  -70   41   -5  -12    0  -12   11
   3    0    7    1   -4    4   14    4
  -1   24    0  -19   -3    3  -16   11
  -6   -6  -17   11  -13    0   -8   -2
   6    6   10   -1   98   -2  -10   26
   0   -7    0   -4   -4   -2  -10   -1
 -20  -10    0  -17   10   18    0    3
   7   10    8   23   12   -5  -20    0
   5  -71   41   -4  -12    0  -12   10
   3    0    7    1   -3    4   15    5
   0   23   -1  -18   -2    4  -17   12
  -6   -7  -16   11  -13    0  -10   -1
   5    4    9   -2   95   -2  -10   24
   0   -7    1   -4   -5   -4  -10   -1
 -21  -10    0  -17   10   18    1    4
  10   10    9   23   10   -5  -20    0
   6  -69   42   -1  -14    0  -12    9
   3    0    8    1   -1    4   12    6
   0   24   -2  -18    0    5  -19   11
  -8   -7  -16   13  -11    0   -8    1
   6    5   10   -2   89   -4  -10   22
   0   -8    1   -4   -4  -10   -8    0
 -23  -11    0  -17    9   19    4    3
  10   10   10   23   11   -7  -15    0
   6  -68   42   -2  -13    1  -13    9
   4    0    7    1   -1    5   14    6
   0   24   -2  -18    0    5  -17   12
  -7   -7  -16   12  -13    0   -7    0
   6    3    9   -2   89   -4  -10   24
   0   -8    0   -5   -5   -8  -10    0
 -22  -11   -1  -17    9   20    4    2
  10   10   10   25   10   -6  -17   -2
   6  -60   40   -4  -12    0  -13   11
   3   -2    7    1   -3    6    9    7
   0   26    0  -19   -2    4  -17   12
  -7   -8  -17   10   -8    1   -4    0
   8    4    9    0   79   -4  -10   26
  -1  -11    0   -6   -1  -10   -9    0
 -19  -11   -1  -18    9   17    5    0
   8    9   11   20   11   -6  -10    0
  10  -45   31  -11   -9   -1   -8   13
   0  -11    7   -1   -9    5    0    7
   0   28    8  -26  -15    1  -19   12
 -11  -11  -16    8    0    4    8   -3
  10    8   13    7   72   -4  -11   33
  -6  -14   -5  -10    9   -8   -5   -2
 -13  -12    0  -17   12   13    0   -6
   3   11   13    9   15   -1   -8    2
  11  -41   29  -11   -8   -2   -6   13
   0  -13    8   -2   -9    3   -1    8
   1   27    8  -26  -17    0  -19   12
 -11  -13  -16    8    1    4   10   -4
  10    9   13    7   68   -5  -10   32
  -7  -15   -5  -10   11  -10   -3   -2
 -12  -12    0  -17   12   12    0   -7
   3   11   13    6   15   -1   -6    4
  10  -35   24  -11   -8    0   -6   13
   0  -10    6   -3   -8    4   -1    6
   0   24    4  -25  -13    2  -15    7
 -11  -10  -16    6    0    6   12   -4
  10    6   10    8   62   -4   -7   31
  -7  -10   -9  -11    9  -10   -5   -2
  -9   -6    2  -11   12   10    4  -10
   0    8   12    5   13    0   -9    3
  12  -38   30  -18   -8    0   -8   17
   0   -8    4   -3  -12    6    4    3
   0   26   12  -25  -18    0  -11   11
 -10  -11  -17    1   -3    5   13   -9
  10    5   11    9   72   -1  -11   35
  -7  -12  -10  -13    9   -1  -10   -2
  -8   -7    0  -13   14    8   -1  -10
  -1   10   12    8   15    1  -12    0
  10  -44   32  -18   -6    1  -11   17
   3   -5    2   -1  -13    6    9    2
   0   26   11  -23  -14    0   -9   12
  -7   -9  -17    0   -7    4    8   -9
   9    0    9    7   83    0  -11   35
  -5  -11   -9  -12    5    3  -13   -3
  -9   -8   -2  -15   11   11   -2   -7
   0   10   10   13   14    2  -17   -4
   9  -50   35  -16   -7    2  -11   14
   4   -2    3   -2  -11    6   13    2
   2   25    9  -22  -12    0  -11   13
  -4   -9  -18    2  -11    2    4   -9
   9    1    8    6   88    0  -10   34
  -4   -8   -7  -12    0    4  -14   -3
 -11   -9   -2  -17   12   14   -2   -4
   3   12    9   16    9    3  -20   -4
   9  -51   37  -16   -7    2  -13   16
   4   -3    2    0  -11    7   12    3
   0   27    9  -21  -11    0  -10   13
  -6   -8  -17    0  -10    3    4   -8
   9    0    9    5   88   -1  -11   34
  -4  -10   -7  -11    2    3  -15   -3
 -12  -10   -3  -17   11   13   -2   -5
   2   10    9   16   13    1  -19   -5
   7  -60   41  -10  -10    4  -13   12
   4    1    4   -1   -6    8   18    3
   3   24    4  -19   -6    2  -12   14
  -3   -8  -18    6  -15    0   -3   -5
   7    1    5    2   92   -1  -11   31
  -1   -6   -3  -10   -5    2  -17   -3
 -16   -9   -3  -18   10   17    0    0
  10   11    8   22    6    0  -22   -5
   6  -68   40   -4  -13    0  -11   10
   3    0    7    0   -3    4   14    5
   0   23   -1  -20   -3    3  -18   11
  -6   -7  -17   12  -13    0   -7   -1
   6    6    9    0   92   -3   -9   26
   0   -6    1   -5   -5   -5   -9   -1
 -21  -10    0  -17   11   19    1    3
   9   11    9   22    9   -4  -19    0
   6  -70   40   -4  -12    0  -12   10
   3    0    8    1   -3    4   15    5
   0   23   -1  -19   -2    4  -18   12
  -6   -7  -16   11  -13    0   -9   -1
   6    5    9   -2   95   -2  -10   25
   0   -7    1   -5   -6   -3  -10   -1
 -21  -10    0  -17   10   19    1    4
  10   10    8   23   10   -5  -20   -1
   6  -66   41   -3  -13    1  -13    9
   3    0    7    0   -2    5   13    6
   1   24   -2  -18    0    4  -18   12
  -7   -7  -17   12  -12    0   -7    0
   6    3    8   -1   88   -3   -9   25
   0   -7    0   -6   -5   -7  -10   -1
 -21  -10    0  -17    9   19    4    2
  10   10    9   23   10   -5  -17   -2
   7  -67   41   -3  -13    0  -13   10
   3    0    7    1   -3    4   13    6
   0   24   -1  -19   -1    4  -18   11
  -8   -7  -16   11  -11    0   -7    0
   6    4   10   -1   88   -3  -10   24
  -1   -8    0   -5   -4   -8   -9    0
 -22  -11    0  -17   10   19    4    2
   9   10   10   23   11   -5  -16   -1
   9  -43   30   -9  -10    0   -8   13
   0   -9    7   -1   -8    4    0    7
   0   26    4  -25  -11    2  -17    9
 -11  -10  -16    7    0    4    8   -3
  10    6   12    5   68   -5   -9   31
  -6  -12   -6  -10    8  -10   -5   -1
 -13   -9    1  -14   12   12    4   -7
   2    9   12    9   15   -2   -8    2
  10  -34   27  -13   -5    3   -8   12
   3   -6    3   -3  -10    4    4    5
   1   23    4  -22   -9    0  -10    9
  -7   -9  -16    2   -6    4   10   -6
   9    0    8    8   68   -2   -6   32
  -7   -7  -10  -12    5   -4  -10   -3
  -9   -6    0  -11   10   12    3   -9
   1    8   10   10   10    2  -15   -2
  10  -37   27  -15   -7    2   -8   14
   1   -6    3   -4  -10    5    4    4
   1   24    7  -24  -12    1  -10   10
  -8   -9  -16    2   -5    5   11   -7
  10    2    8    8   70   -2   -8   34
  -7   -8  -10  -13    5   -2  -10   -3
  -8   -6    0  -12   12   10    1   -9
   0    9   11    9   12    1  -14   -1
  11  -37   31  -19   -4    5  -11   15
   4   -3    0   -3  -14    7   11    2
   4   25   12  -22  -13   -1   -7   13
  -4   -9  -17   -3   -9    4   10  -11
  10   -3    6    9   79    0   -9   37
  -6   -8  -11  -15    4    5  -16   -5
  -6   -7   -3  -14   11   11   -1   -9
   1   10    9   13    9    6  -20   -7
  10  -38   29  -18   -5    4  -11   15
   3   -4    1   -3  -12    7    8    2
   1   25    9  -22  -12    0   -7   11
  -6   -8  -17   -1   -8    5   10   -9
  10   -1    7    8   78    0   -8   35
  -6   -8  -11  -13    4    2  -14   -4
  -7   -6   -1  -13   11   10    0   -9
   0    9    9   12   11    3  -19   -5
   8  -48   36  -15   -6    4  -12   14
   4   -2    1   -1  -11    7   13    3
   2   25    8  -20  -10    0   -9   13
  -4   -8  -17    0  -11    2    4   -8
   9   -1    6    5   86   -1  -10   34
  -4   -8   -7  -12    1    2  -16   -3
 -11   -8   -3  -17   10   13    0   -5
   3   10    9   17   10    2  -20   -6
  10  -44   34  -17   -6    3  -12   16
   3   -4    1   -1  -12    7   10    3
   1   26   10  -22  -12    0   -9   13
  -6   -9  -17    0   -8    4    7   -9
   9    0    8    7   82   -1  -11   36
  -5  -10   -9  -13    4    2  -15   -3
 -10   -8   -2  -16   11   12    0   -7
   1   10   10   14   12    2  -18   -5
   6  -63   40   -8  -11    2  -12   11
   4    0    5    0   -5    5   15    4
   1   23    2  -19   -5    2  -14   12
  -5   -7  -17    8  -14    0   -4   -4
   6    2    8    0   93   -2  -10   28
  -1   -6   -1   -7   -4   -1  -13   -2
 -18   -9   -1  -17   10   18    0    0
   8   11    8   22    9   -2  -21   -3
   5  -72   39   -4  -12   -1  -12   12
   2   -1    8    3   -3    4   12    5
  -2   25   -1  -19   -3    5  -17   11
  -9   -6  -16   11  -10    1   -9    0
   6    6   11   -3   97   -3  -11   24
   0   -9    1   -3   -3   -5   -9    0
 -21  -11    0  -17   10   17    1    3
   7    9    9   22   15   -7  -18    0
   6  -64   39   -4  -12    1  -10    9
   3    0    7    0   -3    5   14    5
   2   22    0  -20   -4    3  -18   12
  -5   -8  -17   12  -12    0   -6   -2
   7    4    7    0   89   -3   -9   27
   0   -6    0   -7   -5   -4  -10   -1
 -19   -9    0  -17   11   19    2    2
  11   11    9   21    6   -3  -19   -1
   4  -79   40   -1  -12   -3  -12   10
   2    0   10    6   -2    2   15    5
  -2   23   -3  -16    0    5  -19   10
  -9   -6  -14   12  -11    0  -18    1
   4    5   10   -6  102   -1  -12   18
   3   -7    5    0   -6   -4   -7    0
 -24  -11    0  -15    8   17    1    9
   9    9    8   24   15   -9  -21    1
   8  -63   39   -5  -13    2  -10    8
   3    0    7   -3   -3    5   15    4
   2   22    0  -21   -4    2  -18   13
  -5   -8  -17   13  -14    0   -3   -2
   7    6    8    1   87   -2   -8   27
  -2   -6    0   -8   -6   -4  -10   -2
 -18  -10    0  -17   12   19    1    1
  11   13    8   22    5   -1  -18   -1
  10  -41   31  -15   -8    0  -10   17
   0   -8    4   -1  -10    6    2    5
  -1   27    8  -24  -14    2  -12   10
 -11  -10  -17    2   -2    6   10   -6
  10    5   11    7   71   -3  -11   33
  -6  -13   -9  -10    9   -5  -10   -1
 -10   -7    0  -13   12    9    1   -9
  -1    8   13    8   17   -2  -10    0
   8  -41   32  -13   -6    4  -12   13
   4   -4    1   -1   -9    6    9    4
   2   24    4  -20   -6    1   -9   11
  -5   -7  -16    1   -9    3    6   -6
   9   -2    6    5   77   -2   -8   33
  -5   -7   -9  -12    2   -1  -14   -3
 -11   -7   -2  -14    9   13    3   -7
   2    8    9   15   11    2  -18   -5
   9  -37   30  -14   -5    5  -11   13
   4   -3    1   -2  -10    6    8    4
   2   24    5  -20   -8    0   -8   11
  -5   -8  -16    0   -9    3    8   -7
   9   -3    6    7   73   -2   -7   33
  -6   -6  -10  -13    3    0  -14   -3
  -9   -6   -1  -13    9   13    3   -8
   2    8    9   13    9    3  -18   -5
  10  -38   30  -18   -6    3  -10   15
   3   -5    1   -3  -12    7    8    2
   2   25    9  -22  -13    0   -8   11
  -6   -9  -17    0   -7    4   10   -9
  10    0    7    8   76   -1   -9   35
  -6   -9  -10  -13    4    2  -14   -3
  -7   -6   -2  -14   11   10    0   -9
   0    9   10   11   11    3  -17   -4
  10  -27   23  -17   -1    5   -9   13
   4   -6    0   -3  -13    4    5    4
   2   22    6  -21  -10   -1   -5    9
  -6   -8  -14   -3   -7    5   13   -9
   9   -5    5   10   67   -1   -5   35
  -8   -4  -14  -14    7    1  -13   -5
  -4   -4    0   -9    9   10    2  -12
   0    7    9    8   11    6  -20   -5
   8  -51   36  -14   -8    2  -12   15
   3   -4    3    0   -9    7   10    3
   0   26    7  -21  -10    1  -11   12
  -6   -8  -17    3   -9    3    4   -6
   9    1    8    4   86   -2  -11   33
  -4  -10   -7  -10    2    0  -14   -2
 -12   -9   -2  -17   10   13    0   -5
   2   10   10   16   13    0  -18   -4
  10  -40   31  -17   -5    4  -11   14
   4   -5    1   -2  -12    6    9    3
   2   25    8  -22  -11    0   -9   12
  -6   -8  -17    0   -8    4    9   -9
  10   -1    7    7   79   -1   -8   36
  -6   -8  -10  -13    3    2  -14   -4
  -8   -7   -2  -14   11   12    0   -8
   1   10    9   13   11    4  -19   -5
   7  -59   38   -9  -10    2  -11   11
   4    0    5   -1   -6    6   14    3
   2   24    3  -20   -6    2  -14   13
  -5   -8  -18    8  -13    1   -1   -5
   8    3    7    2   89   -2   -9   30
  -2   -6   -3   -9   -3    0  -13   -2
 -16   -9   -1  -17   11   17    0   -1
   8   11    8   20    7    0  -20   -3
   6  -66   41   -6  -12    1  -12   11
   3    0    6    0   -4    6   14    4
   1   24    1  -20   -5    3  -16   13
  -6   -7  -18   10  -12    1   -5   -3
   7    5    8    0   92   -3  -11   28
   0   -7    0   -7   -3   -3  -12   -1
 -19  -11    0  -18   11   17    0    1
   9   10    9   21    9   -3  -19   -1
   7  -62   40  -10  -10    2  -12   12
   4    0    4    0   -6    7   15    3
   1   24    3  -20   -6    2  -13   13
  -4   -7  -18    8  -14    1   -2   -5
   7    3    7    1   93   -2  -10   31
  -1   -6   -2   -8   -4    0  -14   -2
 -16  -10   -2  -19   10   17    0    0
   8   11    8   21    8   -1  -21   -3
   5  -76   39   -3  -11   -2  -12   10
   3    3    9    3   -3    1   18    4
   0   21   -1  -16   -2    4  -18   11
  -6   -7  -15   10  -13   -1  -17   -1
   4    3    8   -4  101    0  -11   20
   3   -6    4   -2   -8    0   -9    0
 -22   -9   -1  -15   10   18    0    9
  10   11    7   24   11   -6  -23    0
   7  -62   38   -4  -14   -1  -11   11
   1   -4    9    1   -4    4    7    7
  -1   26    0  -22   -4    5  -20   11
 -11   -8  -16   12   -5    2   -3    0
   9    7   13    0   83   -4  -11   25
  -2  -11    0   -6    0  -11   -6    0
 -21  -11    1  -16   11   16    4    0
   6    9   12   18   15   -7  -10    1
