00000005
00000001
00000003
000000FF
00000001
00000002
00000000
000000FF
00000004
00000002
00000000
000000FE
00000002
00000000
00000001
00000000
00000000
00000002
00000001
00000003
00000000
00000001
00000004
00000000
000000FE
000000FF
000000FE
00000003
00000003
00000004
00000001
00000002
00000004
00000000
000000FC
00000002
000000FE
00000003
00000003
00000003
00000003
000000FF
000000FD
00000001
00000004
00000002
000000FD
00000003
00000001
00000001
000000FE
00000003
00000001
00000000
000000FD
00000001
00000001
00000004
00000000
00000001
00000000
00000001
000000FC
00000003
00000001
00000002
00000001
00000000
00000003
00000003
000000FF
00000005
00000000
00000004
00000003
000000FE
00000002
00000002
000000FE
00000002
00000001
000000FE
00000000
00000004
000000FE
000000FE
00000001
00000005
00000001
00000004
000000FF
00000000
000000FF
00000003
00000001
00000000
00000002
000000FD
00000000
00000000
000000FE
000000FF
00000001
00000002
00000000
00000000
000000FD
000000FE
00000000
00000002
00000002
000000FF
000000FE
000000FF
00000004
00000002
000000FF
00000001
000000FF
000000FD
00000002
00000002
00000001
00000001
00000000
00000003
000000FE
00000000
