Shape: torch.Size([1, 144, 64])
Range: [-103, 127]
Mean: -0.1031

量化值陣列:
   7    6  -58   -4    4    7  -47  -18
  -3    6  -30   18   15   -9   -7   -7
   3  -27  -25  -16   42    3  -12   25
 -11   19  -13    0    0   15  103  -31
 -27    0   17  -16  108    5    2  -31
  -9  -15  -13   38   -3  -12   20    4
   8  -13    6   -5   10  -12    8   -3
   0   -1   15    0   33   45  -51  -51
  14   10  -63  -12    9   14  -44  -19
   0   -2  -30   27   20  -13   -7  -11
   0  -24  -31  -21   49    7   -9   26
 -11    7  -32    9   -6    9  105  -40
 -18    1   -8  -13  101   17    4  -32
  -6   -9  -21   41   -1   -8   25    5
   9   -8   -5  -10   12  -11    6    8
   0   -2    0    9   32   48  -45  -51
   8    9  -54    5   12    4  -53  -20
  10   -3  -35   10    1  -14  -10  -22
  -1  -26  -29  -16   44    7   -2   30
  -5   10  -30    6   -4    0  104  -31
 -16    5    4  -22  109    1   -6  -26
  -8    1  -20   36  -10   -8   28    4
   7    0    0  -16   15   -9    5    4
   0    6    3   15   35   39  -47  -51
  19    6  -58   -8   10    4  -43  -15
   2   -1  -41   27    7  -10  -15  -14
  -1  -26  -34  -15   45    3   -5   18
  -7   16  -30    7   -6   16  104  -44
 -23    5   -1  -18  109    5    4  -22
 -15   -3   -5   32    0   -8   20    8
  14  -13   -4  -26    0   -4    9   10
  -1    4   12   11   33   44  -49  -42
   7    1  -63    1    5    0  -51  -21
   4    2  -35    2    7  -12  -14   -9
   9  -29  -27  -14   35   15  -13   31
  -6    8  -41    0   -1    4  112  -26
 -18    9    8  -27  102   14    7  -30
 -16   -5   -9   33    1  -10   16    9
  10  -10    4   -8   13   -5    7    5
  -4    0   17   17   19   50  -51  -48
  10   -1  -70   -8   11    3  -46  -20
   2   -4  -28   17   21  -10    0   -3
   2  -22  -30  -16   34    7  -10   16
  -8    7  -20   -5   -5    0  109  -30
 -20    7    0  -21  108   13    4  -23
  -8   -6  -24   37    0   -8   22   12
   9  -13   -7  -10    8   -1    8   11
  -6    2   17   14   22   54  -51  -53
  -5    2  -69    2   11    7  -46   -8
   6   -2  -30   14   10  -14    6  -10
   2  -25  -27   -8   41    3  -20   22
 -14    4  -27    5   -1    0  111  -32
 -13    4    4  -14  108   12   -1  -27
 -11   -7   -8   27    0   -8   20   12
   9   -9   -8   -5    3   -7   11   11
  -1    0   10   11   21   47  -54  -53
  14    1  -68   -1   10    9  -44   -9
   5    2  -32    5    5   -7   -3  -10
  -1  -28  -38   -9   39   -2  -10   22
 -12    7  -17    0   -1    2  112  -25
 -19    8   -6  -19  110    9   -1  -25
  -4   -7  -17   27   -9   -2   18    0
   7  -12   -5  -14    5   -1   21   13
  -3   -2   19   14   23   49  -49  -42
   7    1  -66    4    8   11  -43  -24
   0    0  -24    4   15   -6   -6   -8
   0  -27  -32   -8   32    0  -12   21
  -7    0  -22    3   -3    4  114  -24
 -21    8   -5  -21  109   12   -1  -20
 -14   -3  -10   31   -1    4   17    5
   4   -9  -19  -14   12    5    9    6
  -9    2   23    5   20   50  -55  -46
   6    1  -69   -8   10    0  -39  -13
   5    5  -38    8   14  -11   -4   -4
   9  -20  -34  -13   31   10  -16   13
  -8    9  -18    4    4   -8  108  -24
 -16   -5    1  -29  110    7   -7  -20
 -16   -8   -1   19    5  -11    9   12
   9  -13  -13  -18   13   -4    9    8
   3    7   28   16   26   58  -58  -50
  12    5  -67   -1   15    3  -37  -17
  13    0  -29   11    9  -22    1    0
   2  -26  -26  -14   35   12  -11   22
 -10    2  -12    3   -9   -6  112  -26
  -8    7  -13  -29  107   14   -1  -32
 -15  -16   -3   20  -11    1   17   10
   5   -9  -18   -9   12    3   14   14
  -7   -1   17    5   25   49  -58  -50
  17    5  -64    0    8   10  -35  -14
  15   -5  -27    9   14   -2    3   -1
   2  -25  -31   -7   29    9  -14   14
  -8   -7  -24    2    2   -5  113  -29
 -16   -4   -3  -36  110   13    0  -17
 -17  -11   -6   19   -7   -5    2   -2
   8   -5  -16  -17   20   -2    7    2
  -1   10   29   18   18   53  -58  -50
   1   -4  -56   12   23    1  -26  -18
  12    2  -30   11    9  -13   -1    2
  13  -36  -43  -11   37   -3   -6   13
 -12   -3  -14   -7   -5   -8  118  -20
  -7   10  -15  -10  107    8  -18  -10
  -9   -7   -5   22   -8   -7    2   14
   1   -8  -22  -13   25   -5   -2   12
  -9    2   25    4   22   54  -57  -41
   0    0  -59   -3   17    0  -47  -10
   9   -1  -42   19   18   -4   -5   -7
   9  -25  -29   -6   34    8  -12   18
  -8   -6  -12   -1    0   -3  109  -24
 -18   10  -14  -23  112   -1  -17  -20
 -12  -10   -3   34   -8    1   17    3
   4   -1  -13  -18    9   -2   10    7
  -1    7   24   11   24   46  -57  -51
  17   -4  -63    2   12    2  -24  -16
  12    0  -29    4   10   -4    0   -3
  15  -26  -42  -16   31    3  -14   16
 -13    5  -18    5   -2    0  113  -26
 -11    8  -19  -18  114    1  -12  -21
 -15  -13   -3   22   -2  -20   16    6
  -1   -8  -16  -15   23   -4    6    5
  -6    8   15   16   22   58  -52  -40
   8    1  -62   -1   14   -6  -37  -22
   8   -5  -28    5   16   -5    8    1
   5  -31  -34  -16   32    0  -17   20
  -3    1  -27    1   -4   -6  116  -22
 -12    1  -12  -27  109    0   -7  -21
  -9   -8   -2   25    0    0   11    3
   4   -5  -14  -18   24   -5    5   12
  -2   10   24   10   21   53  -56  -47
   3    8  -63    1   15    3  -39  -17
  11   -8  -28   18   17    0   -3   -7
   8  -31  -35  -11   30    8  -12   15
  -9    0   -8    0   -6  -11  112  -26
  -6    1  -12  -24  113   15  -14   -9
 -24  -14   -1   15    0   -7   11   12
   1   -4  -24  -14   22   -8   13    5
 -12    2   34    4   18   49  -56  -34
   8   -3  -62   -6   22    0  -31  -29
  16   -1  -28   11    2   -8    7   -2
   6  -31  -33   -9   30    9  -25   10
 -11    0  -16    0   -8   -9  114  -21
 -13   -3   -6  -30  108    7    1  -20
 -14   -5    0   27   -1   -1    7    5
   7    8  -17  -12   15   -1   11    7
  -9   11   28   16   19   57  -59  -51
  -2    7  -67   -4   13    8  -32  -21
   8    0  -27    4    1   -6    7   -4
   8  -25  -44   -5   26    2  -21   14
  -7   -1  -17   -3  -13  -11  118  -22
  -8   -1  -15  -31  109   15    2  -12
 -16  -14    1   18   -7   -3    7    4
  -4    3  -17  -11   17    7    9   11
 -12    5   37   12   20   57  -52  -42
  -1    1  -68   -1   17   -4  -32  -24
  18  -13  -15   13    8   -9    1    2
  10  -27  -37   -8   28    5  -14   13
 -11   -2  -13    2  -11   -6  119  -21
  -8    2  -10  -24  108    5   -1  -16
 -12  -24    2   18    0    0    4   11
  -6    0  -25  -17   16    2   11    9
  -9    9   33    7   25   54  -51  -50
   0    5  -64   -2   13    3  -24  -17
  15    0  -23   11    5  -17   13    1
   1  -28  -36   -8   28   13  -26   10
 -12    2  -15   -7   -7   -2  114  -21
  -3   -5  -16  -32  113   10   -4  -22
 -16  -13   -2   22   -9   -6    6    5
   3   -1  -22   -9   15    0   17    9
 -16    8   31   21   19   56  -55  -43
   2    1  -64   -8   16    5  -27  -17
   9    3  -26   11    8  -14    8    2
  13  -29  -35  -15   31    0  -16   13
 -11   -6  -17   -7   -9  -12  115  -20
  -7   -6   -7  -31  110   16   -9  -15
  -5  -11   -2   21   -2  -12   11    0
  -1    5  -20  -10   24    0   10   13
 -11    3   29   11   17   62  -57  -39
   7    8  -67   -1   14    1  -25  -21
  16   -1  -25    2    2  -21    2   -2
  10  -32  -41   -4   29    5  -14    4
 -12    2  -20   -7   -3   -6  114  -25
  -2    5  -19  -31  112    5   -6  -14
 -12  -20   -2   17    0    3    5    5
   3    6  -21  -11   11    8   11   11
  -9    8   34   19   21   48  -54  -43
   6   -2  -66   -2   13   -4  -24  -26
  13    2  -24    7    7  -12   16    1
   6  -35  -46   -7   27    2  -19   14
  -9   -5  -14   -5   -7   -7  117  -19
  -5    3  -20  -23  108    8   -8  -14
 -20  -20    4   20   -4   -2    2    6
   6    5  -23  -16   21   11    6   10
  -6    4   38   17   18   50  -55  -40
   1   -7  -64    0   21   -3  -23  -12
  19   -3  -19    6   16   -9   12   -2
  11  -33  -29   -9   29    9  -15   14
 -11   -8  -15   -6    0  -10  121  -20
  -1    5  -18  -27  110    0  -19  -14
 -11  -13   -6   35   -7  -17   -4    3
  -2    9  -20   -9   26   -2   17    9
 -17    4   21   11   10   45  -55  -37
  10    0  -54   -7   17    4  -25  -19
  19   -1  -29   12    8  -10    3   -7
   5  -33  -39   -9   19    9  -16   10
 -12   -8  -11   -3   -1   -4  118  -16
 -10    5  -17  -28  115   10    0  -20
 -11  -15   -2   23  -10   -9   -1   -2
   9    5  -14   -9    5    2    8   15
  -5    2   31    8   12   53  -56  -37
  -1    1  -63    6   21    9  -19  -14
  19    8  -24    1    3  -10    9    2
   5  -31  -42  -10   28   13  -23    7
 -14   -5   -9    2   -3   -3  118  -27
  -1   -6  -10  -21  110    3  -13  -12
 -12  -13   -2   20   -3  -12    1   -1
  -5    0  -17  -15   17    0   10   15
  -8    6   35    8   12   50  -57  -44
   6    0  -66    9   21    2  -20  -21
  12    0  -31   10   11  -18    0    1
   5  -26  -37   -8   26    4  -20   10
  -9  -11  -13   -1   -5   -7  122  -25
  -5    0  -18  -33  100   11   -5  -14
 -11  -16   -3   19    3  -10    2   -5
   3   11  -24  -10   14    4   12   10
 -13   13   32   15   12   63  -59  -44
  14    0  -59    0   16    0  -26  -21
  21   -2  -26   24    9  -17    8   -1
  10  -31  -46   -2   28   -2  -19    5
 -11   -2  -19   -1   -9   -7  116  -20
  -5    1  -16  -35  105    8   -1  -15
 -17   -7    0   18    7   -2    0   -1
  -4    9  -16   -9   18    2    8   14
 -17    4   32   14   19   57  -62  -42
   3    1  -62    4   15   10  -24  -21
  11    0  -29    7    7  -16    8   -1
   7  -33  -41   -9   28    0  -24    4
 -11  -14  -14    0  -12   -4  116  -20
  -5   -1  -19  -17  106    5   -8  -26
  -6  -13    2   23    0    0    5    1
   1   15  -18   -3   14    8   15   12
 -13    7   32   15   18   59  -59  -42
   5   -9  -62    8   20   -1  -13  -15
  20    9  -18    7    7  -22   -2    0
   4  -34  -45   -4   33    0  -18    7
 -13   -4  -11   -4  -10    4  115  -22
  -2  -11  -19  -26   98    1  -23  -17
 -10   -9    0   12    9   -6   13    6
  -1    0  -16   -1   19    7    1   12
 -15    4   38   15   38   62  -66  -42
   3  -16  -55   11   22   -2  -27    0
   9    8   14   20    0  -57    6   -3
   9  -47  -41  -10   35    4  -20    6
 -27  -17  -11    3    0   15  111  -20
   9   -1    1  -16   98   -4  -22  -11
 -25   -5    7   30    8  -11    1  -11
  -2    5   -9    4    8   24    0    3
 -22   -1   33   24   15   53  -43  -44
   1    0  -71   -2   22    6  -30  -17
  14    4  -18    9    3  -17    8    1
   8  -35  -39   -9   36    0  -20    7
 -18    1  -16   -7   -9   -7  117  -17
  -8    7  -18  -23  105    3  -12  -15
 -20  -12    0   24    2   -6    1    5
  -1    7  -17   -8   23    5    9    9
  -7    8   37   23   18   46  -56  -41
  10   -3  -72    3   14   -6  -26  -26
  19   -7  -21   15    3  -14   14    0
   4  -33  -40   -8   25   -6  -12    0
  -9    0  -12  -11   -1    2  115  -17
  -2   -2  -11  -22  107    6   -1  -13
 -13   -6   -8   22    3   -6    4   -7
   0    2  -15   -8   20    6   11   12
  -8    2   40   18   14   58  -60  -44
  -6   -7  -58    3   20    3  -26  -23
  18    5  -14   13    6  -20   11    0
  13  -30  -38  -10   28    2  -16    9
 -15   -7  -14    2   -7  -10  119  -17
  -3    6  -22  -25  105    1   -2  -12
 -11  -10   -1   14   -5   -9   -1   -8
  -4    6  -14   -2   21    7   13    8
 -10    5   28   18   18   60  -61  -49
  10    0  -71    0   15    5  -27  -31
  23    4  -20   12   13  -17    8   -2
   4  -30  -37  -11   30    3  -25    9
  -8   -4   -5   -1  -11  -11  119  -14
  -5    6  -13  -23  107    8  -11  -12
 -26   -9    0   19   -2   -8   -1    1
   0    5  -21  -11   17   11    8    9
 -15   10   35   11    8   53  -54  -44
  -5  -11  -53    5   21   -6  -25  -20
   5   -1  -19   16    5  -10    4    2
   7  -40  -36   -5   30    3  -14   11
 -14    0  -25    1   -4    0  118  -16
 -10   12   -2  -24  112   -4  -11  -20
  -8  -10   -3   47  -10  -15    0    4
  -3   -2   -8   -2   20   -4    6    9
  -8    0   30    5   19   45  -54  -41
 -12    1  -51    2   21   -4  -24  -25
   7    7  -13   16    1  -15    7    1
   8  -44  -45  -14   28    3  -11   13
  -8   -9  -31    0   -2    0  118  -24
  -3    3  -13  -18  111    3   -6  -12
 -13   -4   -8   30   -1  -10   -2   -4
   0    0   -9    0   17    8    2   11
 -12    5   23    7   19   54  -53  -42
   2   -9  -59    5   13    4  -31  -24
  15    0  -26   13    3  -22    0   -2
  10  -37  -35   -5   29   10  -15    8
  -7   -2  -14   -3   -2   -2  114  -23
  -6    4   -9  -25  106    6  -22  -22
 -15  -12    0   24   -9  -14    5    0
  -3    7  -17   -1   16    2   13   14
 -12   12   33   22   14   62  -62  -32
 -11  -12  -67    0   22    0  -16  -18
  12   -2  -19   11    9  -22   12   -5
  14  -35  -40   -9   30    5  -17    5
 -15    0  -18    0   -4    0  120  -19
  -4   -2  -10  -35  106   -2   -3  -23
 -21   -4   -7   23   -4   -1    0    0
   2    0  -11   -6   22    2    6   12
  -3    7   35   13   20   56  -51  -40
  10   -8  -64    7   24    6  -29  -20
  16    1  -20   16   11  -22   -4    6
   8  -31  -42   -9   32    4  -18   11
 -14  -13  -10   -2   -7   -4  118  -18
  -1    7  -11  -23  109    0  -17  -19
 -15  -16   -8   19    4    0   -2   -4
   3    0  -18   -8   20    2   11    9
 -11    1   28   16   11   59  -53  -37
   5   -3  -63   -1   22    5  -22  -20
  12    1  -19   10    2  -19    0    1
  10  -37  -38    0   24    4  -15    1
 -11   -1  -16    3   -3    0  118   -8
 -10   -5  -12  -26  108    9  -10  -16
 -17  -16    1   25   -2    0   12    1
   2    1  -19   -4   19   -4    0    8
 -14    6   28   10   24   56  -58  -46
 -20  -27  -43    8   32   -8  -14   -6
  10   21   34   41   -4  -66   -2    3
 -10  -62  -14    7   30   20  -21   20
 -37  -10   15  -13  -18    8   75  -41
   8  -29    9  -13   37  -11  -40   -9
  13   29  -11   44   21  -23   12  -11
  -6  -12   32   53   13   27  -19   -5
 -25   -5   -1   33   75   45  -44  -17
 -28    8   29  -46   39  -22  -26  -25
 -27   -4   15  -39   33   -3   17   -2
  95  -19  -11  -14    0   52  -16    5
   0  -24   18  -15   16  -18   30   -2
  35    7  -16  -24   83    0  -12   -7
 -14  -24   29   82  -26   -2  -23    1
 -10    3  -30  -31   17  -17  -11    7
 -16   26  -28   -1  -67   -4   -3   -6
  -6  -23  -41   12   35    4  -29  -15
  15    6   22   34   16  -84   22    3
  23  -50  -35  -13   19   15   -1    7
 -33  -15  -13   24   -1   11  103   -1
  17  -16   31  -22   84  -13  -36  -12
 -17  -16    6   23   -2  -26   -5  -27
 -17    7  -11   19   35   28   -6   -1
 -18    8    0   20   -9   31  -21  -25
   1   -1  -67    3   12   -3  -21   -5
  16    8  -13   17    3  -26    4    0
   5  -36  -41  -12   35    9  -11    9
 -12   -5   -4    2   -8    0  120  -22
  -8    8  -13  -22  102    1  -14  -15
 -22  -12    0   24    0   -5    7   -8
   0    1  -21   -6   20    6    3   10
  -7    2   34   15   20   51  -58  -44
  -5   -6  -66    6   17    2  -36   -7
  19    0  -18   11   17  -24    8    0
   3  -39  -31  -13   30    0   -9   17
 -16    0  -12    3   -8    1  117  -21
   2    4   -9  -19  108    3   -6  -23
 -10  -12   -3   23   -2  -11    0    5
  -4   -6  -22   -5   12    5   11   11
 -11    6   23   18   11   54  -53  -42
   1   -2  -72    4   24    3  -25  -11
   7   -3  -17   17    2  -21    1    0
   7  -33  -40   -8   29    2  -13   10
 -20   -7  -10   -3  -14   -5  117  -15
  -5   -6  -19  -20  105    4  -17  -15
 -11  -12   -1   12    2  -14   10    0
   2    6  -14   -6   16    9   17   11
  -2    5   31   19   22   63  -54  -44
  -6   -9  -53    6   16    5  -21  -19
  -3   16  -18   21   14  -19    7    2
  13  -36  -36   -7   35   13  -12    7
  -9   -8  -18   -7    5   -6  122  -18
  -7    9  -23  -18  109   -4  -23  -23
  -6   -8   -8   22   -7   -7   -1  -13
  -4    2   -6  -11   24   -3   10   19
 -16   11   22    5   18   49  -53  -42
   1  -15  -53    2   22   -3  -27  -14
   5   -2  -19    4    0  -23    0    1
   8  -35  -44  -11   35    3  -16   14
 -10   -9  -10   -2    0   12  127  -20
  -6   15   -7  -15  104   -9  -23  -10
 -20    0   -4   38    3   -6    5    0
  -2    1  -11   -1   22    3   -5    2
 -14    9   29    8   13   44  -56  -36
   2   -3  -55   11   20   -2  -29  -21
   8    9  -21   19    6  -24    6    0
  14  -38  -35   -2   40    5  -21   12
 -17   -6  -14    0    6   -5  115  -12
   0   16  -19  -21  108  -12  -14  -24
 -11  -12   -7   34   -1  -16   10    2
  -6    2  -13  -11   16    0    4   10
 -13    1   35   -1   17   47  -58  -37
   0   -9  -56   -6   18   -1  -21  -24
  16    5  -14   18    7  -16    9   -7
  11  -40  -47  -10   32    8  -17    8
 -14    0   -5    0   -2    5  118  -23
   0   -1  -11  -24  108    1  -16  -12
 -13   -6   -9   22    0   -9    8    6
  -5    4  -15   -3   34  -10    2    9
 -19    6   29   14   22   49  -54  -39
   1   -7  -60    7   22    3  -27  -12
   3   -1  -13   22    2  -23   -3    1
   5  -37  -44   -8   35    5  -26    7
 -15   -7  -20    6   -8   -1  116  -13
  -4   14   -9  -17  109   -2  -17  -21
 -21   -4   -1   33   -3  -10    0    0
   5    4   -9   -3   31    0    9    6
 -21    7   25    7   19   58  -53  -41
 -14  -10  -59   11   23    4  -25  -11
   9   11  -17    4   -7  -19   -7    0
   4  -42  -44    1   29   12  -20   11
 -15  -13   -7   -2  -16    2  114  -23
  -3    5  -19  -15  100    8  -21   -7
  -9    0   -7   30    1   -9    5   -2
   3    1   -8    0   14    3    3    3
 -19    6   43   11   39   62  -61  -37
 -26    7   25  -50   16    4   -7  -47
  14    3   16   40   55   33    7   11
  68  -10    8   -7  -35   47  -27   22
  -1    6  -16  -34  -18   -8  -41  -42
 -20  -30   25   15   -3  -26  -48   -7
  69   12  -33   66  -19  -21   24   34
 -30  -45   31   44    8  -24   -2   12
   4   11  -56   -9   25   -7    8   -2
  -6   14   22  -60    8  -22   -6  -41
  -3   14  -11   14   41  -21   24   11
 103   -6    0  -18  -12   36   12   -5
 -24  -16  -16    1   44   19  -22    7
  35  -18   26  -14   37  -13  -18  -11
  19  -21    7   48  -27  -28  -12   22
 -16  -27    0  -24   32  -17   -3   12
  11    9  -58  -21  -64  -27   39   10
   0   13  -27  -45   23    1  -23  -53
   8   -4  -30   13   41   26   22   -2
  59  -15  -26  -15  -19   23   -8    0
   9   -4  -17  -15   23  -11   77   -7
   4  -11  -22  -16  115   11    2  -28
   0  -32    4   24  -29  -11  -17   15
 -24   -3  -42   -7   18  -19    6   33
  -9   24    1   -5  -47   14  -26  -15
  -4    2  -60    4   14    1  -21  -18
  17    0  -22    9    0  -11   10   -9
   5  -33  -41   -9   38    5  -21    7
 -10   -7  -19    4   -2   -5  119  -16
  -4    1  -17  -18  109    8   -9  -11
 -25  -18   -3   17    3   -1    0   -4
  -5    2  -11  -18   23    7    4   14
  -8    9   31   12   15   54  -58  -42
   4   -4  -64   -1   25    8  -42  -14
  14    2  -26   23   -2  -19   -2    5
   9  -35  -34   -7   30    3  -27   15
 -15    0   -3   -7   -2    0  118  -19
  -8   -4  -20  -26  109    2  -17   -9
 -12    0   -1   24   -1   -6    9    5
   3   -6   -7   -6   17    2    6    6
  -8    0   30   17   18   41  -52  -46
   1   -4  -62    6   19    0  -37  -13
  11    9  -21   16    5  -25    4    0
   5  -36  -38   -6   28    5  -23   15
 -15  -10  -18   -5   -5   -6  116  -20
  -6  -14   -9  -25  104    2   -8  -12
  -7   -4   -5   31    0   -6   14    0
  -4   -2   -5   -4   20   10    1   15
  -4    2   30   11   25   57  -59  -43
   7  -13  -55   10   20    0  -40  -22
  -2   10  -12    4    7  -29   -1    2
  21  -52  -32   -9   44    5  -14   17
 -22  -18  -18   11   -9    8  105  -36
 -11  -11  -16    3   95   -9  -22   -5
  -2    7  -11   75    4  -22   -1   -4
   0    0   15   11   32    4    3    3
 -20    0   11   10   16   47  -46  -27
   1   -9  -41    4   24   12  -48  -26
 -10    7  -11   44   14  -38  -35  -13
  34  -38  -34  -20   51   33   -3   22
 -15    4  -30    9  -13    3  103  -43
 -13   -6   16   13   83  -14  -32  -39
  10    6  -11   78    1  -13   38   -9
  -4  -16   13    1   11   11   -6    0
 -10   -7   -3   -8   22   23  -24  -27
  -3  -14  -41    9   24   -3  -46  -30
 -10   15   -4   46    6  -60  -28  -11
  20  -52  -31  -15   48   17   -1   22
 -17    4  -42   23    7   17   83  -26
  -5    1    8   -1   90  -22  -10  -29
  12    2  -15   92    4  -32   36   13
   4  -13   23    1   16    0  -21    5
   0   -8  -13    5   18    8  -22  -33
 -14  -18  -60   10   20    4  -38  -15
   8   18   -6   27   -1  -47    7   -4
  18  -48  -38  -13   42    3  -17   15
 -19   -3  -11   10    1   13  110  -27
   6   17    5  -14   97   -2  -25  -13
 -16  -11    0   51   13  -24  -13    6
  -3    2    1   10   22   14  -22    3
 -14    6   13    6    9   41  -44  -38
 -10  -12  -48   -1   27    8  -28  -19
   2    6    1   22   12  -29    1   -8
  23  -48  -37   -6   26   12  -11   21
 -19   -1  -17   11  -13    9  115  -27
   0  -10   -9   -6   95  -13  -30  -33
   4    0  -13   51    0  -20   24    0
 -13   -4    0   -7   39   -1   -8   11
 -11    5   11   12   24   39  -57  -23
 -22  -18  -54    6   29  -11  -36  -26
   2   11  -11   23    6  -33    3    1
   9  -48  -37  -16   31   24  -18   12
 -18   -7  -19   -4  -11    8  109  -17
  -3   -3  -11   -6  102    2  -15   -7
   5   -9   -3   44    0   -6    5    7
  -1  -12    5    5   23   12    0   11
 -16   18   19    0   31   48  -56  -47
   1   16   -4  -55    8  -11  -43  -50
 -25  -11   -5  -37   29   50  -11  -33
  37  -12    8   -1    7   66  -39   17
   6   -7   26  -11    3   -4   37  -29
 -10   -1  -35  -14   99  -12  -23   -8
  33   -7    9   91  -17    6   12   29
   3  -29   -3  -24   23  -47  -11    8
 -10   30  -15    7    9    8  -36  -19
  -6  -12  -27  -20   34   -1  -25  -18
 -13    7   17  -10   21  -30   41   -6
  62  -32  -34   -9   23   29   -5   16
 -20  -22   17    9    6   11   50    2
  39   -4  -35   17  105  -28  -26   14
 -15  -38   19   81    0  -24  -21   -6
 -32   -6  -21  -27  -11    1  -19   14
 -20   22  -12    4  -58   25   -9  -19
   2  -16  -52   22   22   -3  -20  -15
  -6    1  -10    7    8  -34   11    3
   6  -52  -42  -12   30   14   -8    7
 -21  -10    3    4   -2   16  121  -16
   5    5   -4  -11  105    0  -20   -6
 -18  -24   -7   33    0  -13  -14   -4
  -5    5  -12   -4   25    7   -9    8
 -16    7   36    8   10   44  -43  -38
   0  -13  -54    6   17   -8  -26  -30
  11   -2   -6   28   14  -34    2   -1
  11  -41  -34  -10   32    9   -9    6
 -12   -5  -11   -1   -5    0  121  -18
  -4   -1    0  -11  104   -1  -29  -24
   1    2   -7   32    2  -19    4   -9
  -3   -8   -7    2   24   -2   -9   11
 -14    5   33   15   22   51  -53  -37
  -6   -5  -46    8   29    1  -38  -39
   0   16  -21   39   13  -31   -3    2
  24  -40  -37  -11   22   18  -11    8
 -14  -11  -28  -12   -2   24  111  -31
  -3    8    4  -13  105    0  -19  -21
  -7   -6  -17   58    2  -12   19  -10
   0  -13   -7   -4   21    3    0    1
  -5    5   17   12   18   28  -51  -38
 -10   -8  -60   -9    8    0  -45  -20
   0   18  -15   20   12  -31    8   -7
   3  -37  -34   -9   43    7  -13   18
 -13   -9  -30  -24    8    5  107  -20
  -8   15   -8  -22  112    4  -21  -21
   0   -7   -4   46    3   -9    6    2
  15  -12   -5   -8   16   12   11    4
  -7    2   28    8    9   52  -48  -31
  -5   11  -14  -13    0   17  -71  -33
 -35    5  -26   28   19    5   -3  -28
  16  -18  -13   -8   66   51    0   34
  -5   26  -41    8    0   10   47  -22
 -25    0   11   -3   95  -28  -23  -27
   6  -10  -19  107  -24  -22   22    1
  -2  -19   20  -19   -6  -18  -14    0
  14  -22  -29   11   32   16  -18  -32
  -8   14  -19  -29   -1   -7  -48  -33
 -38   -1  -24    9   23   -7  -20  -28
  12  -17   -1  -22   70   28    4   41
  -9   24  -51    5   -9   41   43  -43
 -36   11   14   -5   90   -9   -5  -31
  14    3   -3   90   14   -8   18   17
   0  -10   47   -7   -2   -9   -1  -13
   4  -15  -29   -8   33   16  -26  -40
   8   10   -3  -25    0   16  -64  -25
 -14  -10  -20    4   21    2   -4  -27
  21  -12  -15  -13   59   38  -14   48
   0   16  -42    0   -3    3   56  -37
 -35    9   18   20   88    5  -23  -33
   7   -2    4   93  -15   18   23    5
   4  -24   28  -39   -3  -18   -8  -19
  12   -5  -48  -22   23   11  -24  -34
   1    0  -32  -23    8   -7  -54  -47
 -24    5  -30    3   33    5  -14  -15
  19  -14  -21  -14   46   37   -1   29
   2   18  -23   18   -4   33   88  -25
 -27   -1   13  -13  106   -1  -32  -31
  13   -9   -3   74  -28   -8   28    2
   7  -18   10  -32   27  -23  -12    5
  -4    1  -22  -13   -2   18  -36  -18
  -2    0  -41  -13   26  -12  -54  -31
 -17    9  -41   29   25  -16  -27  -19
  32  -38  -11  -25   48   37  -10   41
 -18    8  -27  -12  -10   20   72  -30
 -15   17  -10   21   98  -16  -22  -34
   0    7  -22   75    9  -27    5   15
  -4   -3   22   -5   26  -12   -4   -9
   9    0   -9    3   25   37  -34  -25
 -12   -8    7    0   20   -3  -25  -27
 -16   14   39   23  -24  -69  -23   -7
  22  -42    9   -6   29   20  -13   34
 -34    0   -3   -3    2   63   10  -32
  -3  -53   43    7   17  -13  -59  -29
  50   20  -21   97   27  -50   17   -1
   7  -26   57   27   32   21  -39  -18
  -1   -4  -17   -1   50   12  -15   -1
 -31   43   24  -31    9    0  -18  -49
  -9   -4   -3   17   18   36    2    0
  72   16    8   -9  -11   45  -20    1
   7   21    3    5   17   19  -72  -19
   4  -55   20    2    7   13  -28  -45
  42    7   -7   71  -14  -29    8   51
 -27  -28   27   -9   -5   -6  -17   -2
  20  -11  -72   -3   -7  -23   -4   20
   9   44   30  -50    7   14  -31  -44
  -9  -10  -17  -26   33   42   -7  -17
  74   16   -8  -19  -15   38   -9   -1
  22    4  -21    4   26  -13  -38    4
   9   -8    8  -10   58   15    7  -42
  36  -29   12   38  -24  -27  -19   35
 -17  -27  -17  -12   17  -18   -8    0
  18   23  -51   -9  -56  -35   25    5
 -26  -20    3  -35   23  -18  -12  -43
   4   -8   17   34    8  -57   21    7
  95  -39  -13   -4   21   71    4   24
 -21   -2  -24   -1   32   24   22   -8
  29  -32   25  -24   59  -23  -11  -33
  22    4  -19   94   -4  -30   -8  -11
 -17   -2  -19  -12   55   -4  -20    6
 -13    2  -43   10  -27  -19   -4  -16
 -14  -22  -33    6   40   -3  -32  -17
   5   17   16   25    9  -77    6   -6
  29  -53  -36  -12   45   28   -3   12
 -31    2  -16   16    6   15  101  -10
   7    3   13    3   85   -1  -33   -4
 -18  -11   -6   69    6  -27   -7  -16
 -11   -5    4    0    2   10  -33    6
  -8    2    0    1   -4   26  -25  -29
  -9   -3  -48   -8   25    2  -43  -21
  -6   10  -13   21    5  -13   18    0
  16  -49  -22  -17   44   19   -3   22
  -1  -11  -23   15   -5   -3  105  -25
  -7   10  -10    1  111    3  -19  -21
 -18  -19    0   64  -12   -7  -10  -10
  -1  -11   -4  -20   32  -13   -9   18
 -16   15   10  -11   20   18  -47  -30
  -1   14  -51   -7   32   -5  -39  -45
   5   10   -7   27   38   -1    2  -17
  29  -30  -17  -15   12   24  -24   19
 -11    7  -10    0    4   17   96  -17
 -19  -21  -10    8  117   12  -25  -28
 -11  -17   -1   63  -17  -22    1    1
   2  -17  -17  -21    8  -11    3   10
 -11   10  -13   10   11   27  -35  -44
 -20   12  -27   -4   22   13  -42  -21
  -8    5  -14  -21   22  -20  -26   -2
  50  -31   -5  -21   52   28   12   27
  -5    2    6   -8   -1   10   57  -32
 -12  -11  -17    5  108  -11  -30  -13
  15  -10   18   97   -4  -37    2    0
 -15  -17   -4  -31   12  -26   -6    8
 -10   35  -14  -15  -15   26  -47  -10
 -15    4   -4  -13   12    2  -41  -65
 -28   17   -7  -37   38    0  -18   -7
  30  -36  -24  -20   55   53    0   30
  -9   21   -3    4  -11   16   54  -32
 -12    0   -6   30   87  -24  -35    6
  28    0    5  118   -3  -44   -5   -4
  -5    1    8   -1   14  -11  -18    5
 -22   12  -29  -12   19    5  -38  -36
   7   -5  -25    2   25    3  -49  -12
  -2   10  -13   -3   13  -24  -15  -10
  58  -33  -22  -28   56   49    1   16
 -11  -26  -14  -10   -9   41   59  -35
   0    2   -9    6  100  -23  -35   -8
  38  -26   -1  109  -29  -41    8   -2
  -8    0   -2  -36   11   -2  -32    6
  -2   20  -11   -1   -2   10  -13  -24
 -20  -18  -20    8   20  -17  -18  -20
 -14   21   40    8  -29  -67    1   -6
  20  -50  -27   -8   58   18   -9    4
 -35  -22    4   12  -10   53   40  -35
  12  -29    8   22   38   -2  -45   15
  32   -1    0  118   16  -27    2  -22
 -11  -11   62   34   19   -2  -50  -10
 -22    0    6   13   41   31  -23  -17
 -27    3   30   12   22  -25  -10  -24
 -17   -4   40   32   -8  -64    3    9
  41  -36    5   -5   32   48    1    6
 -28    7  -12    3   -1   47  -50   -9
   1  -33   54    0  -26  -26  -31   -9
  42   11  -29   86   18  -33    4   -6
   4  -29   37   42   20   30  -24  -23
  -5   -6  -54    3    3  -13   32    4
   3   18   25  -36    4   18  -50   -9
 -35   -2    0  -29   11   28  -11  -21
  30   13   -2  -25   36   51    4   22
  20  -15  -33   10    9   24  -39  -20
 -15  -19    1    6   63  -10  -15  -26
  28  -18   22  119  -29   -7   18   25
  -2  -35   24  -50   -3  -30  -23  -21
  20   18  -42   -5  -11  -14   12  -17
 -11   20    2  -71   -1    6  -65  -43
 -29   -1    6   -4   31    2  -29  -28
  -1    6   -9  -15   66   31   -6   40
   8   15  -17   14    1   27    7  -32
 -33    4   41   15   55  -22  -16  -36
  29   -5    4  116   -5    3   20   18
   0  -30   38  -20   -9  -16  -12   -7
  21  -19  -36   -7   -5  -27   11  -11
  18   12  -16  -40   -2   -9  -51  -49
 -18    8  -16   -5    5  -21   -8  -29
  11   -8   -5  -16   76   33   27   26
  -9   23  -11    1   13   22   49  -27
 -29    9   17   21   81    5  -30  -61
  10    7   -6  119  -28  -13    4   10
   1  -30   18  -34   -6   -5   -4    0
  21    1  -34   -7    6   -9   -5  -19
 -13   16   -7  -32   22    2  -20  -52
 -18    7  -41    4   55   52  -24    8
  78   -2  -24   -5    9   27  -10   20
  14   -3   25   -7    5    0   44  -27
 -19  -13  -34    1   91   -9  -33  -19
  20  -27  -10   72  -36  -28    7   43
  -7  -38    3   -5    8  -19  -11    2
 -21   22  -28   -7  -12    5  -41   -8
   5    9  -15  -27   10    0  -41  -31
 -18   -2  -20  -32   29   28   43    5
  74  -23  -10  -16   -3   48  -29    9
  15  -19    8  -26   30  -13   60    5
  16  -12  -12  -12  110    4  -27   -9
  28  -29    0   44  -37  -29  -41  -13
 -25   11  -32   -1   29  -21  -20   10
 -19   25  -13    0  -38   -1   -8   -8
 -22   -4  -47  -15   34  -14  -11  -54
  -2   -2  -21   23   40   -9   39    0
  67  -46  -44   -2   14   58    0   12
  -8   25    8    0   -1   -1   90  -10
   0   10  -13  -19   96    3  -52  -29
 -11  -21  -14   46    2  -34    0   -3
 -14    2   -2  -15   23    8   -7    8
 -10    6  -18    0  -26   18  -33  -16
 -17   -1  -43   10   21   -2  -45  -33
 -21   13   -4   27   36  -22   -4   -3
  49  -43  -18  -19   15   32   -9   18
 -15    0  -12  -18   15   22   85  -32
  -4    7    4  -10  110   -2  -44  -18
   6    4   -8   70   -7  -24   -2  -23
 -16   -9   13  -31   37    0   -9   -5
   0   14   -1    7    1   29  -39  -20
 -20    0   -5  -13   14  -10  -29  -62
 -24   24   -5    4   27  -19   29   -1
  89  -23   -9  -28   26   78  -15   15
  -1   -2  -10  -26   15  -13   39  -32
  12    8    5  -11   83  -15  -24  -13
   8  -19  -11   99  -24  -42  -14  -14
 -25  -11   20  -19   45    2  -32   -2
 -24   30  -14  -13   -7   22  -25   -2
 -28    8  -13  -12   34  -15  -36  -15
 -29  -18   28  -20   -9  -12  -15   -9
  65  -40  -13   -3   44   55    8   29
 -16  -27   27  -15   -7   34   42  -26
   1   -8  -36   19   86  -19  -45   18
   9    1   19  111  -20  -27   -7    2
  -5    9   22  -32    6  -10  -30   -4
  -8   10  -11  -22   24    7  -31  -35
 -42  -25   29   13   29  -12   -7  -23
  -9   15   47   23   -5  -45   36   -4
  59  -36   -1   -1    7   24   -6   -6
 -26   -3    5  -13  -15   71  -59  -30
  23  -42   28   27  -23  -36  -54  -13
  11   29    5   83    3  -40    0   21
   5  -23   42   34   24   15  -29  -18
  -9   -6  -27    3   32   12    5    3
 -17   15   56  -38    3   -1   -2  -24
 -21   20   18   -7   11   25   13    0
  48   20   19   -2   -8   42  -10    0
 -11    4   22  -13    8   12  -90   -4
  34  -30   17   11  -50   -4  -21  -31
  41   -8    2   31  -16  -17   -1   44
   0  -16    2  -17    8  -15   11  -12
  11    0  -62  -12  -13  -23   38   24
  -1   36   24  -54    1    8  -40  -29
 -44   -7    4  -38   15   46   -3  -22
  17   27    7  -11   22   61    3   26
  18    1  -13   -3   -3   20  -38    0
 -27  -21   -6   18   51   16  -12  -17
  13  -28   20   83  -27  -18    8   22
  -3  -32   21  -42  -15  -35   -1   -3
  24    7  -65  -13  -18  -27   31   -2
  18   18   10  -51   -2   -5  -64  -28
 -34   -8    3  -21  -14   16  -21  -24
   5   13   -9   -5   76   43   14   39
   1   11  -28   -8  -18   16  -19  -36
 -48   -8   28   22   52    9  -16  -23
  27  -14   23  110  -15    7   22   16
  -1  -24   44  -36   -1  -17  -27  -11
  26  -14  -28   -6   32  -10   -3  -14
 -12    3  -12  -35   -4    4  -62  -29
 -25   10    4  -14   15    4  -24  -28
 -11    9   -5  -14   59   35    2   52
  -1   22  -25   22   -8   22   -6  -34
 -42  -10   21   23   46    5   -9  -54
   2    7    3  114   -3    5   32   13
  14  -36   54  -27   18  -39    4   -5
  23  -13  -47  -10   28  -15   11  -26
   8   20  -53  -30   10   -1  -59  -20
 -13  -12  -14   -3   30    7    0  -20
  29  -17   -6  -21   51   28   -7   29
  -1    8  -23   -8   33   20   70   -9
 -22   15  -16    3  116   -6  -18  -45
 -16  -24   10   75  -13  -24   12    5
   4  -20   -5  -32    9  -30    0   -8
   5   12    0    0   -7   -2  -12  -31
 -10    1  -41  -10   28    1  -52  -20
  -9   -3  -12   -3   17  -16   -3  -11
  26  -26  -41  -15   47   35   -7   16
 -13    7   -9   11  -15   10  102  -17
  -2   15   -9   -3  113   -5  -24   -4
  -7  -24    5   67  -16    1    0    4
 -10  -13    1  -37   14   -6  -16    8
  -5    7    7   -3   13   29  -47  -39
  -1   -5  -33  -22   33   -9  -11  -20
  -1   12  -24   -7    6    8    8    1
  28  -36  -31   -9   22   19  -22   16
   6  -11   -3  -27    0  -20  107  -15
   5    5  -36    0  116    4  -11  -21
   8  -26    2   43  -14   -8  -15    0
  -6   -3  -15  -23   17  -11    1    6
 -16   16   18   -4   27   39  -55  -35
   1    4  -37  -22   29   -4  -16  -15
 -19    9   -6   -2   23   -9   16    7
  32  -23  -44   -6   22   33  -18   16
  -2  -14   28  -11   -4   -2  107  -14
   0    4  -28  -15  111    3  -39  -12
   4  -34    9   25  -17  -31  -14   -6
  -1    1  -25  -26   32   -6   -1   15
 -10   18   17   -7    0   42  -55  -41
  -9    9  -20  -18   23   -5  -27  -53
   3   11  -27  -31   38   27   26    3
  53  -21   -9   -7    0   46  -24   20
   6    8   25  -18   18  -12   66  -21
  -5  -26  -34  -19  109  -23  -10  -18
  36  -38  -10   58   -9  -46  -20    7
 -16   -6  -22    8   20  -24   -9   28
 -25   16  -16  -10    0   34  -49  -10
  -5  -25   22  -12   28  -29  -13    2
 -36   41   34    0  -10  -42  -13  -10
  46  -42   -3  -18   42   49    3   19
 -25   -8   -4    5    2   56  -31  -28
  35  -28   16    0   12  -28  -71    8
  18   18   21  103   -5  -22   -6    2
   1   -4   58   13    7    9  -71  -18
 -10   -8  -36   14   38   -1   -7   -8
 -29   23   40  -14   12  -13  -14  -19
 -20   26   34    7   17  -31   40   -4
  72   -3    9   -6   -7   29   -7   -6
 -10   25    4   -8   -4   19  -79  -17
  35  -33   20   31  -57  -18  -47    4
  30    5  -10   41  -15  -31    0   -8
   5   -3   27   30   46    7  -29  -23
  -2    5  -47    1    5  -26   22   14
  12   17   53  -59    6    1  -22  -11
 -32   10   31  -34    9   22   13   -5
  29   18   22   -4  -20   43    5    1
   5    2    3  -10   10   31  -92    2
  16  -23    2    3  -37    6  -21   -2
  32   -6    3   27  -27  -17  -19   29
  16  -26   21   -2    8   -2  -17  -25
  18   19  -62   -7  -16  -24   36   33
  20   31   22  -37   -4   -9  -36  -18
 -15   -8   16    0   10   42   12   -3
  35   27   -2  -25   20   63   -4   11
  20   22   -4  -10   13   16  -62  -17
 -21   -7   24   23   37   16   -4  -19
  14  -35   17   66  -22  -21   -3   31
 -17  -52   19  -42  -28  -25  -21  -10
  23    9  -59  -11  -29  -47   24   15
   2   22    4  -47   -4    0  -43  -18
 -31   -5    2  -25    0   11  -38  -39
   0    5    4   -8   73   46    9   43
   7   19  -48    8   -1   35   -7  -32
 -34   -6   19    5   43   -8   -8  -29
  11   -3   10  115  -26    5   22    8
  17  -33   50  -32    0  -41   -9  -14
  27  -12  -37   -5   15  -25    5    3
   2   19  -18  -37   -6   10  -62  -11
 -32   -7   12   -1    5    1  -24  -23
  15   -5   21  -10   60   45   18   39
   8   20  -57    0  -18   21   -5  -36
 -38   -2   28   23   58   -1  -15  -36
  34  -21    0  115  -15    9   17   23
   8  -22   43  -42   -1  -31  -17   -4
  18   -8  -41  -33   13  -18   12  -14
  25   18  -17  -42   -4   -5  -62  -28
 -52  -18  -10   -8    5   22  -10  -30
   0   -3    3  -21   68   39   12   43
   2   22  -26   16    7   23   -4  -41
 -46    1   15   25   62   -7    1  -42
  23  -13    1   98   -9   12   28   10
   2  -33   38  -38   -5  -16  -15   -6
  32   -2  -42    2   35  -14    0  -20
   1    8  -37   -5   24   24  -62    4
 -25   15    9   -8    2  -42  -22  -17
  17  -31  -28  -20   56   27    5   17
 -18   19  -17   10   -3   18   88  -16
 -10   -4    3    1  102    4  -20  -38
  -1  -23   12   87   -4  -27   12    3
  -1   -7   -8  -31   14   -9  -27   -7
  20    6   -1   -3   11   22  -27  -34
 -17    5  -27  -19   19  -20  -63  -42
   3   12  -26   32   17   -7   -3   -7
  33  -39  -13  -31   40   20  -18   34
  -7  -11  -20   -8    8   15   87  -34
 -19   -1    0   -5  110    7  -14  -22
  28   -8   -7   73  -15  -14    7    1
   7  -18   12   -7    2  -16    4    9
  -2   -5  -10    3   14   31  -43  -28
   4   -7  -40   -7   31   13  -39    0
  -6   10   -7   11    8  -34   11   -8
  27  -38  -28   -6   30   29   -8   11
 -12    0   -9   11  -18    1  110  -17
  -7   10  -18   -9  112   -7  -29  -14
  -9  -13   -2   54  -15  -31    5   -3
   2   -3  -11  -18   25   19  -14    5
 -16   19   15  -12    3   21  -52  -28
  -8    0  -43  -16   25    0  -19  -21
  19   -6    3   17   15  -27   21   -7
  36  -40  -43   -7    4   23  -14    8
  -8  -19   -4  -20   -3    4  101    0
   6    9  -32    0  119   -4  -22   -7
  12  -19   -9   54  -33  -25    1   -7
 -22    0  -22  -13   38  -12    4   14
   2   10    0   15  -11   35  -36  -26
   8  -14  -44   -6   32   -6  -25  -28
   7   -2   -7   16   10    8   42    4
  38  -37  -25  -10   12   29   -6    9
  -7  -10  -12  -28    9  -14  107  -19
   0    2  -23  -26  112  -13  -18   -8
   2  -30   14   28   -5  -20   -8   -7
  -9    8  -37  -16   12  -23   -8   19
 -13   23   19    5   16   25  -56  -22
 -19   36   50  -53   -2   11   -5  -14
 -39    0   24  -47   15   28   21   -6
  51   20   20  -14   -3   53   -3    5
  17    0   24  -14   16   14  -79  -15
  13  -29  -11    7  -17   25  -37   -5
  15  -14   10   36  -39  -41   13   15
   1   -8   26  -16   -7  -12  -14  -13
  12    9  -63    0   -7  -23   42    5
   3   32   42  -55  -11   16  -37  -23
 -25   14   31  -21   12   26    5   -3
  30   24   22  -20   21   52  -17   13
   8    9    8  -18   -4   16 -103    0
 -14    1   18   31   -7    6  -20  -17
   2  -15   23   43  -23   -1    5   36
 -10  -27   29  -29  -14  -17   -9   -9
  16   13  -41  -11  -10  -40   34    2
  21   12   30  -47   -7   -4  -22   -6
 -31   25   17  -24   -2   32   -6  -26
  12   18   17  -11   20   37   33   24
   1   -3    1   -8   -3   25  -89  -14
 -19  -15   -8   13   17   11  -11  -21
  31    7   25   74   -1   -1    8   24
  13  -35   42  -44  -18  -30  -16  -13
  30   -4  -55  -10   -1  -46   37   -2
   9   20    1  -35   -5   -9  -55  -15
 -47    1    4  -16    7    2  -30  -29
 -14   15   17  -15   63   39   18   30
   0   12  -34   10   -2   35  -23  -16
 -44   -5   30   35   47    6    5  -19
  13   -6    3  118  -20  -17   15   19
  -4  -42   43  -28  -21  -22  -15    0
  26   -7  -53   -6    5  -23   22   -5
  -7   20    3  -40    4   -8  -69   -7
 -39    4   21   -4    5    6  -28  -29
  11    7   -4  -29   55   32   15   48
   0    8   -3   -4    2   41  -24  -48
 -41  -16   48   23   43    0  -23  -26
  46    4   -2   96    3   -5   29   18
  20  -23   34  -34  -27   -7   -7  -18
  28  -12  -47   -6   14  -31    0   -3
  16   35    1  -31   -7   15  -82  -22
 -64    1   10    0   11   -4  -26  -37
  17    0   17  -16   61   42    0   30
   3   43  -50   14    4    7  -11  -18
 -28   14   25   16   34    4  -29  -37
  29    9  -17   97  -22   -3   23   22
  11  -31   39  -16    0  -22  -23  -10
  26  -20  -59  -17   17   -1    6    4
  12    4  -11  -28    0   11  -54  -16
 -38   -8   -8  -14   -5  -19  -11  -41
 -13    1    0  -15   69   34    7   41
  -2   28  -20    4    4   27    3  -45
 -33    1   23    7   66    3  -26  -25
  24    2   -1  123  -15   13   24   21
   7  -29   40  -27  -27  -21   -7  -13
  25  -13  -45   -6   32    1    2  -23
  11   27  -34  -11    3    9  -58   -8
 -30    4   -9   -1   36    0  -24  -11
  25  -23  -28  -35   56   21   -4   20
   0  -19  -31   25   12   -3   58  -13
 -28   -8    4   22  111  -12  -14  -49
  18  -40    8   91  -16    0   13   11
   7   -7   22  -33   -7  -15   -6    3
   6    3   10  -10  -11    4  -21  -30
  -3    6  -50  -34   15   16  -27  -31
 -13   -2  -25   11   31   23    0  -18
  20  -32  -24  -12   23    8    1   16
  -2   -2    5   -5   -4   -5   83  -37
  -7   20  -24   -9  119   -2  -22  -18
  14  -11   -8   52  -12   -7   22    0
   9  -13   12  -20   17  -23   -7    7
 -10    7    7    5   37   31  -64  -33
   3   -5  -17   12   17   -9  -66  -10
   0   -1    0   15   17  -34    9   -9
  30  -32  -19  -20   35   29  -11   33
 -11  -10  -47   10   20   -1   91  -19
   0    0    0  -12  109   -6  -33  -35
  -1  -21   14   74  -22  -30   -7    4
  -5  -13  -10  -19   30   -7   13    0
  11   26  -13    8  -32   11  -26  -37
  -5    0  -54  -12   17   -8  -19  -32
   4  -10  -23    0    5   -7   11   -1
  18  -31  -35  -15   27   21  -17   12
  -3  -11    0  -14    9  -13  113  -21
  -1   16  -38  -16  109    1   -8   -4
  -3  -12   -4   42   -6  -22    5    0
  -5    4   -7  -11   33   -6   -6   16
  -8   21   32    2   21   36  -60  -46
  -2  -10  -54  -13   28   -3  -11  -31
   3    3   -8   27   18  -33   14   10
  30  -56  -13  -18    0   15   -1    7
 -13    3    1  -18    0   -2  102  -16
   4    0  -12  -14  114  -15  -27  -18
  -3  -23   -6   40   -7  -10  -10  -11
 -10   12    4    5   39   -2    0   20
 -15   22   -4   12   -6   32  -53  -12
  -6   31   39  -38   -2    4  -25  -52
 -48    0   -1  -33   24   41    3  -27
  39   29   -7  -14   15   47   -4   27
  17    2   15  -17    2    1  -73  -12
  -4  -18   -1    6    7   14    0  -13
  19    0   10   50  -19  -33   20   52
  -3  -33   35  -24   -1  -22  -28  -19
  29   15  -67   -9    5  -23   23   15
   8   30   23  -12   -1    7  -34  -10
 -41  -14   29   -9    6   23  -16  -25
  21   18   15  -23   45   49   12   22
   9   -6  -11   -9  -22   45  -67  -17
 -20  -26   -1   20  -10    4  -39    3
  22    0   37   85    0    1   24   25
   2  -41   44  -16  -37   -5  -15  -31
  14    0  -60  -33   13  -25   20    0
   6   24   23  -40  -12   15  -34  -17
 -34   -7   -1  -38   20   25  -23  -14
   1   11   23  -29   41   56   13   36
  16  -11    0    1    0   21  -72  -29
 -16  -32    9    9   10    3  -15   -8
  25   -9   18   86  -15   -7    3   11
 -11  -52   53  -33  -19  -10    0  -21
  15   -1  -29    1   18  -27   40    4
  -8   27    6  -35   -6    9  -62  -20
 -58    3   17    2  -12   20   -9  -21
  15   12   21  -23   52   37    8   28
  14   27  -28  -11    3   13  -44  -38
 -44   -9   30   24   19    0  -23  -26
  34   10   -2   92   -4   12    8   34
  14  -45   46  -22   -6  -23  -14  -14
  22    5  -64   -8    7  -11   22   -7
   7   26   18  -23  -29    6  -43   -4
 -38  -21   -5  -27   17    7  -29  -30
   5    4   -4  -18   44   35    1   39
  16   20  -15    4  -14   29  -34  -19
 -27   -3   28   16   28   11  -11  -22
  31   -3    6  110  -15   -1   19   20
  -4  -43   48  -32    0  -26    5  -18
  38    3  -75   -3   12  -36   20   -2
  23   15   -5  -38   -4   21  -63  -13
 -38   -4    0  -12   11   23  -10  -41
  -2    7    1  -38   67   37   10   34
   5    4  -11  -10   -7   32   -6  -45
 -32  -11   14   22   51   11    3  -39
  58    0   11  110  -16    5   22   15
   0  -26   38  -27  -24  -18  -15   -5
  17   -3  -54  -14   17  -27    7  -21
  13   16   13  -51  -17    3  -45  -26
 -31  -15   22    2   31   -2  -16  -42
   3   10   13  -13   62   32    0   43
   5   43  -27    4    0   20  -16  -42
 -29  -10   47   14   38   -8  -23  -42
  52   -3   -4   88  -22   -1   12   17
   5  -20   69  -27  -41   -6  -14  -19
   5  -11  -46   -2   38  -16   -3  -17
  14   11  -18  -18   12   20  -48  -14
  -7    4    1   -6    0  -21  -15  -28
  23  -20  -21  -28   65   26   20   27
  -3   13  -27    4    1   35   39  -11
 -20    0   11   19  100   -9    2  -51
   3  -22   15  117  -25  -34    4   -4
 -13  -17   19  -42   -7  -16   -6    0
  -3   17  -33   -5  -31   -2    6  -18
 -20   -3  -38   15   19   -3  -55  -41
  -1    9    8   36   17  -16  -10  -10
  22  -36  -17  -10   66   30  -16   32
  -8   -3   -8   -9  -12   13   80  -37
 -15   -9    0    3   89  -22  -36  -18
  23    9   -9   82    5  -18   16    0
   3  -19   35   -8   -8  -12  -12   -2
 -17    0  -10    1   45   27  -53  -46
   7  -10  -28  -54   19    7  -65  -14
 -38    5   -4   28   13  -38  -12  -21
  34  -25  -20  -24   69   20    9   33
  -9    0  -23   11   -3   30   66  -17
 -22   29   21   -6   88  -18  -18  -50
  19  -16   27   79    1  -31    7    8
   1  -20    7  -22   26    8  -13  -17
   8   -2  -16   -7    4    3    3  -29
  -4  -11  -61    1   17    9  -24  -11
   0   13  -22   14   10  -38   16   -6
  21  -38  -40  -16   34   14  -13    5
 -11   -8  -25   -2   -3    8  111   -4
  -1    7  -14  -18  116  -12  -22  -15
 -20  -12   -1   30    1  -16   -7    1
  -1    2   -9  -12   13    0    6   18
 -15   11   23   25   14   44  -43  -43
  -1   -1  -42   -7   35  -11   -5  -49
  -1   14  -42   18   21   26   12   -1
  43  -34  -24   -7    0   40  -23   18
   4  -10   12  -43    2  -32   75  -33
 -13   -2  -34   -8  100    0  -34  -17
  23   10  -11   41  -12  -23   16    4
 -11   -2    0   -3   23  -14    2   16
  -9   18  -11    0   39   47  -68  -37
