Shape: torch.Size([1, 144, 64])
Range: [-126, 82]
Mean: 3.0004

量化值陣列:
   3   34   27   24   14    6   32   45
 -30   28   38   11  -24   49   16   38
  57   44   74   -8  -37    9   14  -46
  57  -52   57  -12  -35  -12  -72   -2
  13  -19  -10   27  -44   -4   34   10
  27  -31   17  -55  -24  -13   25  -39
 -24   -7   33   -8  -30   38   -4   16
  11  -12  -17   -4  -36  -35  -11   -3
   2   34   28   25   11    5   30   47
 -29   27   41    6  -24   51   18   39
  58   44   71   -6  -37   11   15  -50
  58  -56   59   -7  -35  -12  -71   -1
  16  -19   -8   29  -42   -3   31   12
  26  -30   18  -52  -24  -13   24  -39
 -22   -8   33   -6  -32   38    0   19
  10  -13  -17   -3  -34  -33  -12   -6
   3   34   27   22   14    7   30   43
 -32   27   39   14  -22   45   16   36
  55   43   74   -5  -36    9   17  -46
  55  -52   56  -11  -32  -10  -71   -2
  16  -21  -11   27  -43    0   37   10
  25  -31   17  -56  -25  -15   25  -38
 -23   -7   31   -9  -28   40   -7   16
   8  -13  -19   -6  -35  -35  -11    0
   3   32   25   21   13    5   31   42
 -32   26   40   11  -23   46   17   38
  55   44   73   -6  -35   10   16  -48
  54  -53   57  -10  -32  -10  -70   -3
  17  -21   -9   27  -41   -1   35    9
  24  -30   19  -53  -23  -14   24  -37
 -23   -8   30   -6  -28   39   -5   16
   8  -14  -19   -5  -33  -34  -13   -1
   3   30   29   20   15    7   31   37
 -36   28   36   20  -20   43   13   31
  56   43   77   -7  -33   11   18  -41
  54  -45   55  -17  -28  -10  -72    0
  12  -21  -14   28  -44   -3   39    8
  29  -30   15  -56  -24  -15   28  -34
 -22   -9   34  -10  -26   34  -11   17
  10  -15  -26   -9  -36  -40   -8    4
   3   30   29   23   12    7   29   38
 -36   27   38   16  -21   47   13   32
  56   45   77   -7  -33   10   18  -42
  56  -45   54  -15  -30  -10  -72    0
  12  -20  -13   30  -43   -4   39    7
  28  -28   16  -56  -24  -15   27  -34
 -19  -10   35   -9  -28   33   -6   18
  12  -16  -27   -7  -34  -40   -6    2
   4   30   28   22   15    6   31   39
 -34   28   37   16  -23   47   14   35
  56   45   78   -9  -34    9   15  -42
  55  -45   56  -16  -31  -11  -72   -1
  11  -19  -12   28  -43   -6   37    7
  29  -30   16  -55  -24  -14   26  -34
 -22  -10   34   -9  -27   35   -6   16
  12  -13  -23   -7  -36  -39   -9    0
   4   29   28   21   13    6   29   36
 -37   27   39   18  -20   45   14   33
  55   45   78   -7  -32   10   19  -42
  54  -45   54  -16  -28   -9  -71   -1
  13  -22  -14   29  -43   -3   40    6
  27  -28   16  -55  -24  -15   27  -32
 -20  -11   34   -8  -26   34   -9   18
  10  -16  -28   -8  -33  -40   -7    3
   3   28   31   23   10    7   28   36
 -38   26   40   17  -19   46   13   30
  56   46   77   -6  -31   10   20  -41
  56  -44   53  -14  -28   -9  -71    0
  12  -21  -14   32  -42   -3   40    6
  28  -27   15  -55  -25  -15   28  -31
 -16  -12   36  -10  -28   31   -6   20
  12  -17  -32   -8  -32  -41   -4    2
   4   29   31   21   13    9   28   34
 -40   28   37   22  -18   43   11   27
  54   45   78   -7  -31   10   20  -37
  54  -40   51  -17  -27  -10  -72    0
  10  -21  -15   30  -43   -3   44    5
  29  -27   14  -58  -25  -16   29  -32
 -17  -11   37  -11  -26   31   -9   18
  12  -18  -32  -10  -33  -43   -3    7
   2   27   33   25    8    6   26   36
 -39   27   41   16  -18   50   12   29
  56   48   79   -6  -31   11   21  -40
  58  -41   51  -14  -28   -9  -70    2
  10  -21  -16   35  -43   -5   40    5
  29  -25   14  -55  -26  -14   28  -30
 -12  -13   39  -11  -30   28   -2   23
  14  -18  -35   -8  -30  -43    0    2
   4   28   32   22   12    9   27   33
 -41   28   38   23  -17   45   10   26
  55   46   79   -7  -30   10   21  -37
  55  -38   50  -18  -26   -9  -72    1
   9  -21  -17   31  -43   -3   45    5
  29  -26   13  -58  -26  -16   30  -30
 -15  -12   38  -11  -27   29   -8   20
  13  -19  -35  -11  -32  -45    0    7
   2   24   34   25    6    6   23   33
 -41   24   43   17  -16   50   12   28
  55   50   80   -4  -30   10   22  -38
  59  -37   50  -14  -25   -8  -70    2
   8  -22  -16   37  -41   -5   43    2
  27  -22   12  -54  -27  -15   27  -26
  -9  -17   39  -11  -30   26    0   25
  15  -19  -40  -10  -28  -44    2    2
   4   28   29   23   12    7   28   36
 -38   27   39   19  -20   46   14   32
  54   47   80   -7  -32    9   19  -40
  56  -42   53  -16  -28   -9  -71    0
  11  -22  -15   30  -43   -3   42    5
  27  -27   15  -57  -25  -16   27  -32
 -17  -12   35  -11  -26   33   -6   18
  12  -17  -31   -8  -32  -41   -4    4
   2   26   33   25    7    5   25   35
 -38   25   42   14  -18   49   12   30
  56   48   78   -6  -31   10   20  -40
  58  -40   52  -13  -27   -9  -70    2
  10  -21  -13   34  -41   -6   40    5
  27  -24   14  -54  -26  -14   27  -29
 -12  -15   37  -10  -30   28   -1   23
  14  -17  -35   -8  -30  -42   -1    0
   3   26   33   24    9    7   25   34
 -41   26   40   19  -16   47   11   28
  55   47   79   -5  -31    9   22  -38
  57  -39   50  -15  -26   -8  -71    2
  10  -23  -16   34  -42   -3   43    4
  27  -24   13  -56  -26  -16   28  -29
 -12  -14   38  -11  -29   28   -4   22
  13  -19  -37   -9  -30  -43    0    4
   2   26   34   23    7    7   25   33
 -41   25   41   18  -16   46   10   26
  55   47   78   -5  -30   10   22  -38
  56  -38   50  -14  -25   -8  -70    3
  10  -22  -15   35  -41   -4   42    5
  28  -24   13  -55  -26  -15   28  -28
 -12  -15   38  -11  -29   27   -3   23
  13  -19  -38  -10  -29  -44    0    3
   3   26   36   24    8    8   23   33
 -43   27   40   21  -15   48   10   24
  56   48   79   -5  -31   10   24  -36
  58  -37   48  -16  -25   -9  -71    4
   8  -22  -17   35  -43   -3   45    4
  29  -23   12  -57  -28  -17   30  -28
 -10  -14   41  -12  -30   25   -4   24
  14  -20  -40  -11  -30  -45    4    6
   2   25   36   23    6    8   22   32
 -44   25   43   20  -14   46   10   24
  55   47   78   -3  -29   11   25  -37
  57  -38   48  -13  -23   -7  -70    4
  10  -23  -17   37  -41   -2   44    4
  28  -22   12  -56  -27  -17   30  -27
  -8  -15   40  -11  -30   24   -4   26
  13  -22  -43  -11  -27  -45    3    6
   3   25   36   25    6    8   23   32
 -44   25   42   19  -16   49   10   25
  55   49   80   -5  -29   11   23  -36
  58  -36   49  -15  -24   -8  -71    3
   8  -22  -17   37  -42   -5   45    3
  28  -22   12  -56  -28  -16   30  -27
  -8  -16   41  -11  -30   24   -2   25
  15  -21  -43  -11  -28  -46    4    5
   2   24   35   26    6    7   22   34
 -43   25   43   16  -16   51   11   27
  56   50   79   -4  -30   10   23  -38
  60  -38   49  -13  -26   -8  -71    3
   8  -22  -16   38  -41   -5   44    2
  28  -22   12  -55  -27  -16   28  -27
  -7  -16   41  -11  -32   24    0   26
  15  -21  -41  -10  -27  -45    4    3
   2   26   37   26    7    8   23   34
 -43   26   41   19  -15   50   10   24
  56   49   79   -5  -31   10   23  -36
  60  -36   48  -15  -26   -9  -71    5
   7  -21  -17   37  -43   -5   44    4
  29  -23   11  -56  -28  -16   29  -28
  -8  -15   42  -13  -32   24   -1   26
  15  -20  -41  -10  -29  -46    5    4
   2   24   35   26    5    7   21   33
 -45   24   45   18  -15   50   12   26
  55   50   80   -2  -29   10   25  -38
  59  -38   48  -12  -24   -6  -70    3
  10  -24  -18   39  -41   -2   46    2
  26  -21   12  -56  -28  -17   28  -27
  -5  -16   40  -11  -31   24   -1   27
  14  -22  -44  -11  -26  -45    5    5
   3   23   36   25    5    7   21   31
 -45   24   45   19  -14   50   11   25
  55   50   80   -3  -28   11   25  -37
  59  -37   48  -13  -23   -6  -70    3
   9  -23  -18   38  -40   -3   46    1
  27  -21   12  -55  -28  -17   29  -25
  -5  -17   41  -11  -31   23   -1   27
  14  -22  -45  -11  -26  -46    5    6
   3   25   35   28    7    7   22   35
 -42   26   42   17  -16   53   12   28
  55   51   81   -4  -32    9   22  -37
  62  -36   49  -14  -27   -9  -71    3
   6  -21  -17   37  -43   -6   46    2
  28  -22   12  -57  -28  -16   27  -28
  -6  -16   41  -13  -32   25    1   26
  16  -20  -40   -8  -29  -45    6    3
   3   25   35   25    8    7   24   32
 -43   26   41   20  -16   50   11   27
  56   49   81   -6  -30   10   22  -37
  59  -36   49  -17  -25   -8  -71    3
   7  -21  -18   36  -43   -7   45    3
  29  -23   11  -56  -27  -16   29  -27
  -9  -16   41  -11  -30   24   -2   25
  15  -20  -41  -10  -29  -46    4    5
   3   25   36   26    6    8   22   33
 -43   26   42   19  -16   50   10   25
  55   50   80   -5  -30   10   22  -35
  60  -35   48  -15  -25   -9  -71    4
   6  -21  -17   37  -42   -6   45    2
  29  -22   11  -56  -28  -16   29  -27
  -7  -16   42  -12  -31   23    0   26
  16  -20  -41  -10  -29  -47    6    4
   3   25   38   26    7    8   23   32
 -44   27   40   21  -15   50    9   24
  56   49   81   -6  -29   11   23  -34
  60  -33   48  -18  -25   -9  -72    5
   5  -21  -19   37  -44   -7   45    3
  31  -22   10  -56  -28  -16   30  -26
  -8  -16   43  -13  -31   22   -2   26
  16  -20  -43  -11  -30  -48    6    6
   3   24   36   25    6    7   22   32
 -45   25   43   20  -15   50   11   25
  56   50   81   -4  -29   11   25  -36
  59  -36   48  -15  -23   -7  -71    4
   8  -22  -19   38  -42   -4   46    2
  28  -22   11  -56  -28  -17   29  -26
  -7  -16   41  -12  -30   23   -2   27
  14  -21  -44  -12  -28  -47    5    6
   2   24   36   26    6    7   23   32
 -43   25   42   19  -16   50   10   25
  56   50   80   -5  -30   10   23  -36
  60  -35   48  -15  -25   -8  -71    4
   7  -21  -17   38  -42   -6   44    2
  29  -22   11  -55  -28  -16   29  -26
  -7  -17   41  -12  -31   23    0   26
  16  -20  -42  -11  -28  -47    5    4
   2   24   36   26    5    6   23   33
 -42   24   43   18  -16   50   11   25
  55   50   80   -5  -30   11   22  -36
  60  -35   49  -15  -25   -8  -71    4
   7  -21  -17   38  -41   -6   44    2
  28  -22   11  -55  -28  -15   29  -26
  -7  -17   41  -12  -31   24    0   26
  16  -19  -42  -11  -28  -46    4    3
   3   23   36   29    5    6   22   35
 -42   24   44   15  -18   56   12   29
  55   53   82   -4  -31    9   21  -37
  64  -36   50  -14  -27   -9  -72    2
   5  -19  -17   39  -41   -9   45    0
  27  -22   11  -55  -29  -15   27  -27
  -5  -17   42  -11  -34   24    5   28
  18  -19  -40  -10  -29  -46    6    1
   3   24   36   25    6    8   22   32
 -44   25   43   20  -15   50   10   25
  55   50   80   -4  -30   11   24  -36
  59  -36   48  -15  -24   -8  -71    4
   7  -21  -18   37  -42   -5   46    2
  28  -22   11  -56  -28  -17   30  -27
  -7  -16   42  -12  -31   23   -1   26
  15  -21  -43  -11  -28  -47    6    6
   3   24   36   26    7    7   22   32
 -44   25   42   20  -15   51   11   26
  56   50   81   -4  -29   11   23  -36
  60  -35   48  -16  -24   -8  -72    3
   7  -21  -18   37  -42   -6   46    2
  29  -22   11  -56  -28  -17   29  -26
  -7  -17   42  -12  -31   23   -1   27
  15  -21  -43  -11  -29  -47    5    5
   3   24   37   27    7    7   23   33
 -44   27   41   20  -16   51   10   25
  56   50   81   -5  -30   10   23  -35
  61  -34   48  -17  -25   -9  -72    4
   5  -21  -19   37  -44   -7   46    2
  30  -22   11  -57  -28  -17   30  -26
  -7  -16   43  -13  -31   23    0   26
  16  -20  -43  -11  -29  -48    7    6
   3   24   37   26    5    8   22   31
 -45   25   43   20  -15   50   10   23
  55   50   80   -4  -29   11   24  -35
  59  -35   48  -15  -24   -8  -71    4
   7  -21  -19   38  -42   -5   47    2
  29  -22   11  -57  -28  -17   30  -26
  -6  -16   42  -12  -31   22   -1   27
  15  -22  -45  -11  -28  -48    6    6
   3   26   34   27    8    7   24   36
 -40   26   41   16  -18   53   12   30
  56   50   81   -5  -32    9   21  -39
  61  -38   50  -15  -28   -9  -72    2
   7  -21  -16   36  -43   -7   43    3
  28  -23   12  -56  -27  -15   27  -28
 -10  -16   40  -12  -31   26    0   25
  16  -18  -37   -8  -30  -44    3    2
   2   24   35   27    5    6   22   34
 -42   24   44   16  -16   52   12   28
  56   50   80   -4  -31   10   23  -39
  61  -38   49  -13  -26   -8  -70    3
   8  -22  -16   38  -41   -5   44    2
  27  -22   12  -55  -28  -15   27  -27
  -7  -17   40  -11  -32   25    1   26
  15  -20  -41   -9  -28  -44    4    2
   2   25   36   27    7    7   23   34
 -42   26   41   18  -16   52   11   27
  56   50   81   -5  -31   10   22  -36
  62  -35   49  -16  -27   -9  -71    4
   6  -21  -17   37  -44   -7   44    3
  29  -22   11  -55  -28  -15   28  -27
  -8  -17   42  -13  -32   24    1   26
  17  -19  -40   -9  -30  -46    5    2
   3   25   36   26    7    8   23   33
 -44   26   41   19  -16   51   11   26
  55   51   81   -5  -30   10   23  -36
  60  -36   49  -16  -26   -9  -72    3
   6  -21  -18   37  -43   -6   46    2
  29  -22   11  -57  -28  -16   29  -27
  -8  -15   42  -12  -31   24    0   25
  16  -20  -41  -11  -29  -46    5    5
   3   24   36   26    7    7   23   32
 -44   26   41   20  -16   51   10   25
  56   51   82   -6  -30   10   22  -35
  60  -33   48  -18  -25   -8  -72    4
   5  -21  -19   37  -43   -8   46    1
  30  -22   10  -56  -28  -16   29  -26
  -7  -17   42  -12  -30   23   -1   26
  17  -20  -42  -11  -29  -48    6    5
   3   24   37   26    6    7   22   33
 -43   25   43   18  -16   51   10   25
  56   50   80   -4  -30   10   23  -37
  60  -36   48  -15  -25   -8  -71    4
   7  -21  -17   38  -42   -6   45    2
  28  -22   11  -56  -28  -16   29  -27
  -7  -16   42  -12  -32   23    0   27
  15  -21  -42  -11  -28  -46    6    4
   3   32   32   32    6    2   26   54
 -24   24   41    0  -29   60   16   37
  56   51   68   -7  -41    9    6  -47
  66  -47   56   -6  -40  -16  -72    2
   5   -9   -6   34  -38  -12   29    8
  26  -28   14  -48  -28  -10   20  -38
 -15  -10   38   -6  -40   32   19   23
  17   -8  -10   -4  -34  -37   -6  -15
   8   20    7   27    0   21    0   60
 -17   18   50  -40   -6   62   27   57
  37   24   36   29  -26  -13   37  -70
  53 -102   35   33  -39    7  -49  -44
  47  -28  -24   42  -12   27   24   -1
  -8    3   33  -42  -10  -14  -16  -45
   9   -2   26    5  -29   18   -9   39
 -17  -31   -4   15    0   26  -14  -10
   5   27   32   34    6    8   21   45
 -38   24   44    8  -25   62   12   34
  52   58   79   -5  -38    4   15  -38
  68  -36   49  -10  -35  -13  -74    0
   0  -14  -14   39  -40  -10   47   -3
  24  -22   13  -57  -30  -14   22  -35
  -2  -15   41  -11  -38   28   16   26
  21  -17  -27   -5  -29  -42    7   -4
   3   24   36   26    6    7   23   33
 -44   26   42   19  -16   51   11   26
  55   50   81   -4  -30   10   23  -36
  60  -36   49  -16  -25   -8  -72    4
   7  -21  -19   37  -43   -6   45    2
  29  -22   11  -56  -29  -16   29  -27
  -7  -16   42  -12  -31   24    0   26
  16  -20  -43  -11  -28  -47    5    5
   3   24   35   27    7    6   24   34
 -41   26   42   16  -18   54   12   29
  56   51   82   -6  -31   10   20  -37
  62  -36   50  -16  -27   -9  -72    3
   6  -20  -17   37  -43   -9   43    2
  29  -23   12  -55  -27  -15   27  -27
  -8  -17   41  -11  -31   24    1   26
  17  -18  -39   -9  -30  -46    3    2
   3   24   36   25    7    7   23   31
 -44   25   41   21  -16   49   10   24
  55   50   80   -5  -29   11   23  -35
  59  -34   48  -17  -24   -8  -71    4
   6  -21  -18   37  -42   -6   45    2
  29  -23   11  -56  -28  -16   30  -27
  -8  -16   41  -12  -30   23   -2   25
  16  -20  -42  -12  -29  -47    4    5
   3   26   34   29    7    6   23   37
 -40   26   42   16  -19   54   12   30
  55   52   81   -6  -33    9   19  -38
  63  -36   50  -15  -28  -10  -72    3
   5  -20  -16   36  -44   -8   44    2
  28  -22   12  -56  -28  -15   27  -28
  -8  -16   40  -13  -32   26    3   25
  17  -18  -37   -7  -30  -45    4    1
   3   25   35   27    6    5   23   36
 -39   24   43   14  -18   53   12   30
  55   51   80   -5  -32    9   20  -38
  62  -37   51  -13  -28   -9  -71    2
   7  -21  -15   37  -42   -8   42    3
  27  -23   12  -54  -27  -15   26  -27
  -8  -17   39  -12  -32   27    3   26
  16  -18  -38   -8  -29  -44    3    0
   3   26   35   29    7    6   24   37
 -39   26   42   14  -19   55   13   31
  56   51   81   -6  -33    9   19  -38
  63  -37   51  -15  -29  -10  -72    3
   6  -20  -16   37  -44   -9   42    3
  29  -23   12  -55  -28  -15   27  -28
  -9  -16   41  -12  -33   26    3   25
  17  -17  -36   -7  -30  -45    3    0
   2   25   35   27    5    6   22   36
 -41   24   45   14  -16   53   12   28
  56   51   79   -3  -32   10   22  -40
  62  -38   50  -11  -27   -8  -71    3
   8  -22  -15   38  -41   -5   43    3
  26  -22   12  -55  -28  -15   26  -28
  -7  -17   40  -11  -34   26    3   27
  15  -20  -39   -9  -28  -43    4    1
   3   24   35   25    7    7   24   33
 -42   25   42   18  -17   51   11   27
  56   50   81   -5  -30   10   22  -37
  60  -36   49  -16  -26   -8  -72    3
   7  -21  -17   37  -42   -7   44    2
  28  -23   11  -55  -27  -15   28  -26
  -9  -16   40  -11  -30   24    0   25
  16  -19  -40  -10  -29  -46    3    4
   2   23   36   24    5    5   23   31
 -42   23   43   19  -15   48   11   25
  55   49   80   -4  -29   11   22  -36
  58  -35   49  -15  -23   -7  -70    4
   8  -22  -16   37  -40   -5   43    3
  27  -22   11  -53  -27  -16   29  -25
  -9  -17   39  -11  -30   24    0   26
  15  -19  -42  -11  -28  -46    2    4
   0   35    2   18    6    2   -1   56
  15   21   20  -54    0   50   25   47
  39   -3   -4   30  -17   -7   30  -74
  37 -108   22   23  -46    9  -28  -37
  56  -23  -23   41    2   27  -16   20
 -10    7   31   -4  -10   -1  -29  -45
  -2    9   14   24  -26    2   -6   35
 -30   -4   34    6    0   55  -38  -40
   3   38    1   16    5   14   -4   55
  12   21   25  -58    4   47   19   44
  38   -8   -8   36  -21  -18   34  -73
  38 -110   17   33  -48    7  -33  -46
  51  -21  -22   42    0   34   -5    7
 -13   15   35  -14   -5   -1  -36  -53
   5    9   15   24  -30    2   -9   39
 -28  -12   35   12    0   58  -30  -38
   6   29   21   32    7    6   17   50
 -29   23   46   -7  -21   58   16   44
  52   47   65    0  -36    0   16  -52
  62  -55   48    1  -37   -9  -64   -9
  13  -19   -7   36  -33   -1   36    3
  17  -12   21  -50  -20  -15   11  -37
  -1  -14   33   -4  -35   28   12   27
   9  -19  -19    5  -20  -22   -3  -13
   3   25   36   26    7    8   23   33
 -43   26   42   19  -15   50   11   25
  55   50   80   -5  -30   10   23  -36
  60  -36   49  -15  -25   -8  -71    4
   7  -21  -18   36  -43   -5   46    3
  29  -23   12  -57  -28  -17   29  -27
  -8  -16   41  -13  -31   25   -1   25
  15  -20  -42  -10  -29  -46    5    5
   3   26   34   25    7    6   24   35
 -40   25   43   17  -18   50   11   28
  56   49   79   -5  -31   10   21  -38
  59  -38   50  -14  -27   -9  -71    3
   8  -20  -15   36  -42   -6   42    3
  28  -23   12  -55  -27  -15   28  -28
 -10  -15   40  -10  -31   26    0   25
  15  -19  -37   -9  -29  -44    2    2
   3   26   36   27    8    7   24   35
 -41   27   41   18  -17   51   11   27
  56   49   80   -6  -32   10   21  -37
  61  -37   50  -16  -27  -10  -72    4
   6  -20  -17   36  -44   -7   43    4
  30  -24   12  -56  -28  -16   28  -29
 -10  -15   41  -12  -32   26    0   25
  16  -18  -38   -9  -31  -45    4    3
   1   27   30   29    4    3   22   45
 -34   21   48    3  -21   57   17   38
  55   51   75   -1  -36    8   18  -48
  64  -48   53   -3  -32   -9  -69    0
  12  -21  -10   37  -38   -4   37    4
  20  -23   15  -51  -27  -14   20  -32
  -9  -16   34   -8  -36   33   10   27
  13  -16  -28   -4  -27  -35   -2   -8
   2   38   24   31    7   -3   28   68
 -11   23   48  -16  -35   65   28   55
  60   46   58   -2  -45   11    2  -64
  66  -72   64    3  -45  -13  -67   -5
  19  -10   -1   30  -37  -10   14   17
  18  -31   18  -39  -26  -10   14  -47
 -21   -6   29    2  -39   41   20   28
   8   -2    6    4  -33  -19  -19  -28
   4   36   22   32    9   -6   28   70
  -9   23   49  -20  -39   70   31   61
  62   47   59   -3  -45   12    1  -66
  68  -76   65    2  -46  -12  -67   -9
  19   -8   -1   30  -37  -14   11   16
  19  -30   18  -35  -24  -10   12  -47
 -21   -7   29    5  -39   39   22   31
   8    0    8    6  -33  -16  -22  -32
   3   26   33   30    5    5   23   41
 -37   24   45    9  -21   58   14   34
  55   53   80   -4  -34    8   18  -41
  65  -40   52  -10  -31  -10  -72    1
   6  -19  -14   38  -41   -9   41    1
  25  -23   13  -54  -28  -14   24  -30
  -7  -16   39  -10  -35   28    9   27
  17  -17  -33   -6  -29  -41    2   -3
   2   29   30   32    6    2   24   49
 -32   23   46    3  -25   60   17   41
  56   54   76   -5  -40    7   13  -47
  67  -45   54   -7  -36  -12  -70    1
   7  -18   -9   36  -40   -8   36    4
  23  -24   15  -51  -28  -13   20  -34
  -9  -15   35   -9  -37   33   16   25
  16  -12  -22   -2  -30  -36   -1  -11
   3   25   33   30    5    4   23   40
 -37   23   45    9  -20   57   14   34
  55   53   79   -5  -35    8   18  -42
  64  -40   52  -10  -31  -10  -71    2
   7  -20  -12   37  -40   -8   41    2
  25  -22   13  -53  -28  -14   24  -29
  -8  -17   38  -10  -35   28    9   26
  17  -17  -33   -6  -28  -41    1   -3
   2   16   11   14    0    0    1   55
 -11    7   54  -45    2   52   29   62
  41   16   38   34  -22   -5   43  -84
  44 -109   43   35  -31   14  -40  -39
  65  -41  -12   42    1   36    8   12
 -18   -2   33  -23  -12  -15  -16  -30
 -10  -14   11   10  -22   28  -12   40
 -31  -23  -13    9    0   37  -37  -23
   8   19   15   30    1    7    8   59
 -21   14   54  -28  -17   68   31   60
  42   43   57   18  -30   -4   26  -65
  62  -83   48   19  -35    3  -58  -29
  36  -25  -17   41  -17   10   30   -2
  -2   -9   26  -41  -21  -16   -2  -38
   2  -11   25    1  -32   29    7   35
  -6  -22  -14    6   -9    2  -12  -12
   3   22   35   29    4    7   20   35
 -43   23   45   15  -17   55   12   28
  53   54   82   -3  -31    8   22  -37
  63  -35   49  -12  -26   -8  -72    2
   6  -21  -17   39  -40   -7   47    0
  25  -20   12  -55  -29  -16   26  -26
  -3  -18   40  -12  -33   24    5   27
  17  -20  -42   -9  -26  -46    7    2
   3   25   34   30    6    5   23   39
 -38   24   44   11  -21   57   13   33
  56   53   81   -5  -35    8   18  -40
  65  -37   51  -12  -31  -11  -72    2
   5  -19  -14   37  -42  -10   42    1
  27  -23   12  -54  -28  -14   25  -29
  -8  -17   39  -11  -34   28    8   26
  18  -16  -33   -7  -30  -43    3   -2
   2   29   30   32    6    2   23   48
 -32   23   46    1  -25   61   18   41
  57   53   76   -4  -38    8   15  -49
  67  -48   55   -6  -36  -11  -70    0
   9  -19   -9   37  -40   -8   35    4
  23  -24   15  -50  -27  -13   20  -34
 -10  -15   35   -8  -37   33   13   26
  15  -14  -24   -2  -29  -35   -2  -11
   2   27   29   29    8    2   24   43
 -34   24   46    6  -23   58   18   40
  57   51   79   -5  -35    9   17  -46
  64  -46   54   -9  -32   -9  -69    0
  10  -20  -13   36  -42   -9   37    4
  24  -24   15  -51  -26  -14   22  -32
 -11  -15   36   -7  -33   31    6   26
  14  -15  -28   -3  -29  -37   -2   -6
   5   38   10   23   12   -2   24   74
   0   24   46  -31  -33   62   38   70
  58   30   41    8  -40    7    9  -78
  57 -103   60   12  -45   -3  -55  -26
  41  -15   -7   26  -29    4    0   22
   7  -26   26  -29  -18  -11    1  -54
 -24    0   20   13  -29   38    2   32
 -11   -2   20   12  -23   12  -37  -31
   5   38   10   22   13   -5   25   76
   3   22   45  -33  -35   62   40   73
  57   28   39    8  -40    9    7  -81
  55 -107   62   12  -45   -2  -54  -26
  44  -14   -6   25  -27    4   -4   24
   6  -28   26  -25  -18   -9    0  -54
 -27    1   17   15  -28   39    3   32
 -14    1   25   11  -23   15  -42  -34
   6   39    9   22   15   -6   26   77
   3   23   46  -31  -37   61   39   73
  58   29   37    6  -42    9    4  -79
  56 -105   62   11  -45   -4  -54  -26
  40  -11   -3   23  -28    2   -3   25
   7  -28   24  -25  -17  -11    1  -56
 -28    1   17   16  -28   40    5   32
 -13    2   28   12  -25   13  -41  -35
   3   35   15   26    9   -4   22   70
  -7   20   50  -25  -31   63   34   66
  57   38   49    6  -43    8   10  -74
  61  -90   59   11  -43   -5  -57  -18
  33  -17   -4   31  -29    2    8   17
   8  -24   22  -31  -21  -12    5  -48
 -20   -5   21    9  -32   38   11   33
  -5   -3   10    9  -22    1  -29  -31
   3   36   17   29   10   -7   27   70
 -10   21   50  -19  -38   66   34   65
  59   46   57    0  -45   12    3  -70
  65  -80   64    4  -43   -8  -62  -11
  25  -14   -2   30  -35   -6   12   16
  13  -29   20  -34  -24  -11   11  -47
 -21   -7   23    7  -34   41   18   30
   2    0    8    6  -27  -10  -26  -31
   2   27   14   22    1  -11   13   78
  15   12   45  -42  -27   73   43   66
  50   21   29   21  -32   12    9  -89
  58 -107   56   18  -42    4  -50  -25
  45  -10  -17   37  -11    1  -19   20
  -1  -22   18   -6  -24    0  -13  -42
 -23    1   21   27  -30   22   13   46
 -17    8   35   -4  -21   22  -39  -45
   2   33   -1   16    9   17   -2   47
  20   32   12  -64    9   43   19   38
  34  -21  -18   27   -9  -18   36  -57
  30 -115    8   31  -53    6  -24  -52
  60  -19  -29   38    1   23  -20   21
  -8   15   42  -10    3   -3  -38  -55
   0   19   21   17  -23   -3  -21   31
 -31  -14   40   24    1   68  -35  -32
   3   33   -2   16    8   21   -5   47
  12   32   18  -65   12   40   18   41
  34  -20  -17   31  -12  -23   41  -58
  31 -116    8   36  -51    7  -25  -56
  61  -25  -26   38    0   30   -9   19
 -12   22   45  -17    7  -10  -37  -56
   6   15   20   14  -24    0  -24   32
 -33  -23   29   30    7   68  -30  -29
   6   23   14   25    1    3    6   69
  -1   13   49  -42  -16   75   37   64
  47   25   39   26  -28    0   25  -84
  59 -106   50   25  -41    6  -54  -34
  45  -19  -20   42  -11   11    5    7
  -4  -11   24  -24  -19   -8  -14  -40
  -9   -3   26   17  -32   22    3   45
 -17  -13   10    0  -15   22  -26  -28
   5   28   28   35    5    4   19   53
 -32   21   50   -2  -26   66   21   44
  52   57   75    0  -39    5   14  -50
  69  -51   54   -1  -37  -10  -72   -4
  10  -17  -11   38  -36   -7   40    0
  17  -22   16  -52  -30  -15   17  -37
  -4  -14   35   -6  -39   34   19   28
  14  -15  -21   -2  -26  -33    0  -11
   2   29   28   31    5    4   21   48
 -33   23   48    1  -22   58   18   41
  54   52   74   -1  -37    6   17  -48
  65  -49   53   -2  -33   -9  -68   -1
  12  -21  -11   36  -39   -3   38    4
  20  -22   17  -52  -27  -14   19  -35
  -7  -15   33   -9  -36   34   11   26
  13  -16  -26    0  -25  -33   -1   -8
   3   32   23   32    7    0   23   56
 -24   22   49   -9  -28   63   22   50
  57   50   67   -2  -40    6   12  -57
  65  -61   57    1  -40  -10  -67   -6
  16  -17   -4   34  -36   -5   29    7
  17  -22   19  -46  -24  -13   15  -40
 -11  -12   31   -2  -38   36   16   27
  10  -12  -13    3  -26  -23  -10  -18
   3   31   16   30    4   -1   16   66
 -15   18   53  -21  -29   63   30   60
  51   45   54    8  -42    4   12  -66
  64  -78   53   12  -39   -3  -56  -15
  28  -19   -8   36  -28    3   19    9
   6  -18   22  -36  -24  -12    4  -45
  -6   -9   22    3  -34   34   17   35
   0   -7    0    8  -16   -4  -18  -26
   0   12   18   17   -3   -3    1   61
 -13    1   60  -43   -2   67   40   66
  45   27   50   38  -21    3   44  -91
  53 -111   54   32  -29   17  -47  -33
  66  -42  -19   49    0   30    9    7
 -19  -11   25  -21  -22  -14  -11  -25
 -11  -16   15   12  -29   29   -5   46
 -28  -20  -19   -3   -4   28  -32  -23
   3   19   16   24    0   -4    9   65
 -10   10   58  -35  -19   72   40   68
  50   36   53   23  -29    7   26  -82
  61 -101   57   20  -34    8  -53  -28
  49  -28  -17   43  -15   11   10    8
  -5  -16   23  -25  -23  -13   -4  -35
 -10  -11   21   12  -31   30    5   44
 -15  -13   -8    1  -11   12  -27  -25
   1   15   24   21   -3   -8    6   65
   0    6   52  -44   -8   76   42   64
  48   25   51   29  -22    7   29  -88
  60 -106   61   25  -34    9  -56  -27
  55  -28  -19   45   -4   10   -1   11
  -8  -21   20  -16  -26   -9  -11  -25
 -20  -13   23   13  -32   30    5   45
 -20   -9   -4   -7  -20   17  -32  -29
   0   31    4   17   -1    1    1   64
  17   13   30  -50   -7   57   32   52
  40    2    4   33  -18   -1   23  -83
  42 -109   31   24  -41   10  -35  -36
  53  -18  -27   40   -1   25  -17   13
 -10   -1   26   -5  -16    4  -27  -45
  -3    9   15   30  -26    3   -3   44
 -26    1   39   -2   -5   46  -36  -40
  -2   31    4   11    1   12    2   47
  18   26   21  -65    6   39   28   46
  42  -17   -2   31   -2  -14   37  -61
  29 -126   25   31  -42   10  -21  -50
  78  -31  -34   37   -5   35  -21   23
 -10   -2   43  -11   -6   -2  -27  -53
   1   11   14    7  -22    5  -31   31
 -37  -11   23   23    1   68  -39  -29
   0   40    6   17    6    4   15   68
  18   27   30  -51  -18   52   36   60
  53    0   12   21  -19   -1   17  -76
  42 -125   46   20  -46    3  -37  -40
  63  -18  -26   31  -21   20  -21   26
   0  -18   34  -16  -14   -1  -14  -62
 -13   12   18   15  -25   18  -17   36
 -27    1   37   16  -14   47  -43  -37
   5   33   10   23    8   -4   18   74
   3   20   49  -39  -30   67   40   72
  57   25   35   15  -35    8   13  -84
  57 -112   58   17  -43    1  -50  -31
  48  -15  -12   32  -23    5   -6   21
   3  -21   25  -20  -17   -9   -4  -51
 -19    0   21   19  -29   29    2   42
 -16   -2   20   11  -17   21  -39  -36
   4   21    9   18    1   -1    8   58
  -8   10   54  -40  -12   56   31   64
  46   24   40   22  -26   -1   28  -78
  48 -100   47   25  -34    8  -44  -34
  51  -29  -10   38   -7   20    6   11
  -8   -7   29  -23  -13  -13  -10  -36
  -8  -11   14   13  -23   26   -2   40
 -19  -15   -3   10   -4   24  -34  -27
   6   23   14   29    1   11    8   56
 -23   18   53  -23  -14   61   25   52
  44   38   52   16  -33   -4   26  -63
  59  -79   43   20  -35    1  -57  -25
  31  -24  -15   39  -22   13   31    0
   2   -6   26  -45  -17  -15   -2  -40
   3   -9   27    0  -32   26    3   35
  -4  -24  -13    8   -9    0   -9  -12
   4   23   19   29    1    3   11   57
 -25   14   54  -16  -20   63   27   52
  47   47   61   13  -34    2   23  -64
  62  -73   50   12  -34    0  -60  -17
  29  -25  -13   41  -22    8   31    0
   3  -13   21  -41  -25  -15    5  -35
  -1  -12   27    2  -33   30   10   34
  -1  -18  -17    0  -12   -9  -11  -15
   3   32   21   33    7   -1   21   61
 -23   21   51   -9  -32   65   26   54
  54   53   66    0  -44    6    9  -58
  68  -62   56    2  -40   -9  -65   -7
  15  -16   -7   35  -36   -6   29    6
  14  -22   18  -44  -26  -13   12  -42
  -8  -12   28    0  -37   37   21   30
   9   -8   -7    3  -24  -21   -9  -21
   4   22   16   27    0    5    6   67
 -13   13   54  -33  -15   69   36   61
  45   35   47   26  -32    1   29  -78
  61  -98   49   26  -38    6  -55  -28
  45  -27  -19   43  -14   17   18    5
  -5  -11   24  -33  -22  -13   -7  -39
  -4   -6   24    8  -34   28    5   41
 -14  -18   -4    2   -9   13  -20  -20
   2    7   14   13   -6   -1   -1   57
  -6    1   59  -50    1   62   40   66
  41   16   42   41  -13    0   45  -89
  47 -119   50   36  -26   21  -41  -42
  73  -41  -24   47    4   32    2    8
 -21   -6   28  -16  -16  -14  -17  -24
  -8  -15   14   14  -22   23  -14   49
 -34  -22  -18    1    1   38  -36  -21
   5   17    1   16   -2   -2    3   60
  11    6   40  -47  -11   60   35   59
  37   11   17   29  -16    2   21  -85
  41 -105   37   23  -33   14  -37  -39
  52  -18  -23   37    5   19  -16    9
 -10   -3   24   -5  -13    1  -24  -33
  -7    1   13   31  -18    5   -2   44
 -25   -2   26   -2   -2   38  -40  -33
   5   31  -15   17    7   26   -7   46
  15   32    1  -56    7   32   16   33
  16  -20  -32   24  -11  -21   32  -48
  20 -100   -7   29  -51    8  -17  -54
  52  -18  -32   29    6   30  -18   18
 -12   26   44  -15    8   -2  -41  -57
   8   32   15   20  -16  -10  -20   18
 -30  -16   51   27   16   66  -30  -23
   3   28    0    8   12   10   -2   39
  23   29   13  -68   16   35   21   42
  32  -29  -10   28    0  -21   38  -52
  24 -119   17   28  -45    8  -22  -58
  71  -27  -26   32    5   22  -19   27
 -13   11   45   -6    6  -13  -35  -47
  -7    8   15   11  -13    9  -32   28
 -39  -15   24   28   -1   70  -42  -29
   0   36    2   11    7    7   13   57
  19   26   24  -51   -8   40   34   55
  45   -9   10   25  -11   -8   24  -69
  32 -125   40   22  -41    8  -30  -45
  73  -26  -31   28  -15   31  -19   25
  -5  -17   40  -16  -12   -1  -19  -58
 -13   12   10    8  -18   20  -31   27
 -35   -1   33   17  -10   56  -46  -28
   5   45   -2   13   17    5   26   70
  20   30   26  -38  -29   41   36   62
  48    1   13   11  -28   -1    5  -72
  36 -120   51   13  -47   -1  -42  -40
  56  -11  -17   15  -24   17  -16   29
   4  -27   35  -21  -11   -3   -9  -69
 -27   18   10   15  -18   32  -20   21
 -25    7   53   16  -22   39  -52  -31
   7   39   11   29   13   -6   30   73
  -1   26   48  -28  -43   66   35   71
  63   39   46   -4  -44   10   -2  -71
  62  -90   63    4  -47  -10  -59  -20
  26   -5    0   24  -37  -12    1   21
  18  -26   23  -30  -15  -11    8  -55
 -20   -3   24   12  -32   36   14   33
   1    1   20   17  -26   -1  -31  -36
   3   28   24   29    3    3   19   51
 -30   20   51   -5  -21   57   22   46
  52   49   69    2  -36    5   19  -54
  62  -60   54    3  -33   -6  -65   -7
  21  -24  -10   36  -34    2   34    5
  13  -20   20  -48  -26  -15   15  -36
  -7  -14   29   -5  -34   35    9   27
   6  -16  -23    1  -21  -24   -7  -10
   2   25   30   30    3    5   17   42
 -39   22   48    6  -17   53   14   34
  52   51   74    0  -35    5   21  -44
  63  -43   48   -3  -28   -7  -66    0
  11  -24  -12   38  -36    0   43    2
  20  -17   16  -53  -27  -16   20  -30
  -2  -18   35  -11  -35   29    9   26
  12  -20  -35   -3  -21  -36    3   -3
   3   26   28   31    1    8   15   43
 -40   21   49    6  -17   53   14   33
  47   53   73    1  -35    3   21  -42
  63  -43   46   -1  -29   -7  -67    0
  11  -23  -13   39  -35    2   47    0
  17  -15   17  -56  -28  -17   19  -33
   1  -16   34  -11  -35   29   11   26
  12  -21  -33   -3  -18  -36    5   -1
   5   28   20   33    3    6   14   56
 -29   20   50  -10  -21   60   21   48
  47   51   64    5  -40   -1   18  -55
  64  -60   49    8  -37   -6  -63  -10
  18  -22   -8   37  -29    5   37    1
   9  -13   21  -50  -24  -15    8  -39
  -1  -13   28   -6  -36   34   16   27
   6  -18  -16    4  -17  -18   -5  -13
   2   20    9   18   -3    1    2   65
  10   13   43  -51   -8   63   39   61
  42    6   21   34  -16    0   28  -85
  47 -119   42   27  -35   14  -38  -41
  63  -24  -30   40   -5   22  -15   16
  -9   -7   28  -10  -15   -4  -21  -40
  -6    1   19   21  -23   10  -11   49
 -29   -7   18    5   -4   42  -36  -31
   1   33   -2   14   -1   14   -9   58
  13   15   23  -53    6   45   24   43
  29   -9  -14   43  -16  -12   35  -78
  33 -108   12   33  -40   14  -27  -44
  54  -23  -29   39    5   43  -10    9
 -18   16   29   -9   -8    1  -36  -46
   8   13   11   30  -25   -6  -12   41
 -33   -8   38    3    6   60  -30  -32
   6   27  -13   12    8   22   -6   40
  19   30    2  -60   12   26   14   33
  14  -26  -28   23   -5  -25   31  -43
  16 -101   -2   30  -47    8  -15  -57
  57  -20  -28   25   10   28  -18   21
 -14   23   47  -12   11   -6  -41  -52
   3   24   12   15  -12   -3  -25   15
 -34  -17   43   32   14   68  -35  -22
   3   32    0   12   12   12   -1   44
  24   32   12  -68   12   38   19   41
  34  -27  -16   24   -5  -20   34  -52
  27 -116   15   27  -50    4  -25  -56
  64  -21  -24   32    2   17  -21   29
 -10   13   44   -6    7  -13  -35  -52
  -6   12   19   13  -17    5  -25   29
 -35  -14   32   30   -1   68  -39  -34
   0   39    0   10   11    6   15   59
  20   27   20  -48  -12   40   36   57
  46   -8    9   24  -12   -6   21  -69
  31 -126   42   17  -42    7  -30  -44
  72  -25  -32   26  -18   31  -19   25
  -4  -20   39  -15  -14    0  -17  -62
 -15   16    9   11  -18   21  -31   24
 -35    2   39   14  -12   56  -48  -28
   3   37    3   13    9    4   17   66
  16   25   31  -44  -19   49   37   62
  48    0   17   21  -20   -1   17  -76
  39 -123   48   18  -42    5  -39  -43
  63  -19  -26   26  -19   21  -16   24
  -1  -20   34  -17  -13   -3  -14  -59
 -19   11   14   16  -19   23  -22   33
 -29    0   37   13  -15   44  -47  -31
   3   44   -1   14   15    4   24   68
  18   29   25  -41  -27   41   36   62
  49    3   14   13  -24   -2    8  -71
  35 -120   50   13  -46    0  -39  -38
  60  -16  -18   18  -24   21  -15   28
   2  -25   37  -21  -12   -2   -8  -67
 -22   16    9   13  -20   31  -21   19
 -26    5   46   17  -18   41  -51  -30
   4   36   22   31    7    2   24   63
 -17   25   47  -14  -30   61   25   52
  57   44   56    0  -42    7    8  -60
  64  -72   57    5  -42  -10  -64   -9
  21  -13   -5   31  -37   -3   20   14
  18  -24   21  -43  -23  -12   13  -47
 -13   -6   30    0  -37   36   13   28
   6   -9   -1    7  -26  -17  -15  -21
   3   34   21   32   10   -4   25   63
 -17   23   49  -14  -33   65   27   59
  60   48   64   -1  -44    8    8  -63
  67  -69   60    1  -42  -10  -63   -8
  18  -16   -3   33  -38   -7   20   12
  17  -25   18  -40  -24  -12   12  -44
 -15  -11   27    1  -37   38   18   30
   7   -5   -2    6  -28  -16  -16  -26
   3   28   26   32    4    4   20   49
 -33   22   49    1  -25   59   20   43
  52   55   74   -1  -38    5   15  -48
  66  -49   52   -2  -33   -8  -68   -3
  12  -20  -11   37  -38   -4   40    2
  18  -20   17  -52  -28  -15   19  -36
  -4  -14   33   -8  -35   34   14   26
  13  -15  -24    0  -23  -33   -1   -9
   4   26   25   34    4    2   16   51
 -34   20   52   -3  -24   64   21   46
  51   57   74    2  -39    3   17  -52
  68  -52   51    0  -34   -6  -67   -5
  13  -21  -11   40  -34   -3   41    0
  15  -17   17  -49  -28  -16   15  -34
   0  -17   32   -6  -37   32   18   30
  11  -17  -25    0  -20  -29    0  -11
   4   27   30   33    4    8   18   43
 -39   25   45    8  -19   56   12   33
  51   54   76   -2  -36    3   18  -40
  65  -39   48   -6  -31  -10  -69    1
   6  -21  -13   37  -39   -3   46    0
  22  -17   15  -57  -28  -16   21  -32
   0  -16   38  -13  -36   28   12   25
  16  -20  -33   -2  -24  -39    6   -2
   4   29   -4   15    8   20   -6   44
  23   33    6  -69   16   36   17   36
  25  -30  -25   27   -4  -24   37  -48
  24 -113    3   32  -50    7  -20  -59
  62  -21  -29   31    5   23  -22   26
 -12   21   46  -10   10   -9  -41  -52
   1   19   19   12  -17   -3  -26   26
 -35  -18   37   33    6   72  -33  -28
   4   31   -4   12   12   17   -2   43
  24   34    5  -66   11   34   17   37
  27  -30  -22   23   -5  -23   32  -47
  23 -113    8   28  -51    4  -22  -59
  62  -18  -26   29    4   19  -22   28
 -11   16   46   -9    9  -11  -38  -54
  -4   19   18   13  -15    1  -26   24
 -35  -15   40   32    1   70  -39  -30
   6   27   -7    4   19    9    1   35
  27   30    6  -60   12   24   17   38
  22  -32  -14   21    0  -23   29  -44
  16 -110   15   22  -43    6  -20  -59
  67  -20  -25   21   10   19  -19   27
 -13    8   47   -3    8  -13  -36  -49
 -14   12    8   12   -6   14  -35   17
 -40  -11   37   27   -2   68  -49  -25
   0   41    1   10   11    7   14   55
  26   31   14  -55   -8   37   34   51
  46  -15   -1   21  -10   -8   21  -60
  30 -125   34   20  -46    4  -28  -45
  70  -21  -30   26  -15   26  -25   29
  -2  -17   39  -12  -11    0  -20  -64
 -13   18   11    9  -21   16  -28   22
 -34    3   44   19  -12   61  -45  -32
   0   43    0   10   12    7   15   58
  28   32   13  -51  -12   35   34   49
  45  -15   -5   20  -13   -7   17  -60
  30 -123   34   18  -47    2  -28  -44
  67  -17  -30   23  -16   24  -26   30
  -2  -19   38  -11  -11    0  -19  -66
 -14   21   11   11  -20   17  -26   22
 -33    6   51   18  -13   59  -46  -33
   0   41   -1   10   12    9   17   59
  21   29   19  -46  -14   37   35   54
  45   -9    6   22  -14   -6   20  -67
  30 -125   40   17  -44    6  -31  -45
  70  -22  -31   24  -18   30  -18   25
  -3  -20   39  -17  -13    0  -17  -65
 -15   18    9   11  -18   21  -31   22
 -34    3   44   15  -13   55  -48  -28
   2   37    5   15   10    0   19   69
  15   25   35  -45  -21   53   38   66
  52    5   22   19  -23    0   15  -79
  43 -123   53   17  -43    3  -42  -39
  62  -18  -21   27  -20   17  -16   26
   0  -23   33  -17  -14   -4  -11  -57
 -22    8   15   15  -22   27  -17   33
 -27    1   34   14  -18   40  -47  -33
   6   40   14   29   13   -4   31   71
  -3   28   45  -22  -42   63   32   66
  62   40   49   -6  -45    9   -3  -65
  63  -83   62    1  -47  -13  -61  -16
  22   -5    0   23  -40  -13    4   21
  20  -28   22  -34  -17  -10   10  -55
 -21   -2   26    8  -32   37   14   30
   4    1   18   16  -29   -7  -28  -33
   2   31   18   25    9   -1   24   53
 -22   20   47   -7  -25   51   22   51
  52   45   65    0  -39    5   12  -57
  57  -62   56    2  -35   -8  -60   -8
  22  -22   -2   30  -32    1   26   10
  13  -23   22  -43  -22  -13   13  -39
 -16  -13   21   -2  -29   41    8   22
   4   -9  -10    4  -23  -18  -19  -17
   6   33   19   34   11   -1   25   61
 -20   25   48  -11  -35   68   25   58
  58   51   66   -5  -44    5    5  -56
  69  -62   57   -2  -43  -12  -66  -10
  11  -11   -6   32  -40  -13   26    7
  20  -23   18  -44  -23  -13   12  -45
 -10  -11   31    0  -35   34   19   30
  12   -7   -3    8  -28  -21  -11  -23
   2   26   33   29    4    6   20   39
 -39   24   46   10  -17   52   13   31
  54   50   76   -2  -33    8   21  -41
  62  -41   50   -7  -28   -8  -69    2
  10  -22  -13   37  -39   -3   42    4
  24  -20   14  -54  -27  -16   24  -29
  -5  -16   38  -12  -34   28    5   26
  14  -20  -37   -6  -25  -41    3    0
   4   29   29   37    6    8   20   49
 -38   25   45    7  -25   62   14   38
  50   60   79   -5  -42    1   13  -39
  71  -36   48   -7  -36  -13  -72    0
   0  -17  -12   38  -41   -7   49   -2
  21  -20   15  -59  -31  -15   20  -37
   0  -16   37  -14  -38   32   20   23
  20  -15  -25   -1  -27  -40    8   -6
   4   27   -2    9   12   13   -1   38
  26   32    8  -70   16   32   17   38
  28  -33  -17   24    0  -24   34  -46
  21 -115   11   28  -47    5  -21  -60
  67  -21  -25   29    8   19  -23   28
 -12   14   47   -4   10  -12  -39  -49
  -7   12   15   11  -12    5  -30   25
 -37  -15   32   32    0   72  -43  -30
   4   25   -1    4   13    4    1   35
  33   26    8  -67   13   25   18   38
  25  -33  -14   21    4  -21   26  -42
  17 -109   18   23  -41    5  -19  -57
  68  -19  -21   22   11   14  -27   31
 -13    4   45    2    6  -12  -35  -45
 -14    7    8   11   -7   13  -28   20
 -38   -5   34   28   -4   68  -49  -32
   3   30    0    7   15    9    1   41
  29   32   10  -66   12   34   21   40
  32  -31  -13   24   -1  -19   31  -49
  24 -117   18   25  -47    5  -24  -58
  68  -19  -26   28    4   16  -25   30
 -10    5   44   -2    5  -11  -35  -51
 -12   12   14   12  -13   10  -30   26
 -38   -9   36   27   -6   69  -45  -32
   4   36   -9    2   21   11   12   45
  27   31    6  -46   -5   20   26   43
  29  -24  -10   19   -8  -15   19  -49
  17 -116   25   17  -42    5  -25  -53
  67  -17  -29   15   -3   27  -18   26
  -8  -11   42  -11   -3   -5  -26  -62
 -17   22    3   11   -9   22  -37   10
 -39    1   53   19  -10   62  -52  -21
   0   34    2    7   11    8    7   48
  25   29   14  -58    0   36   30   47
  41  -21   -4   26   -4  -12   30  -58
  27 -125   28   23  -44    7  -25  -51
  74  -24  -32   29   -6   27  -24   27
  -8   -9   40   -7   -7   -4  -26  -57
 -11   15   12   11  -17   12  -32   26
 -38   -2   37   19   -8   67  -46  -30
   0   40    1   11    8    6   15   57
  24   28   18  -53  -12   37   35   53
  47  -10    3   21  -10   -6   18  -64
  30 -124   40   19  -44    5  -27  -42
  71  -22  -29   26  -17   28  -24   27
  -2  -20   40  -13  -13    1  -17  -63
 -12   16    9    9  -20   18  -27   22
 -32    3   41   18  -11   57  -47  -32
   0   43    1   13   11    4   18   63
  24   28   19  -49  -18   41   37   56
  49   -5    5   20  -15   -3   15  -68
  33 -125   43   15  -46    3  -31  -40
  68  -19  -28   26  -20   25  -23   28
  -1  -24   37  -13  -16    1  -14  -66
 -15   18   10   13  -22   21  -23   24
 -31    8   47   14  -15   54  -48  -35
   6   36   10   28    9   -5   24   75
   3   24   50  -36  -40   68   38   72
  61   32   38    3  -39    9    1  -76
  61 -101   60   10  -46   -5  -54  -26
  35   -6   -6   28  -31   -7   -5   22
  13  -23   23  -23  -15   -9    1  -55
 -16   -1   24   17  -31   29   11   40
  -5    0   23   17  -21    9  -34  -38
   2   36   21   28    9   -4   28   65
 -12   20   47  -15  -34   59   27   56
  57   45   59   -2  -44    9    4  -63
  62  -71   63    4  -43  -12  -64   -7
  21  -14    0   29  -33   -4   15   15
  14  -30   20  -39  -24  -10   12  -45
 -23   -8   23    1  -36   44   17   24
   5   -2    5    4  -31  -16  -23  -27
   6   36   10   28   10   -5   24   74
   1   24   50  -33  -40   68   38   72
  61   34   39    3  -41   10    2  -75
  61  -99   59   10  -45   -4  -54  -25
  34   -6   -7   28  -32   -6   -2   20
  12  -23   23  -25  -16   -9    2  -55
 -16    0   24   16  -31   29   11   40
  -5    0   22   16  -20    8  -33  -36
   3   23   32   29    4    6   20   37
 -42   22   47   11  -18   55   14   32
  54   53   80   -2  -31    8   22  -41
  63  -40   50   -9  -27   -7  -70    1
   9  -22  -16   39  -40   -5   45    0
  24  -20   14  -55  -28  -15   25  -28
  -3  -17   38  -10  -33   27    5   28
  15  -21  -40   -7  -25  -42    4    0
   0   30   29   29    4    4   18   50
 -31   21   46    0  -17   52   15   37
  51   47   66    1  -40    3   20  -52
  61  -52   50    3  -35   -9  -64    0
  16  -24   -5   37  -32    6   35    8
  15  -18   18  -50  -27  -14   15  -34
  -9  -14   30   -9  -37   34   12   23
   7  -16  -22   -1  -23  -26   -5  -11
