Shape: torch.Size([1, 144, 64])
Range: [-128, 127]
Mean: -5.2739

量化值陣列:
  -7   27   -8  -10   -5   -6   -6  -12
  -7   -5  -10   -5   -5   -5   -9   -4
 -10   -9   -6   -7   -8   -8   -5   -5
  -6   -7   -5   -8  -11   -6   -6   -7
  -8   -8   -6   -7  -80   -6   -6   -9
  -6  -15   -7   -5  -10   -4   -6   -9
  -5   -8   -6   -6   -5   -6   -4   -6
  -7   -5   -6   -9   -9   -7 -111   -7
  -7   26   -8  -10   -5   -6   -6  -12
  -7   -5  -10   -5   -5   -5   -9   -4
 -10   -9   -6   -7   -8   -8   -5   -5
  -6   -7   -5   -8  -11   -6   -6   -7
  -8   -8   -6   -7  -79   -6   -6   -9
  -6  -14   -7   -5  -10   -4   -6   -9
  -5   -7   -6   -6   -5   -6   -4   -6
  -7   -5   -6   -9   -9   -7 -111   -7
  -7   25   -9  -10   -6   -7   -7  -13
  -7   -5  -10   -5   -6   -5  -10   -5
 -10   -9   -6   -7   -9   -8   -5   -5
  -6   -7   -5   -7  -11   -6   -7   -7
  -8   -8   -6   -8  -65   -6   -6  -10
  -6  -15   -7   -6  -10   -5   -7   -9
  -5   -8   -6   -6   -6   -6   -4   -6
  -7   -5   -6   -9   -9   -7 -113   -8
  -7   26   -9  -10   -6   -7   -7  -13
  -7   -5  -10   -5   -6   -5  -10   -5
 -10   -9   -6   -7   -9   -8   -5   -5
  -6   -7   -5   -8  -11   -6   -7   -7
  -8   -8   -6   -8  -64   -6   -6  -10
  -6  -15   -7   -6  -11   -5   -7   -9
  -5   -8   -6   -6   -6   -6   -4   -6
  -7   -5   -6   -9   -9   -7 -115   -8
  -8   27   -9  -11   -6   -8   -7  -14
  -8   -5  -11   -6   -6   -6  -11   -5
 -11  -10   -6   -8  -10   -9   -5   -5
  -7   -8   -6   -8  -12   -6   -7   -8
  -9   -9   -6   -8  -45   -7   -7  -11
  -7  -16   -8   -6  -11   -5   -7  -10
  -5   -8   -6   -7   -7   -6   -4   -7
  -8   -5   -6  -10  -10   -8 -121   -9
  -7   25   -8  -10   -5   -6   -6  -12
  -7   -5   -9   -5   -5   -5   -9   -4
 -10   -9   -6   -7   -8   -8   -5   -5
  -6   -7   -5   -7  -11   -6   -6   -7
  -8   -8   -5   -7  -80   -6   -6   -9
  -6  -14   -7   -5  -10   -4   -6   -9
  -5   -7   -5   -6   -5   -6   -4   -6
  -7   -5   -6   -9   -9   -7 -111   -7
  -7   26   -9  -10   -5   -7   -7  -13
  -7   -5  -10   -5   -5   -5  -10   -5
 -10   -9   -6   -7   -9   -8   -5   -5
  -6   -7   -5   -8  -11   -6   -6   -7
  -8   -8   -6   -8  -69   -6   -6  -10
  -6  -15   -7   -6  -11   -5   -7   -9
  -5   -8   -6   -6   -6   -6   -4   -6
  -7   -5   -6   -9   -9   -7 -115   -8
  -7   26   -9  -10   -6   -7   -7  -13
  -7   -5  -10   -5   -6   -5  -10   -5
 -10   -9   -6   -7   -9   -8   -5   -5
  -6   -8   -5   -7  -11   -6   -7   -7
  -8   -8   -6   -8  -62   -6   -6  -10
  -6  -15   -7   -6  -10   -5   -7   -9
  -5   -8   -6   -7   -6   -6   -4   -6
  -7   -5   -6   -9   -9   -7 -113   -8
  -7   26   -8   -9   -5   -6   -6  -12
  -7   -5   -9   -5   -5   -5   -9   -4
  -9   -8   -6   -7   -8   -8   -5   -5
  -6   -7   -5   -7  -10   -6   -6   -7
  -8   -7   -5   -7  -83   -6   -6   -9
  -6  -14   -7   -5  -10   -4   -6   -8
  -5   -7   -5   -6   -5   -6   -4   -6
  -7   -5   -6   -9   -9   -7 -108   -7
  -7   26   -8  -10   -5   -7   -7  -13
  -7   -5  -10   -5   -5   -5  -10   -5
 -10   -9   -6   -7   -9   -8   -5   -5
  -6   -7   -5   -8  -10   -6   -6   -7
  -8   -8   -6   -7  -72   -6   -6  -10
  -6  -15   -7   -6  -11   -5   -7   -9
  -5   -8   -6   -6   -6   -6   -4   -6
  -7   -5   -6   -9   -9   -7 -112   -8
  -7   28   -8   -9   -5   -6   -6  -12
  -7   -5   -9   -5   -5   -5   -9   -4
  -9   -9   -6   -7   -8   -8   -5   -5
  -6   -7   -5   -8  -10   -6   -6   -7
  -8   -7   -6   -7  -84   -6   -6   -9
  -6  -15   -7   -5  -10   -4   -6   -8
  -5   -7   -6   -6   -5   -6   -4   -6
  -7   -5   -6   -9   -9   -7 -108   -7
  -7   26   -8   -9   -5   -6   -6  -12
  -7   -5   -9   -5   -5   -5   -9   -4
  -9   -9   -6   -7   -8   -8   -5   -5
  -6   -7   -5   -7  -10   -6   -6   -7
  -8   -7   -5   -7  -83   -6   -6   -9
  -6  -14   -7   -5  -10   -4   -6   -8
  -5   -7   -5   -6   -5   -6   -4   -6
  -7   -5   -6   -9   -9   -7 -109   -7
  -5   19   -6   -7   -4   -4   -5   -9
  -5   -3   -6   -4   -3   -4   -6   -3
  -7   -6   -5   -4   -6   -6   -3   -4
  -4   -4   -4   -6   -8   -5   -4   -5
  -6   -6   -4   -5  119   -4   -5   -7
  -4  -11   -5   -4   -8   -3   -5   -6
  -3   -6   -5   -4   -4   -4   -3   -4
  -5   -4   -4   -6   -7   -5  -90   -5
  -7   23   -8   -9   -5   -6   -6  -12
  -7   -4   -9   -5   -5   -5   -9   -4
  -9   -8   -6   -6   -8   -7   -4   -4
  -6   -7   -5   -7  -11   -6   -6   -6
  -7   -7   -5   -7  -86   -6   -6   -9
  -6  -14   -6   -5  -10   -4   -6   -8
  -4   -7   -5   -6   -5   -5   -4   -5
  -6   -4   -5   -9   -8   -7 -108   -7
  -6   22   -7   -8   -4   -5   -6  -10
  -6   -4   -8   -4   -4   -5   -8   -4
  -8   -7   -5   -5   -7   -6   -4   -4
  -5   -5   -4   -7   -9   -5   -5   -6
  -7   -6   -5   -6 -114   -5   -6   -8
  -5  -12   -6   -4   -9   -4   -5   -7
  -4   -6   -5   -4   -4   -5   -3   -4
  -6   -4   -5   -7   -8   -6  -99   -6
  -6   23   -7   -8   -5   -6   -6  -11
  -6   -4   -8   -5   -4   -5   -8   -4
  -9   -7   -5   -6   -7   -7   -4   -4
  -5   -6   -5   -7  -10   -5   -5   -6
  -7   -7   -5   -6 -103   -5   -6   -8
  -5  -13   -6   -5   -9   -4   -6   -8
  -4   -7   -5   -5   -5   -5   -3   -5
  -6   -4   -5   -8   -8   -6 -102   -6
  -6   22   -7   -8   -5   -6   -6  -11
  -6   -4   -8   -5   -4   -5   -8   -4
  -9   -7   -5   -6   -7   -7   -4   -4
  -5   -6   -4   -7  -10   -5   -5   -6
  -7   -7   -5   -6 -104   -5   -6   -8
  -5  -13   -6   -5   -9   -4   -6   -8
  -4   -7   -5   -5   -5   -5   -3   -5
  -6   -4   -5   -8   -8   -6 -104   -6
  -7   25   -8   -9   -5   -6   -6  -12
  -6   -4   -9   -5   -5   -5   -9   -4
  -9   -8   -6   -6   -8   -7   -4   -4
  -6   -6   -5   -7  -10   -5   -6   -6
  -7   -7   -5   -7  -90   -6   -6   -9
  -6  -14   -6   -5  -10   -4   -6   -8
  -4   -7   -5   -5   -5   -5   -4   -5
  -6   -4   -5   -8   -8   -7 -108   -7
  -7   25   -8   -9   -5   -6   -6  -12
  -7   -5   -9   -5   -5   -5   -9   -5
  -9   -9   -6   -7   -8   -8   -5   -5
  -6   -7   -5   -7  -10   -5   -6   -7
  -8   -7   -5   -7  -80   -6   -6   -9
  -6  -14   -7   -5  -10   -4   -6   -9
  -5   -7   -5   -6   -5   -6   -4   -6
  -7   -4   -6   -9   -8   -7 -108   -7
  -7   24   -8   -9   -5   -6   -6  -12
  -7   -5   -9   -5   -5   -5   -9   -4
  -9   -9   -6   -7   -8   -7   -5   -5
  -6   -7   -5   -7  -10   -6   -6   -7
  -8   -8   -5   -7  -81   -6   -6   -9
  -6  -14   -7   -5  -10   -4   -6   -9
  -5   -7   -5   -6   -5   -5   -4   -5
  -7   -5   -6   -9   -8   -7 -112   -7
  -6   23   -7   -8   -5   -6   -6  -11
  -6   -4   -8   -5   -4   -5   -8   -4
  -8   -8   -5   -6   -7   -7   -4   -4
  -5   -6   -4   -7   -9   -5   -5   -6
  -7   -7   -5   -6 -107   -5   -6   -8
  -5  -13   -6   -5   -9   -4   -6   -8
  -4   -7   -5   -5   -5   -5   -4   -5
  -6   -4   -5   -8   -8   -6 -105   -6
  -6   24   -7   -8   -4   -5   -6  -11
  -6   -4   -8   -4   -4   -5   -8   -4
  -8   -7   -5   -5   -7   -7   -4   -4
  -5   -5   -4   -7   -9   -5   -5   -6
  -7   -6   -5   -6 -114   -5   -6   -8
  -5  -13   -6   -4   -9   -4   -5   -7
  -4   -6   -5   -4   -4   -5   -3   -4
  -6   -4   -5   -7   -8   -6 -100   -6
  -7   26   -8   -9   -5   -6   -6  -12
  -7   -5   -9   -5   -5   -5   -9   -4
  -9   -9   -6   -7   -8   -7   -4   -5
  -6   -7   -5   -7  -10   -5   -6   -7
  -7   -7   -5   -7  -84   -6   -6   -9
  -6  -14   -7   -5  -10   -4   -6   -8
  -5   -7   -5   -6   -5   -6   -4   -5
  -7   -5   -6   -9   -8   -7 -108   -7
  -6   23   -7   -8   -4   -5   -6  -11
  -6   -4   -8   -4   -4   -5   -8   -4
  -8   -7   -5   -5   -7   -7   -4   -4
  -5   -6   -4   -7   -9   -5   -5   -6
  -7   -6   -5   -6 -112   -5   -6   -8
  -5  -12   -6   -4   -9   -4   -5   -7
  -4   -6   -5   -4   -4   -5   -3   -5
  -6   -4   -5   -8   -8   -6 -100   -6
  -4   19   -5   -5   -3   -3   -4   -7
  -4   -3   -5   -3   -3   -4   -5   -3
  -6   -5   -4   -3   -4   -5   -3   -3
  -3   -3   -3   -5   -6   -4   -3   -4
  -5   -4   -3   -4   87   -4   -4   -5
  -4   -9   -4   -3   -7   -2   -4   -5
  -3   -4   -4   -3   -3   -4   -3   -3
  -4   -3   -3   -5   -6   -4  -73   -4
  -6   23   -7   -8   -4   -5   -5  -10
  -6   -4   -8   -4   -4   -5   -8   -4
  -8   -7   -5   -5   -7   -6   -4   -4
  -5   -5   -4   -6   -9   -5   -5   -6
  -6   -6   -5   -6 -115   -5   -5   -8
  -5  -12   -6   -4   -9   -4   -5   -7
  -4   -6   -5   -4   -4   -5   -3   -4
  -6   -4   -5   -7   -7   -6  -96   -6
  -6   24   -7   -8   -4   -5   -5  -10
  -5   -4   -7   -4   -4   -4   -8   -4
  -8   -7   -5   -5   -7   -6   -4   -4
  -5   -5   -4   -7   -8   -5   -5   -5
  -6   -6   -5   -6 -120   -5   -5   -8
  -5  -12   -5   -4   -9   -3   -5   -7
  -4   -6   -5   -4   -4   -5   -3   -4
  -6   -4   -5   -7   -7   -6  -97   -6
  -7   25   -8   -9   -5   -6   -6  -12
  -7   -5   -9   -5   -5   -5   -9   -5
  -9   -9   -6   -7   -8   -7   -5   -5
  -6   -7   -5   -7  -10   -5   -6   -7
  -7   -7   -5   -7  -79   -6   -6   -9
  -6  -14   -7   -5  -10   -4   -6   -9
  -5   -7   -5   -6   -5   -5   -4   -6
  -7   -4   -6   -9   -8   -7 -108   -7
  -6   26   -8   -9   -5   -6   -6  -12
  -6   -4   -9   -5   -5   -5   -9   -4
  -9   -8   -6   -6   -7   -7   -4   -4
  -6   -6   -5   -7   -9   -5   -5   -6
  -7   -7   -5   -7  -97   -6   -6   -9
  -6  -14   -6   -5  -10   -4   -6   -8
  -4   -7   -5   -5   -5   -5   -4   -5
  -6   -4   -5   -8   -8   -6 -105   -6
  -7   26   -8   -9   -5   -6   -6  -12
  -7   -5   -9   -5   -5   -5   -9   -4
  -9   -8   -6   -6   -8   -7   -4   -4
  -6   -7   -5   -7   -9   -5   -6   -7
  -7   -7   -5   -7  -86   -6   -6   -9
  -6  -14   -7   -5  -10   -4   -6   -8
  -5   -7   -5   -6   -5   -6   -4   -5
  -7   -4   -6   -9   -8   -7 -105   -7
  -6   25   -7   -8   -5   -6   -6  -11
  -6   -4   -8   -5   -5   -5   -8   -4
  -8   -8   -5   -6   -7   -7   -4   -4
  -5   -6   -4   -7   -9   -5   -5   -6
  -7   -7   -5   -6 -105   -5   -6   -8
  -5  -13   -6   -5   -9   -4   -6   -8
  -4   -7   -5   -5   -5   -5   -3   -5
  -6   -4   -5   -8   -8   -6  -99   -6
  -5   23   -6   -7   -4   -5   -5  -10
  -5   -3   -7   -4   -4   -4   -7   -3
  -7   -7   -5   -5   -6   -6   -4   -4
  -5   -5   -4   -6   -8   -5   -4   -5
  -6   -6   -4   -6  125   -5   -5   -7
  -5  -12   -5   -4   -8   -3   -5   -6
  -4   -6   -5   -4   -4   -5   -3   -4
  -5   -4   -5   -7   -7   -5  -92   -5
  -7   25   -8  -10   -5   -6   -6  -12
  -7   -5  -10   -5   -5   -5   -9   -4
 -10   -9   -6   -7   -8   -8   -5   -5
  -6   -7   -5   -7  -10   -6   -6   -7
  -8   -8   -5   -7  -78   -6   -6   -9
  -6  -14   -7   -5  -10   -4   -6   -9
  -5   -8   -5   -6   -6   -5   -4   -5
  -7   -5   -6   -9   -9   -7 -112   -7
  -6   23   -7   -8   -5   -6   -6  -11
  -6   -4   -8   -5   -5   -5   -8   -4
  -8   -8   -5   -6   -7   -7   -4   -4
  -5   -6   -4   -7   -9   -5   -5   -6
  -7   -7   -5   -6 -104   -5   -6   -8
  -5  -13   -6   -5   -9   -4   -6   -8
  -4   -7   -5   -5   -5   -5   -4   -5
  -6   -4   -5   -8   -8   -6 -102   -6
  -6   26   -7   -8   -4   -6   -6  -11
  -6   -4   -8   -5   -4   -5   -8   -4
  -8   -8   -5   -5   -7   -7   -4   -4
  -5   -6   -4   -7   -9   -5   -5   -6
  -7   -7   -5   -6 -109   -5   -6   -8
  -5  -13   -6   -5   -9   -4   -6   -7
  -4   -7   -5   -5   -5   -5   -3   -5
  -6   -4   -5   -8   -8   -6 -100   -6
  -6   26   -8   -9   -5   -6   -6  -11
  -6   -4   -8   -5   -5   -5   -9   -4
  -9   -8   -5   -6   -7   -7   -4   -4
  -6   -6   -5   -7   -9   -5   -5   -6
  -7   -7   -5   -6 -101   -6   -6   -8
  -5  -14   -6   -5  -10   -4   -6   -8
  -4   -7   -5   -5   -5   -5   -4   -5
  -6   -4   -5   -8   -8   -6 -103   -6
  -5   20   -6   -7   -4   -4   -5   -9
  -5   -3   -6   -4   -3   -4   -7   -3
  -7   -6   -5   -4   -6   -6   -3   -4
  -4   -4   -4   -6   -9   -5   -4   -5
  -6   -6   -4   -5  120   -5   -5   -7
  -5  -11   -5   -4   -8   -3   -5   -6
  -3   -6   -5   -4   -4   -4   -3   -4
  -5   -4   -4   -6   -7   -5  -90   -5
  -4   20   -5   -6   -3   -4   -4   -8
  -4   -3   -5   -3   -3   -4   -6   -3
  -6   -5   -4   -4   -5   -5   -3   -3
  -4   -4   -3   -6   -7   -4   -3   -4
  -5   -5   -4   -5   97   -4   -5   -6
  -4  -10   -4   -3   -7   -3   -4   -5
  -3   -5   -4   -3   -3   -4   -3   -3
  -4   -3   -4   -6   -6   -5  -81   -4
  -5   23   -6   -7   -4   -5   -5  -10
  -5   -3   -7   -4   -4   -4   -7   -3
  -7   -6   -5   -5   -6   -6   -4   -4
  -4   -5   -4   -6   -8   -5   -4   -5
  -6   -6   -5   -6  125   -5   -5   -7
  -5  -12   -5   -4   -8   -3   -5   -6
  -4   -6   -5   -4   -4   -5   -3   -4
  -5   -4   -4   -7   -7   -5  -93   -5
  -6   22   -7   -8   -4   -5   -6  -11
  -6   -4   -8   -4   -4   -5   -8   -4
  -8   -7   -5   -5   -7   -7   -4   -4
  -5   -6   -4   -7   -9   -5   -5   -6
  -7   -6   -5   -6 -111   -5   -6   -8
  -5  -12   -6   -5   -9   -4   -5   -7
  -4   -6   -5   -4   -5   -5   -3   -5
  -6   -4   -5   -8   -8   -6 -100   -6
  -6   23   -7   -9   -5   -6   -6  -11
  -6   -4   -9   -5   -5   -5   -8   -4
  -9   -8   -5   -6   -8   -7   -4   -4
  -5   -6   -5   -7  -10   -5   -5   -6
  -7   -7   -5   -7  -97   -6   -6   -9
  -5  -13   -6   -5   -9   -4   -6   -8
  -4   -7   -5   -5   -5   -5   -4   -5
  -6   -4   -5   -8   -8   -6 -105   -7
  -6   24   -7   -8   -5   -6   -6  -11
  -6   -4   -8   -5   -4   -5   -8   -4
  -8   -7   -5   -6   -7   -7   -4   -4
  -5   -6   -4   -7   -9   -5   -5   -6
  -7   -7   -5   -6 -108   -5   -6   -8
  -5  -13   -6   -5   -9   -4   -6   -7
  -4   -7   -5   -5   -5   -5   -3   -5
  -6   -4   -5   -8   -8   -6 -100   -6
  -5   17   -5   -7   -4   -4   -5   -9
  -5   -3   -6   -4   -3   -4   -6   -4
  -7   -6   -5   -5   -5   -6   -3   -4
  -4   -5   -4   -6   -8   -4   -4   -5
  -5   -5   -4   -5  116   -4   -5   -7
  -4  -10   -5   -4   -8   -3   -4   -6
  -4   -5   -4   -4   -4   -4   -3   -4
  -4   -3   -4   -6   -6   -6  -87   -5
  -3   11   -3   -4   -2   -2   -3   -5
  -3   -2   -3   -2   -2   -3   -4   -2
  -5   -4   -3   -2   -3   -3   -2   -3
  -3   -2   -2   -3   -5   -3   -2   -3
  -3   -3   -2   -3   64   -3   -3   -4
  -3   -6   -3   -2   -4   -2   -3   -4
  -2   -3   -3   -2   -2   -2   -2   -2
  -3   -2   -3   -4   -4   -3  -57   -3
  -4   17   -4   -6   -3   -4   -4   -8
  -4   -3   -5   -3   -3   -4   -6   -3
  -7   -5   -4   -4   -4   -5   -3   -3
  -4   -4   -3   -5   -7   -4   -3   -4
  -5   -5   -3   -5   96   -4   -5   -6
  -4   -9   -4   -3   -7   -3   -4   -5
  -3   -5   -4   -3   -3   -4   -3   -3
  -4   -3   -4   -5   -6   -5  -81   -4
  -5   24   -7   -7   -4   -5   -5  -10
  -5   -3   -7   -4   -4   -4   -7   -3
  -8   -7   -5   -5   -6   -6   -4   -4
  -5   -5   -4   -7   -8   -5   -4   -5
  -6   -6   -5   -6 -128   -5   -5   -7
  -5  -12   -5   -4   -9   -3   -5   -7
  -4   -6   -5   -4   -4   -5   -3   -4
  -5   -4   -5   -7   -7   -6  -95   -5
  -5   25   -7   -7   -4   -5   -5  -10
  -5   -4   -7   -4   -4   -4   -7   -3
  -8   -7   -5   -5   -6   -6   -4   -4
  -5   -5   -4   -7   -8   -5   -4   -5
  -6   -6   -5   -6 -126   -5   -5   -7
  -5  -12   -5   -4   -9   -3   -5   -7
  -4   -6   -5   -4   -4   -5   -3   -4
  -5   -4   -5   -7   -7   -5  -94   -5
  -7   26   -8   -9   -5   -6   -6  -12
  -7   -5   -9   -5   -5   -5   -9   -4
  -9   -8   -6   -7   -8   -7   -4   -4
  -6   -7   -5   -7   -9   -5   -6   -6
  -7   -7   -5   -7  -87   -6   -6   -9
  -6  -14   -7   -5  -10   -4   -6   -8
  -5   -7   -5   -6   -5   -6   -4   -5
  -7   -4   -6   -9   -8   -7 -105   -7
  -3   17   -4   -5   -3   -3   -4   -6
  -3   -2   -4   -3   -2   -3   -5   -2
  -5   -4   -3   -3   -3   -4   -2   -3
  -3   -3   -3   -4   -6   -3   -2   -3
  -4   -4   -3   -4   76   -3   -4   -5
  -3   -8   -3   -2   -6   -2   -3   -4
  -3   -4   -4   -2   -2   -3   -2   -3
  -3   -3   -3   -4   -5   -4  -64   -3
  -4   18   -5   -5   -3   -3   -4   -7
  -4   -3   -5   -3   -3   -4   -5   -3
  -6   -5   -4   -3   -4   -5   -3   -3
  -3   -3   -3   -5   -7   -4   -3   -4
  -5   -4   -3   -4   89   -4   -4   -5
  -4   -9   -4   -3   -7   -2   -4   -5
  -3   -4   -4   -3   -3   -4   -3   -3
  -4   -3   -4   -5   -6   -4  -75   -4
  -4   18   -5   -5   -3   -3   -4   -7
  -4   -3   -5   -3   -3   -4   -5   -3
  -6   -5   -4   -3   -4   -5   -3   -3
  -3   -3   -3   -5   -7   -4   -3   -4
  -5   -5   -4   -4   91   -4   -4   -6
  -4   -9   -4   -3   -7   -2   -4   -5
  -3   -5   -4   -3   -3   -4   -3   -3
  -4   -3   -4   -5   -6   -4  -77   -4
  -4   19   -5   -6   -3   -4   -4   -8
  -4   -3   -5   -3   -3   -4   -6   -3
  -6   -5   -4   -4   -4   -5   -3   -3
  -4   -3   -3   -5   -7   -4   -3   -4
  -5   -5   -4   -5   95   -4   -4   -6
  -4  -10   -4   -3   -7   -2   -4   -5
  -3   -5   -4   -3   -3   -4   -3   -3
  -4   -3   -4   -5   -6   -5  -79   -4
  -5   20   -6   -7   -4   -4   -5   -9
  -5   -3   -6   -4   -3   -4   -7   -3
  -7   -6   -5   -4   -6   -6   -3   -4
  -4   -4   -4   -6   -9   -5   -4   -5
  -6   -6   -4   -5  120   -5   -5   -7
  -5  -11   -5   -4   -8   -3   -5   -6
  -3   -6   -5   -4   -4   -4   -3   -4
  -5   -4   -4   -7   -7   -6  -92   -5
  -6   22   -7   -8   -4   -5   -6  -10
  -6   -4   -7   -4   -4   -5   -8   -4
  -8   -7   -5   -5   -7   -6   -4   -4
  -5   -5   -4   -6   -9   -5   -5   -5
  -6   -6   -4   -6 -116   -5   -5   -8
  -5  -12   -5   -4   -9   -4   -5   -7
  -4   -6   -5   -5   -4   -5   -3   -4
  -5   -4   -5   -7   -7   -6  -94   -6
  -3   12   -3   -4   -3   -3   -3   -6
  -3   -2   -4   -3   -2   -3   -4   -3
  -5   -4   -3   -3   -3   -4   -2   -3
  -3   -3   -3   -4   -6   -3   -2   -3
  -4   -4   -3   -3   74   -3   -4   -5
  -3   -7   -3   -2   -5   -2   -3   -4
  -2   -4   -4   -2   -3   -3   -2   -2
  -3   -3   -3   -4   -5   -4  -66   -3
  -3   10   -3   -5   -3   -3   -4   -6
  -3   -2   -4   -3   -2   -3   -4   -3
  -6   -4   -3   -3   -4   -4   -2   -3
  -3   -3   -3   -4   -7   -3   -2   -3
  -4   -4   -3   -4   77   -3   -4   -5
  -3   -7   -3   -2   -5   -2   -3   -5
  -2   -4   -4   -3   -3   -3   -2   -2
  -3   -3   -3   -4   -5   -4  -70   -3
  -3   14   -3   -4   -3   -3   -3   -6
  -3   -2   -4   -3   -2   -3   -4   -3
  -5   -4   -3   -3   -3   -4   -2   -3
  -3   -3   -3   -4   -6   -3   -2   -3
  -4   -4   -3   -3   74   -3   -4   -5
  -3   -7   -3   -2   -5   -2   -3   -4
  -3   -4   -4   -3   -3   -3   -2   -2
  -3   -3   -3   -4   -5   -4  -64   -3
  -6   23   -7   -8   -4   -5   -5  -10
  -5   -4   -7   -4   -4   -4   -7   -4
  -8   -7   -5   -5   -6   -6   -4   -4
  -5   -5   -4   -7   -8   -5   -5   -5
  -6   -6   -5   -6 -123   -5   -5   -8
  -5  -12   -5   -4   -9   -3   -5   -7
  -4   -6   -5   -4   -4   -5   -3   -4
  -5   -4   -5   -7   -7   -6  -97   -5
  -5   24   -7   -7   -4   -5   -5  -10
  -5   -4   -7   -4   -4   -4   -7   -4
  -8   -7   -5   -5   -6   -6   -4   -4
  -5   -5   -4   -7   -8   -5   -4   -5
  -6   -6   -5   -6 -125   -5   -5   -7
  -5  -12   -5   -4   -9   -3   -5   -7
  -4   -6   -5   -4   -4   -5   -3   -4
  -5   -4   -5   -7   -7   -6  -93   -6
  -5   23   -6   -7   -4   -4   -5   -9
  -5   -3   -6   -4   -4   -4   -7   -3
  -7   -6   -5   -5   -6   -6   -3   -4
  -4   -5   -4   -6   -8   -5   -4   -5
  -6   -6   -4   -5  120   -5   -5   -7
  -5  -11   -5   -4   -8   -3   -5   -6
  -3   -6   -5   -4   -4   -5   -3   -4
  -5   -4   -4   -7   -7   -5  -90   -5
  -3   13   -3   -4   -2   -2   -3   -5
  -3   -2   -3   -2   -2   -3   -4   -2
  -4   -4   -3   -3   -3   -4   -2   -2
  -3   -2   -2   -4   -5   -3   -2   -3
  -3   -3   -2   -3   64   -3   -3   -4
  -3   -6   -3   -2   -5   -2   -3   -4
  -2   -3   -3   -2   -2   -3   -2   -2
  -3   -2   -3   -4   -4   -3  -54   -3
  -4   18   -4   -5   -3   -3   -4   -7
  -4   -2   -4   -3   -2   -4   -5   -3
  -6   -5   -4   -4   -4   -5   -3   -3
  -3   -3   -3   -5   -7   -4   -3   -4
  -4   -4   -3   -4   85   -4   -4   -5
  -4   -8   -4   -3   -6   -2   -4   -5
  -3   -4   -4   -3   -3   -4   -3   -3
  -4   -3   -3   -5   -6   -4  -70   -4
  -4   17   -5   -6   -3   -3   -4   -7
  -4   -3   -5   -3   -3   -4   -5   -3
  -6   -5   -4   -4   -4   -5   -3   -3
  -3   -3   -3   -5   -7   -4   -3   -4
  -5   -5   -4   -5   93   -4   -4   -6
  -4   -9   -4   -3   -7   -2   -4   -5
  -3   -5   -4   -3   -3   -4   -3   -3
  -4   -3   -4   -5   -6   -5  -77   -4
  -3   16   -4   -5   -3   -3   -4   -6
  -3   -2   -4   -3   -2   -3   -5   -2
  -5   -4   -3   -3   -3   -4   -2   -3
  -3   -3   -3   -4   -6   -3   -2   -3
  -4   -4   -3   -4   77   -3   -4   -5
  -3   -8   -3   -2   -6   -2   -3   -4
  -3   -4   -4   -2   -2   -3   -2   -3
  -3   -3   -3   -4   -5   -4  -65   -3
  -3   14   -3   -4   -2   -2   -3   -6
  -3   -2   -3   -2   -2   -3   -4   -2
  -5   -4   -3   -3   -3   -4   -2   -2
  -3   -2   -2   -4   -5   -3   -2   -3
  -3   -3   -2   -3   65   -3   -3   -4
  -3   -7   -3   -2   -5   -2   -3   -4
  -2   -3   -3   -2   -2   -3   -2   -2
  -3   -3   -3   -4   -4   -3  -55   -3
  -3   16   -4   -4   -3   -3   -3   -6
  -3   -2   -4   -3   -2   -3   -4   -2
  -5   -4   -3   -3   -3   -4   -2   -3
  -3   -3   -3   -4   -5   -3   -2   -3
  -4   -4   -3   -3   72   -3   -3   -4
  -3   -7   -3   -2   -5   -2   -3   -4
  -3   -4   -4   -2   -2   -3   -2   -2
  -3   -3   -3   -4   -5   -3  -60   -3
  -3   12   -3   -4   -3   -3   -3   -6
  -3   -2   -4   -3   -2   -3   -4   -2
  -5   -4   -3   -3   -3   -4   -2   -3
  -3   -3   -3   -4   -6   -3   -2   -3
  -4   -4   -2   -3   71   -3   -4   -4
  -3   -7   -3   -2   -5   -2   -3   -4
  -2   -3   -3   -2   -2   -3   -2   -2
  -3   -3   -3   -4   -5   -4  -63   -3
  -3   13   -3   -4   -2   -3   -3   -5
  -3   -2   -3   -3   -2   -3   -4   -2
  -5   -4   -3   -3   -3   -4   -2   -3
  -3   -3   -2   -4   -5   -3   -2   -3
  -3   -3   -2   -3   67   -3   -4   -4
  -3   -7   -3   -2   -5   -2   -3   -4
  -2   -3   -3   -2   -2   -3   -2   -2
  -3   -3   -3   -4   -4   -3  -59   -3
  -3   15   -3   -4   -3   -3   -3   -6
  -3   -2   -4   -3   -2   -3   -4   -2
  -5   -4   -3   -3   -3   -4   -2   -3
  -3   -3   -3   -4   -5   -3   -2   -3
  -4   -4   -3   -3   72   -3   -4   -4
  -3   -7   -3   -2   -5   -2   -3   -4
  -3   -4   -4   -3   -2   -3   -2   -2
  -3   -3   -3   -4   -5   -3  -60   -3
  -3   15   -4   -4   -3   -3   -3   -6
  -3   -2   -4   -3   -2   -3   -4   -2
  -5   -4   -3   -3   -3   -4   -2   -3
  -3   -3   -3   -4   -6   -3   -2   -3
  -4   -4   -3   -3   73   -3   -4   -4
  -3   -7   -3   -2   -5   -2   -3   -4
  -3   -4   -4   -2   -2   -3   -2   -2
  -3   -3   -3   -4   -5   -4  -62   -3
  -3   14   -3   -4   -2   -3   -3   -6
  -3   -2   -3   -2   -2   -3   -4   -2
  -5   -4   -3   -3   -3   -4   -2   -3
  -3   -2   -2   -4   -5   -3   -2   -3
  -4   -3   -2   -3   67   -3   -3   -4
  -3   -7   -3   -2   -5   -2   -3   -4
  -2   -3   -3   -2   -2   -3   -2   -2
  -3   -3   -3   -4   -5   -3  -57   -3
  -3   16   -4   -4   -3   -3   -4   -6
  -3   -2   -4   -3   -2   -3   -5   -2
  -5   -4   -3   -3   -3   -4   -2   -3
  -3   -3   -3   -4   -6   -3   -2   -3
  -4   -4   -3   -3   75   -3   -4   -5
  -3   -8   -3   -2   -6   -2   -3   -4
  -3   -4   -4   -2   -2   -3   -2   -3
  -3   -3   -3   -4   -5   -4  -63   -3
  -3   15   -4   -5   -3   -3   -4   -7
  -4   -2   -4   -3   -2   -3   -5   -3
  -6   -4   -4   -3   -4   -4   -3   -3
  -3   -3   -3   -5   -7   -3   -2   -3
  -4   -4   -3   -4   82   -3   -4   -5
  -3   -8   -4   -3   -6   -2   -4   -5
  -3   -4   -4   -3   -3   -3   -3   -3
  -3   -3   -3   -5   -5   -4  -71   -4
  -4   19   -5   -6   -3   -3   -4   -8
  -4   -3   -5   -3   -3   -4   -5   -3
  -6   -5   -4   -4   -4   -5   -3   -3
  -3   -3   -3   -6   -7   -4   -3   -4
  -5   -5   -4   -4   92   -4   -4   -6
  -4   -9   -4   -3   -7   -3   -4   -5
  -3   -5   -4   -3   -3   -4   -3   -3
  -4   -3   -4   -5   -6   -5  -76   -4
  -4   19   -5   -5   -3   -3   -4   -7
  -4   -3   -5   -3   -3   -4   -5   -3
  -6   -5   -4   -4   -4   -5   -3   -3
  -3   -3   -3   -5   -7   -4   -3   -4
  -5   -5   -4   -4   92   -4   -4   -6
  -4   -9   -4   -3   -7   -2   -4   -5
  -3   -4   -4   -3   -3   -4   -3   -3
  -4   -3   -4   -5   -6   -4  -75   -4
  -4   19   -5   -6   -3   -3   -4   -8
  -4   -3   -5   -3   -3   -4   -5   -3
  -6   -5   -4   -4   -4   -5   -3   -3
  -3   -3   -3   -6   -7   -4   -3   -4
  -5   -5   -4   -4   93   -4   -4   -6
  -4   -9   -4   -3   -7   -3   -4   -5
  -3   -5   -4   -3   -3   -4   -3   -3
  -4   -3   -4   -5   -6   -5  -78   -4
  -4   17   -4   -5   -3   -3   -4   -7
  -4   -2   -4   -3   -2   -4   -5   -3
  -6   -5   -4   -3   -4   -4   -3   -3
  -3   -3   -3   -5   -7   -4   -3   -4
  -4   -4   -3   -4   84   -4   -4   -5
  -4   -8   -4   -3   -6   -2   -4   -5
  -3   -4   -4   -3   -3   -4   -3   -3
  -4   -3   -3   -5   -6   -4  -71   -4
  -4   13   -4   -6   -4   -4   -4   -8
  -4   -3   -5   -3   -3   -4   -6   -3
  -7   -5   -4   -4   -5   -5   -3   -4
  -4   -4   -3   -5   -8   -4   -3   -4
  -5   -5   -4   -5  104   -4   -5   -6
  -4   -9   -4   -3   -7   -3   -4   -6
  -3   -5   -4   -4   -4   -4   -3   -3
  -4   -3   -4   -6   -6   -5  -83   -4
  -3   10   -3   -5   -3   -3   -4   -6
  -4   -2   -4   -3   -2   -3   -5   -3
  -6   -4   -3   -3   -4   -4   -3   -3
  -3   -3   -3   -4   -7   -3   -2   -3
  -4   -4   -3   -4   83   -3   -4   -5
  -3   -7   -4   -2   -6   -2   -3   -5
  -3   -4   -4   -3   -3   -3   -3   -3
  -3   -3   -3   -5   -5   -5  -73   -3
  -4   11   -4   -6   -3   -4   -4   -7
  -4   -3   -5   -3   -3   -4   -5   -4
  -7   -5   -4   -4   -4   -5   -3   -3
  -4   -4   -3   -5   -8   -4   -3   -4
  -5   -5   -3   -5  100   -4   -5   -6
  -4   -8   -4   -3   -7   -3   -4   -6
  -3   -4   -4   -4   -4   -3   -3   -3
  -4   -3   -4   -6   -5   -6  -85   -4
  -3   11   -3   -4   -2   -3   -3   -5
  -3   -2   -3   -3   -2   -3   -4   -2
  -5   -4   -3   -3   -3   -4   -2   -3
  -3   -2   -2   -4   -6   -3   -2   -3
  -3   -3   -2   -3   68   -3   -3   -4
  -3   -6   -3   -2   -5   -2   -3   -4
  -2   -3   -3   -2   -2   -2   -2   -2
  -3   -2   -3   -4   -4   -4  -60   -3
  -3   13   -3   -5   -3   -3   -4   -6
  -3   -2   -4   -3   -2   -3   -4   -2
  -5   -4   -3   -3   -3   -4   -2   -3
  -3   -3   -3   -4   -6   -3   -2   -3
  -4   -4   -3   -4   76   -3   -4   -5
  -3   -7   -3   -2   -5   -2   -3   -4
  -3   -4   -4   -2   -3   -3   -2   -2
  -3   -3   -3   -4   -5   -4  -66   -3
  -3   13   -3   -4   -2   -2   -3   -5
  -3   -2   -3   -2   -2   -3   -4   -2
  -4   -4   -3   -3   -3   -3   -2   -2
  -2   -2   -2   -4   -5   -3   -2   -3
  -3   -3   -2   -3   64   -3   -3   -4
  -3   -6   -3   -2   -5   -2   -3   -3
  -2   -3   -3   -2   -2   -3   -2   -2
  -3   -2   -3   -4   -4   -3  -55   -3
  -3   15   -3   -4   -3   -3   -3   -6
  -3   -2   -3   -3   -2   -3   -4   -2
  -5   -4   -3   -3   -3   -4   -2   -3
  -3   -3   -2   -4   -5   -3   -2   -3
  -4   -4   -2   -3   70   -3   -4   -4
  -3   -7   -3   -2   -5   -2   -3   -4
  -2   -3   -3   -2   -2   -3   -2   -2
  -3   -3   -3   -4   -5   -3  -59   -3
  -3   13   -3   -4   -3   -3   -3   -6
  -3   -2   -4   -3   -2   -3   -4   -2
  -5   -4   -3   -3   -3   -4   -2   -3
  -3   -3   -2   -4   -5   -3   -2   -3
  -4   -4   -2   -3   70   -3   -4   -4
  -3   -7   -3   -2   -5   -2   -3   -4
  -2   -3   -3   -2   -2   -3   -2   -2
  -3   -3   -3   -4   -5   -3  -61   -3
  -3   14   -3   -4   -3   -3   -3   -6
  -3   -2   -3   -3   -2   -3   -4   -2
  -5   -4   -3   -3   -3   -4   -2   -3
  -3   -2   -2   -4   -5   -3   -2   -3
  -4   -3   -2   -3   69   -3   -3   -4
  -3   -7   -3   -2   -5   -2   -3   -4
  -2   -3   -3   -2   -2   -3   -2   -2
  -3   -3   -3   -4   -5   -3  -59   -3
  -3   11   -3   -4   -2   -2   -3   -5
  -3   -2   -3   -2   -2   -3   -4   -2
  -5   -4   -3   -2   -3   -3   -2   -2
  -2   -2   -2   -3   -5   -3   -2   -3
  -3   -3   -2   -3   64   -3   -3   -4
  -3   -6   -3   -2   -4   -2   -3   -4
  -2   -3   -3   -2   -2   -2   -2   -2
  -3   -2   -3   -4   -4   -3  -56   -3
  -4   14   -4   -5   -3   -3   -4   -7
  -4   -2   -4   -3   -2   -4   -5   -3
  -6   -4   -4   -3   -4   -4   -3   -3
  -3   -3   -3   -5   -7   -4   -2   -3
  -4   -4   -3   -4   84   -3   -4   -5
  -3   -8   -4   -3   -6   -2   -4   -5
  -3   -4   -4   -3   -3   -3   -3   -3
  -4   -3   -3   -5   -5   -4  -73   -3
  -4   11   -4   -7   -4   -4   -5   -8
  -4   -3   -6   -4   -3   -4   -6   -4
  -8   -5   -4   -5   -5   -5   -3   -4
  -4   -5   -4   -6   -9   -4   -4   -4
  -5   -5   -4   -5  115   -4   -6   -7
  -4   -9   -5   -3   -7   -3   -4   -6
  -3   -5   -4   -5   -4   -3   -3   -3
  -4   -3   -4   -6   -6   -6  -89   -5
  -4   13   -4   -6   -3   -3   -4   -7
  -4   -3   -5   -3   -3   -4   -5   -3
  -7   -5   -4   -4   -4   -5   -3   -3
  -3   -3   -3   -5   -8   -4   -3   -4
  -5   -5   -3   -5   94   -4   -5   -6
  -4   -8   -4   -3   -6   -3   -4   -5
  -3   -4   -4   -3   -3   -4   -3   -3
  -4   -3   -4   -5   -5   -5  -80   -4
  -5   19   -6   -7   -4   -4   -5   -9
  -5   -4   -6   -4   -3   -4   -7   -4
  -8   -6   -5   -5   -5   -6   -4   -4
  -4   -5   -4   -6   -9   -4   -4   -5
  -6   -6   -4   -6  122   -5   -5   -7
  -5  -11   -5   -4   -8   -3   -5   -6
  -4   -5   -5   -5   -4   -5   -3   -4
  -5   -4   -4   -7   -7   -6  -89   -5
  -4   18   -5   -6   -3   -3   -4   -7
  -4   -3   -5   -3   -3   -4   -5   -3
  -6   -5   -4   -4   -4   -5   -3   -3
  -3   -3   -3   -5   -7   -4   -3   -4
  -5   -5   -4   -4   92   -4   -4   -6
  -4   -9   -4   -3   -7   -3   -4   -5
  -3   -4   -4   -3   -3   -4   -3   -3
  -4   -3   -4   -5   -6   -5  -77   -4
  -3   11   -3   -4   -2   -2   -3   -5
  -3   -2   -3   -2   -2   -3   -4   -2
  -4   -3   -3   -2   -3   -3   -2   -2
  -2   -2   -2   -3   -5   -3   -2   -2
  -3   -3   -2   -3   61   -3   -3   -4
  -3   -6   -3   -2   -4   -2   -3   -4
  -2   -3   -3   -2   -2   -2   -2   -2
  -3   -2   -3   -4   -4   -3  -54   -3
  -3   12   -3   -4   -2   -2   -3   -5
  -3   -2   -3   -2   -2   -3   -4   -2
  -5   -4   -3   -2   -3   -3   -2   -2
  -3   -2   -2   -3   -5   -3   -2   -3
  -3   -3   -2   -3   63   -3   -3   -4
  -3   -6   -3   -2   -4   -2   -3   -4
  -2   -3   -3   -2   -2   -2   -2   -2
  -3   -2   -3   -4   -4   -3  -56   -3
  -2    9   -2   -3   -2   -2   -2   -4
  -2   -1   -2   -2   -1   -2   -3   -2
  -3   -3   -2   -2   -2   -3   -2   -2
  -2   -2   -2   -3   -4   -2   -1   -2
  -2   -2   -1   -2   48   -2   -2   -3
  -2   -5   -2   -2   -3   -1   -2   -3
  -2   -2   -2   -2   -2   -2   -2   -1
  -2   -2   -2   -3   -3   -2  -42   -2
  -3   10   -3   -3   -2   -2   -3   -5
  -3   -2   -3   -2   -2   -3   -3   -2
  -4   -3   -3   -2   -2   -3   -2   -2
  -2   -2   -2   -3   -5   -3   -2   -2
  -3   -3   -2   -3   58   -2   -3   -4
  -2   -6   -2   -2   -4   -2   -3   -3
  -2   -3   -3   -2   -2   -2   -2   -2
  -2   -2   -2   -3   -4   -3  -51   -3
  -3   11   -2   -3   -2   -2   -3   -5
  -3   -2   -3   -2   -2   -3   -4   -2
  -4   -3   -2   -2   -2   -3   -2   -2
  -2   -2   -2   -3   -5   -3   -2   -2
  -3   -3   -2   -3   58   -2   -3   -4
  -2   -6   -3   -2   -4   -2   -3   -3
  -2   -3   -3   -2   -2   -2   -2   -2
  -2   -2   -2   -3   -4   -3  -51   -3
  -3   10   -3   -4   -2   -2   -3   -5
  -3   -2   -3   -2   -2   -3   -4   -2
  -5   -3   -3   -2   -3   -3   -2   -3
  -2   -2   -2   -3   -5   -3   -2   -3
  -3   -3   -2   -3   64   -3   -3   -4
  -3   -6   -3   -2   -4   -2   -3   -4
  -2   -3   -3   -2   -2   -2   -2   -2
  -3   -2   -3   -4   -4   -3  -57   -3
  -4   12   -4   -6   -3   -3   -4   -7
  -4   -3   -5   -3   -3   -4   -5   -3
  -7   -5   -4   -4   -4   -5   -3   -3
  -3   -4   -3   -5   -8   -4   -3   -4
  -5   -5   -3   -5   97   -4   -5   -6
  -4   -8   -4   -3   -6   -3   -4   -6
  -3   -4   -4   -4   -3   -3   -3   -3
  -4   -3   -4   -6   -5   -5  -84   -4
  -4    9   -4   -7   -4   -4   -5   -8
  -4   -3   -6   -4   -3   -4   -6   -4
  -8   -5   -4   -5   -5   -5   -3   -4
  -4   -4   -3   -5   -9   -4   -3   -4
  -5   -5   -3   -5  111   -4   -6   -7
  -4   -9   -5   -3   -7   -3   -4   -6
  -3   -5   -4   -4   -4   -3   -3   -3
  -4   -3   -4   -6   -6   -6  -92   -4
  -5   13   -5   -7   -4   -5   -5   -9
  -5   -3   -7   -4   -3   -4   -7   -4
  -8   -6   -5   -5   -5   -6   -4   -4
  -4   -5   -4   -6   -9   -5   -4   -5
  -6   -6   -4   -6  126   -5   -6   -7
  -4  -10   -5   -4   -8   -3   -5   -7
  -4   -5   -5   -5   -4   -4   -3   -4
  -5   -4   -4   -7   -6   -6  -94   -5
  -5   18   -6   -8   -4   -5   -5  -10
  -5   -4   -7   -4   -4   -5   -7   -4
  -8   -7   -5   -6   -6   -6   -4   -4
  -5   -5   -4   -7   -9   -5   -5   -5
  -6   -6   -5   -6 -118   -5   -6   -8
  -5  -11   -6   -4   -8   -4   -5   -7
  -4   -6   -5   -5   -5   -5   -4   -5
  -5   -4   -5   -7   -7   -6  -95   -6
  -5   19   -6   -8   -4   -5   -5  -10
  -5   -4   -7   -4   -4   -5   -7   -4
  -8   -7   -5   -6   -6   -6   -4   -4
  -5   -5   -4   -7   -9   -5   -4   -5
  -6   -6   -5   -6 -120   -5   -6   -8
  -5  -11   -5   -4   -8   -4   -5   -7
  -4   -6   -5   -5   -4   -5   -3   -5
  -5   -4   -5   -7   -7   -6  -94   -6
  -4   17   -4   -5   -3   -3   -4   -7
  -4   -3   -5   -3   -2   -4   -5   -3
  -6   -5   -4   -4   -4   -5   -3   -3
  -3   -3   -3   -5   -7   -4   -3   -4
  -4   -4   -3   -4   87   -4   -4   -5
  -4   -9   -4   -3   -6   -2   -4   -5
  -3   -4   -4   -3   -3   -4   -3   -3
  -4   -3   -4   -5   -6   -4  -73   -4
  -3   14   -3   -4   -3   -3   -3   -6
  -3   -2   -4   -3   -2   -3   -4   -2
  -5   -4   -3   -3   -3   -4   -2   -3
  -3   -3   -3   -4   -6   -3   -2   -3
  -4   -4   -3   -3   71   -3   -4   -4
  -3   -7   -3   -2   -5   -2   -3   -4
  -2   -4   -3   -2   -2   -3   -2   -2
  -3   -3   -3   -4   -5   -4  -62   -3
  -3   13   -2   -3   -2   -2   -3   -5
  -2   -2   -3   -2   -2   -2   -3   -2
  -4   -3   -2   -2   -2   -3   -2   -2
  -2   -2   -2   -3   -4   -2   -2   -2
  -3   -3   -2   -2   53   -2   -3   -3
  -2   -6   -2   -2   -4   -2   -2   -3
  -2   -3   -3   -2   -2   -2   -2   -2
  -2   -2   -2   -3   -4   -2  -44   -3
  -3   13   -3   -3   -2   -2   -3   -5
  -3   -2   -3   -2   -2   -3   -4   -2
  -4   -4   -2   -2   -2   -3   -2   -2
  -3   -2   -2   -3   -4   -2   -2   -2
  -3   -3   -2   -2   58   -3   -3   -4
  -3   -6   -3   -2   -4   -2   -3   -3
  -2   -3   -3   -2   -2   -2   -2   -2
  -2   -2   -2   -3   -4   -3  -48   -3
  -3   13   -3   -3   -2   -2   -3   -5
  -3   -2   -3   -2   -2   -3   -4   -2
  -4   -4   -2   -2   -2   -3   -2   -2
  -3   -2   -2   -3   -4   -2   -2   -2
  -3   -3   -2   -3   59   -3   -3   -4
  -3   -6   -3   -2   -4   -2   -3   -3
  -2   -3   -3   -2   -2   -2   -2   -2
  -2   -2   -2   -3   -4   -3  -50   -3
  -4   13   -4   -6   -3   -3   -4   -7
  -4   -3   -5   -3   -3   -4   -5   -3
  -7   -5   -4   -4   -4   -5   -3   -3
  -3   -3   -3   -5   -8   -4   -3   -4
  -4   -4   -3   -4   93   -4   -5   -6
  -4   -8   -4   -3   -6   -3   -4   -5
  -3   -4   -4   -4   -3   -3   -3   -3
  -4   -3   -4   -5   -5   -5  -80   -4
  -4   12   -4   -6   -4   -4   -5   -8
  -4   -3   -6   -4   -3   -4   -6   -4
  -8   -5   -4   -5   -5   -5   -3   -4
  -4   -4   -4   -6   -9   -5   -3   -4
  -5   -5   -4   -5  110   -4   -6   -7
  -4   -9   -5   -3   -7   -3   -4   -6
  -3   -5   -5   -4   -4   -3   -3   -3
  -4   -3   -4   -6   -6   -6  -90   -4
  -4    8   -4   -7   -4   -4   -5   -8
  -4   -3   -6   -4   -3   -4   -6   -4
  -8   -6   -4   -5   -5   -5   -3   -4
  -4   -5   -4   -6  -10   -5   -4   -4
  -5   -5   -4   -5  120   -4   -6   -7
  -4   -9   -5   -3   -7   -3   -4   -7
  -3   -5   -5   -5   -4   -4   -3   -4
  -4   -3   -4   -7   -6   -7  -96   -4
  -5   12   -5   -7   -4   -5   -5   -9
  -5   -4   -7   -4   -4   -5   -7   -4
  -8   -6   -5   -6   -5   -6   -4   -4
  -4   -5   -4   -6  -10   -5   -4   -5
  -6   -6   -4   -6 -124   -5   -6   -7
  -4  -10   -5   -4   -8   -3   -5   -7
  -4   -5   -5   -5   -5   -4   -3   -4
  -5   -4   -4   -7   -6   -6  -94   -5
  -5   16   -6   -8   -4   -5   -5  -10
  -5   -4   -7   -4   -4   -5   -7   -4
  -9   -7   -5   -6   -6   -6   -4   -4
  -4   -5   -4   -7  -10   -5   -4   -5
  -6   -6   -5   -6 -117   -5   -6   -8
  -5  -11   -6   -4   -8   -4   -5   -7
  -4   -6   -5   -5   -5   -5   -4   -4
  -5   -4   -5   -7   -7   -7  -99   -6
  -5   19   -6   -7   -4   -5   -5  -10
  -5   -4   -7   -4   -4   -5   -7   -4
  -8   -6   -5   -6   -6   -6   -4   -4
  -4   -5   -4   -6   -9   -5   -4   -5
  -6   -6   -4   -6 -124   -5   -5   -7
  -5  -11   -5   -4   -8   -3   -5   -7
  -4   -6   -5   -5   -4   -5   -3   -4
  -5   -4   -5   -7   -7   -6  -93   -6
  -5   20   -6   -8   -4   -5   -5  -10
  -5   -4   -7   -4   -4   -5   -7   -4
  -8   -7   -5   -6   -6   -6   -4   -4
  -5   -5   -4   -7   -9   -5   -5   -5
  -6   -6   -5   -6 -119   -5   -6   -8
  -5  -11   -5   -4   -8   -4   -5   -7
  -4   -6   -5   -5   -4   -5   -3   -5
  -5   -4   -5   -7   -7   -6  -95   -6
  -4   18   -5   -6   -4   -4   -5   -8
  -4   -3   -5   -4   -3   -4   -6   -3
  -7   -5   -4   -4   -5   -5   -3   -3
  -4   -4   -3   -6   -8   -4   -3   -4
  -5   -5   -4   -5  105   -4   -5   -6
  -4  -10   -5   -3   -7   -3   -4   -6
  -3   -5   -4   -4   -3   -4   -3   -3
  -4   -3   -4   -6   -6   -5  -84   -4
  -3   16   -4   -5   -3   -3   -4   -6
  -4   -2   -4   -3   -2   -3   -5   -2
  -5   -4   -3   -3   -3   -4   -2   -3
  -3   -3   -3   -5   -6   -3   -2   -3
  -4   -4   -3   -4   78   -3   -4   -5
  -3   -8   -3   -2   -6   -2   -4   -4
  -3   -4   -4   -3   -3   -3   -2   -3
  -3   -3   -3   -5   -5   -4  -67   -3
  -3   13   -3   -4   -2   -2   -3   -5
  -3   -2   -3   -2   -2   -3   -4   -2
  -4   -4   -3   -2   -3   -3   -2   -2
  -3   -2   -2   -3   -5   -3   -2   -3
  -3   -3   -2   -3   62   -3   -3   -4
  -3   -6   -3   -2   -4   -2   -3   -3
  -2   -3   -3   -2   -2   -3   -2   -2
  -3   -2   -3   -4   -4   -3  -53   -3
  -2   11   -2   -3   -2   -2   -2   -4
  -2   -2   -2   -2   -2   -2   -3   -2
  -4   -3   -2   -2   -2   -3   -2   -2
  -2   -2   -2   -3   -4   -2   -2   -2
  -3   -3   -2   -2   52   -2   -3   -3
  -2   -5   -2   -2   -4   -1   -2   -3
  -2   -3   -3   -2   -2   -2   -2   -2
  -2   -2   -2   -3   -4   -2  -45   -2
  -3   12   -2   -3   -2   -2   -3   -5
  -2   -2   -3   -2   -2   -2   -3   -2
  -4   -3   -2   -2   -2   -3   -2   -2
  -2   -2   -2   -3   -4   -2   -2   -2
  -3   -3   -2   -2   53   -2   -3   -3
  -2   -5   -2   -2   -4   -2   -2   -3
  -2   -3   -3   -2   -2   -2   -2   -2
  -2   -2   -2   -3   -4   -2  -44   -3
  -4   10   -4   -6   -3   -4   -4   -7
  -4   -3   -5   -3   -3   -4   -5   -3
  -7   -5   -4   -4   -4   -5   -3   -3
  -3   -4   -3   -5   -8   -4   -3   -4
  -5   -5   -3   -5   97   -4   -5   -6
  -4   -8   -4   -3   -6   -3   -4   -6
  -3   -4   -4   -4   -4   -3   -3   -3
  -4   -3   -4   -5   -5   -5  -83   -4
  -5   11   -5   -7   -4   -4   -5   -9
  -5   -3   -7   -4   -3   -4   -7   -4
  -8   -6   -5   -5   -5   -6   -4   -4
  -4   -5   -4   -6   -9   -4   -4   -5
  -6   -6   -4   -6  125   -4   -6   -7
  -4  -10   -5   -4   -8   -3   -5   -7
  -4   -5   -5   -5   -4   -4   -3   -4
  -5   -3   -4   -7   -6   -6  -95   -5
  -4   11   -4   -7   -4   -4   -5   -9
  -5   -3   -6   -4   -3   -4   -6   -4
  -8   -6   -4   -5   -5   -6   -3   -4
  -4   -5   -4   -6   -9   -4   -3   -4
  -5   -5   -4   -5  119   -4   -6   -7
  -4   -9   -5   -3   -7   -3   -5   -7
  -4   -5   -5   -5   -4   -4   -3   -4
  -4   -3   -4   -6   -6   -6  -94   -5
  -5   15   -5   -8   -4   -5   -5  -10
  -5   -4   -7   -4   -4   -5   -7   -4
  -8   -7   -5   -6   -6   -6   -4   -4
  -4   -5   -4   -7  -10   -5   -4   -5
  -6   -6   -4   -6 -121   -5   -6   -8
  -5  -11   -6   -4   -8   -4   -5   -7
  -4   -5   -5   -5   -5   -5   -4   -4
  -5   -4   -5   -7   -7   -7  -97   -5
  -6   17   -6   -8   -5   -6   -6  -11
  -6   -4   -8   -5   -4   -5   -8   -4
  -9   -7   -5   -7   -6   -7   -4   -5
  -5   -6   -4   -7  -10   -5   -5   -6
  -7   -7   -5   -7  -97   -5   -6   -8
  -5  -12   -6   -5   -9   -4   -6   -8
  -4   -6   -5   -7   -5   -5   -4   -5
  -6   -4   -5   -8   -7   -7 -100   -7
  -5   18   -6   -7   -4   -5   -5  -10
  -5   -4   -7   -4   -4   -5   -7   -4
  -8   -6   -5   -6   -5   -6   -4   -4
  -4   -5   -4   -7   -9   -5   -4   -5
  -6   -6   -4   -6  127   -5   -6   -7
  -5  -11   -5   -4   -8   -3   -5   -7
  -4   -5   -5   -5   -4   -5   -3   -4
  -5   -4   -5   -7   -7   -6  -94   -5
  -5   18   -5   -7   -4   -5   -5   -9
  -5   -4   -7   -4   -3   -4   -7   -4
  -8   -6   -5   -5   -5   -6   -4   -4
  -4   -5   -4   -6   -9   -5   -4   -5
  -6   -6   -4   -6  124   -5   -5   -7
  -5  -10   -5   -4   -8   -3   -5   -6
  -4   -5   -5   -5   -4   -5   -3   -4
  -5   -4   -4   -7   -7   -6  -91   -5
  -4   16   -4   -5   -3   -3   -4   -7
  -4   -3   -5   -3   -2   -4   -5   -3
  -6   -5   -4   -4   -4   -5   -3   -3
  -3   -3   -3   -5   -7   -4   -3   -4
  -5   -4   -3   -4   90   -4   -4   -6
  -4   -9   -4   -3   -6   -2   -4   -5
  -3   -4   -4   -3   -3   -4   -3   -3
  -4   -3   -4   -5   -6   -5  -75   -4
  -3   13   -3   -4   -3   -3   -3   -6
  -3   -2   -3   -3   -2   -3   -4   -2
  -5   -4   -3   -3   -3   -4   -2   -3
  -3   -2   -2   -4   -6   -3   -2   -3
  -3   -4   -2   -3   69   -3   -3   -4
  -3   -7   -3   -2   -5   -2   -3   -4
  -2   -3   -3   -2   -2   -3   -2   -2
  -3   -3   -3   -4   -5   -3  -60   -3
  -3   12   -3   -4   -3   -3   -3   -6
  -3   -2   -4   -3   -2   -3   -4   -2
  -5   -4   -3   -3   -3   -4   -2   -3
  -3   -2   -3   -4   -6   -3   -2   -3
  -4   -4   -3   -3   71   -3   -4   -4
  -3   -7   -3   -2   -5   -2   -3   -4
  -2   -3   -3   -2   -2   -3   -2   -2
  -3   -3   -3   -4   -5   -4  -63   -3
  -3   13   -3   -4   -2   -2   -3   -5
  -3   -2   -3   -2   -2   -3   -4   -2
  -4   -4   -3   -2   -3   -3   -2   -2
  -2   -2   -2   -3   -5   -3   -2   -3
  -3   -3   -2   -3   61   -3   -3   -4
  -3   -6   -3   -2   -4   -2   -3   -4
  -2   -3   -3   -2   -2   -2   -2   -2
  -3   -2   -3   -4   -4   -3  -52   -3
  -3   14   -3   -4   -2   -3   -3   -6
  -3   -2   -3   -2   -2   -3   -4   -2
  -4   -4   -3   -3   -3   -4   -2   -2
  -3   -3   -2   -4   -4   -3   -2   -3
  -3   -3   -2   -3   64   -3   -3   -4
  -3   -6   -3   -2   -5   -2   -3   -4
  -2   -3   -3   -2   -2   -3   -2   -2
  -3   -3   -3   -4   -4   -3  -53   -3
  -4   11   -4   -6   -4   -4   -5   -8
  -4   -3   -6   -3   -3   -4   -6   -4
  -7   -5   -4   -4   -5   -5   -3   -4
  -4   -4   -3   -6   -9   -4   -3   -4
  -5   -5   -3   -5  106   -4   -6   -6
  -4   -9   -4   -3   -7   -3   -4   -6
  -3   -4   -4   -4   -4   -4   -3   -3
  -4   -3   -4   -6   -6   -6  -88   -4
  -5   13   -5   -8   -4   -5   -5  -10
  -5   -4   -7   -4   -4   -5   -7   -4
  -9   -6   -5   -6   -6   -6   -4   -4
  -5   -5   -4   -6  -10   -5   -4   -5
  -6   -6   -4   -6 -121   -5   -6   -8
  -5  -10   -6   -4   -8   -4   -5   -7
  -4   -5   -5   -6   -5   -4   -4   -4
  -5   -4   -5   -7   -7   -7  -98   -5
  -4   13   -4   -6   -4   -4   -5   -8
  -4   -3   -6   -4   -3   -4   -6   -4
  -8   -5   -4   -5   -5   -5   -3   -4
  -4   -4   -3   -6   -9   -4   -3   -4
  -5   -5   -4   -5  110   -4   -6   -7
  -4   -9   -5   -3   -7   -3   -4   -6
  -3   -5   -5   -4   -4   -4   -3   -4
  -4   -3   -4   -6   -6   -6  -89   -4
  -5   16   -6   -8   -5   -5   -6  -10
  -5   -4   -8   -4   -4   -5   -7   -4
  -9   -7   -5   -6   -6   -6   -4   -4
  -5   -6   -4   -7  -10   -5   -5   -5
  -6   -6   -5   -6 -110   -5   -6   -8
  -5  -11   -6   -4   -8   -4   -5   -7
  -4   -6   -5   -6   -5   -5   -4   -5
  -5   -4   -5   -7   -7   -7  -97   -6
  -5   16   -5   -7   -4   -5   -5  -10
  -5   -4   -7   -4   -4   -5   -7   -4
  -8   -6   -5   -6   -6   -6   -4   -4
  -4   -5   -4   -6  -10   -5   -4   -5
  -6   -6   -4   -6 -121   -5   -6   -7
  -5  -11   -6   -4   -8   -4   -5   -7
  -4   -5   -5   -5   -5   -5   -4   -4
  -5   -4   -5   -7   -7   -6  -94   -6
  -5   18   -6   -8   -4   -5   -5  -10
  -5   -4   -7   -4   -4   -5   -7   -4
  -8   -7   -5   -6   -6   -6   -4   -4
  -5   -5   -4   -6   -9   -5   -4   -5
  -6   -6   -5   -6 -119   -5   -6   -8
  -5  -11   -5   -4   -8   -4   -5   -7
  -4   -6   -5   -5   -5   -5   -4   -5
  -5   -4   -5   -7   -7   -6  -93   -6
  -5   17   -5   -7   -4   -4   -5   -9
  -5   -3   -6   -4   -3   -4   -6   -4
  -8   -6   -5   -5   -5   -6   -3   -4
  -4   -5   -4   -6   -9   -4   -4   -5
  -6   -5   -4   -5  119   -4   -5   -7
  -4  -10   -5   -4   -8   -3   -5   -6
  -4   -5   -5   -5   -4   -5   -3   -4
  -5   -4   -4   -6   -7   -6  -89   -5
  -4   16   -4   -5   -3   -3   -4   -7
  -4   -3   -5   -3   -2   -4   -5   -3
  -6   -5   -4   -4   -4   -5   -3   -3
  -3   -3   -3   -5   -7   -4   -3   -4
  -5   -4   -3   -4   89   -4   -4   -5
  -4   -8   -4   -3   -6   -2   -4   -5
  -3   -4   -4   -3   -3   -4   -3   -3
  -4   -3   -4   -5   -6   -5  -76   -4
  -4   17   -4   -5   -3   -3   -4   -7
  -4   -2   -4   -3   -2   -3   -5   -3
  -6   -5   -4   -3   -4   -4   -3   -3
  -3   -3   -3   -5   -6   -4   -3   -3
  -4   -4   -3   -4   83   -3   -4   -5
  -4   -8   -4   -3   -6   -2   -4   -5
  -3   -4   -4   -3   -3   -4   -3   -3
  -4   -3   -3   -5   -5   -4  -70   -4
  -4   19   -5   -6   -3   -4   -4   -8
  -4   -3   -5   -3   -3   -4   -5   -3
  -6   -5   -4   -4   -4   -5   -3   -3
  -3   -3   -3   -6   -7   -4   -3   -4
  -5   -5   -4   -5   94   -4   -5   -6
  -4   -9   -4   -3   -7   -3   -4   -5
  -3   -5   -4   -3   -3   -4   -3   -3
  -4   -3   -4   -5   -6   -5  -78   -4
  -3   14   -3   -4   -2   -3   -3   -6
  -3   -2   -3   -2   -2   -3   -4   -2
  -4   -4   -3   -3   -3   -4   -2   -2
  -3   -2   -2   -4   -5   -3   -2   -3
  -3   -3   -2   -3   65   -3   -3   -4
  -3   -7   -3   -2   -5   -2   -3   -4
  -2   -3   -3   -2   -2   -3   -2   -2
  -3   -3   -3   -4   -4   -3  -55   -3
  -3   11   -2   -3   -2   -2   -3   -5
  -3   -2   -3   -2   -2   -3   -4   -2
  -4   -3   -2   -2   -2   -3   -2   -2
  -2   -2   -2   -3   -5   -2   -2   -2
  -3   -3   -2   -3   57   -2   -3   -4
  -2   -6   -3   -2   -4   -2   -3   -3
  -2   -3   -3   -2   -2   -2   -2   -2
  -2   -2   -2   -3   -4   -3  -50   -3
