Shape: torch.Size([1, 144, 64])
Range: [-128, 127]
Mean: -6.0310

量化值陣列:
 -96 -103  -90   79 -124  -83 -118   87
 119   79  123   90   99  -74  123  -89
 -33 -124  -75  107   42  113  -84   48
-102  111  -93  -90  -71   83    9 -103
 -21  109  109 -108   60  122 -109 -123
 123  -96  102  104 -125  108  127 -125
  51   77 -128  119 -110 -111  -87 -110
 -92  -92   46 -121   83 -126   -3 -113
 -97 -105  -89   84 -123  -86 -118   89
 121   79  123   90  100  -75  124  -88
 -33 -125  -76  110   41  113  -87   47
-105  110  -94  -94  -69   83   12 -100
 -20  108  104 -110   61  122 -109 -122
 121  -99  106  105 -127  109  126 -125
  50   81 -126  118 -109 -110  -89 -111
 -95  -91   49 -119   84 -124   -5 -112
 -96 -101  -88   78 -124  -82 -120   88
 121   79  121   89  101  -73  121  -90
 -33 -124  -74  106   43  110  -81   47
 -98  111  -92  -88  -70   83    7 -103
 -19  110  109 -106   58  120 -106 -124
 124  -96  100  104 -123  108  126 -124
  51   77 -128  118 -111 -114  -89 -110
 -92  -93   45 -121   83 -128    0 -112
 -93 -103  -90   78 -124  -81 -119   88
 119   76  125   88   99  -72  120  -88
 -31 -122  -72  106   40  114  -82   45
-100  111  -93  -86  -70   83    3 -105
 -20  109  111 -107   61  123 -109 -123
 126  -96  100  104 -124  108 -128 -125
  48   75 -128  120 -111 -110  -86 -110
 -92  -92   44 -121   82 -126    0 -113
 -99 -100  -85   83 -125  -86 -122   89
 123   83  119   91  103  -73  120  -93
 -37 -126  -76  108   45  107  -83   49
 -98  112  -93  -92  -70   84   12 -102
 -20  109  107 -107   57  118 -103 -122
 121  -98  100  105 -123  108  124 -120
  54   80 -126  115 -111 -117  -91 -111
 -94  -92   48 -119   84  127   -3 -111
 -99  -99  -85   82 -126  -85 -122   89
 121   83  119   90  102  -73  120  -93
 -37 -125  -77  107   46  107  -82   49
 -97  112  -93  -91  -70   85   10 -104
 -21  110  109 -106   57  119 -104 -123
 122  -96   99  105 -123  108  124 -120
  54   79 -126  116 -111 -118  -90 -111
 -93  -93   47 -120   84  126   -2 -112
 -99 -100  -85   84 -126  -87 -121   89
 122   84  119   91  103  -74  120  -93
 -38 -126  -77  108   47  107  -83   50
 -98  112  -93  -92  -71   84   13 -103
 -22  109  108 -107   59  119 -104 -122
 121  -98  100  105 -123  109  123 -120
  55   80 -126  115 -112 -117  -91 -111
 -94  -92   50 -120   85  127   -4 -112
 -96  -98  -86   77 -127  -82 -122   87
 120   81  120   89  102  -71  118  -94
 -35 -123  -75  103   46  107  -77   48
 -92  112  -92  -85  -71   85    4 -107
 -20  111  115 -104   57  119 -103 -124
 125  -94   94  104 -121  106  126 -120
  54   75 -128  117 -113 -119  -88 -109
 -92  -93   43 -122   83  124    1 -113
 -98 -100  -85   79 -126  -83 -121   87
 120   82  119   90  103  -73  120  -93
 -36 -125  -77  105   46  108  -80   48
 -94  111  -92  -88  -71   85    7 -105
 -21  110  112 -105   57  119 -104 -124
 124  -95   96  105 -122  106  126 -121
  54   77 -127  116 -112 -118  -88 -110
 -92  -92   45 -121   84  126   -1 -112
-101  -99  -82   85 -127  -88 -122   89
 121   86  117   93  105  -74  120  -97
 -41 -127  -79  107   50  105  -83   51
 -96  114  -95  -93  -71   86   14 -105
 -24  109  109 -107   59  118 -103 -122
 121  -98   98  106 -124  108  122 -117
  57   81 -124  114 -113 -119  -92 -111
 -95  -92   51 -119   87  125   -6 -113
-101 -100  -81   83 -128  -87 -121   87
 120   86  116   93  106  -74  121  -96
 -39 -127  -78  106   51  106  -81   49
 -95  113  -94  -91  -71   86   12 -104
 -23  110  109 -106   59  118 -102 -123
 123  -97   96  107 -124  107  123 -117
  57   80 -125  114 -112 -121  -91 -111
 -94  -92   49 -120   87  124   -6 -113
-103  -98  -79   90 -128  -91 -124   91
 123   89  114   94  107  -74  118  -99
 -43 -128  -79  108   53  102  -83   52
 -95  115  -96  -95  -70   86   17 -105
 -24  108  106 -107   60  117  -99 -121
 120 -100   97  107 -124  109  119 -114
  59   83 -122  112 -115 -122  -96 -113
 -97  -92   54 -118   89  122   -8 -114
 -96  -95  -83   77  126  -84 -126   89
 120   85  120   91  107  -71  113 -103
 -42 -124  -73  100   55  103  -75   52
 -86  117  -94  -81  -75   88    4 -116
 -26  113  121 -102   65  120 -100 -123
-127  -95   90  105 -120  108  124 -116
  60   74 -128  116 -120 -121  -92 -109
 -93  -97   45 -123   87  118   -3 -119
 -98  -96  -83   80 -127  -85 -124   89
 122   84  119   90  104  -71  115  -98
 -39 -125  -74  104   48  104  -78   50
 -91  114  -92  -86  -71   86    7 -109
 -22  111  114 -105   58  118 -101 -123
 124  -96   95  105 -121  108  123 -117
  56   76 -127  116 -115 -120  -91 -110
 -93  -95   47 -121   84  122    0 -114
-100  -94  -80   83  127  -89 -126   90
 123   88  116   92  107  -72  114 -103
 -43 -126  -75  104   54  101  -79   53
 -90  116  -94  -89  -72   88   11 -112
 -24  112  114 -105   60  117  -98 -122
 123  -98   94  106 -122  110  120 -114
  61   78 -126  114 -117 -124  -94 -111
 -95  -96   51 -121   86  119   -4 -116
 -98  -96  -82   82 -128  -86 -125   90
 123   84  118   91  105  -70  115  -99
 -40 -125  -74  104   49  103  -78   50
 -91  115  -93  -87  -70   87    7 -110
 -22  111  114 -105   59  118 -100 -123
 124  -97   94  105 -122  109  122 -116
  57   77 -127  115 -116 -122  -92 -110
 -94  -95   47 -121   85  121   -1 -115
-100  -96  -81   83  127  -88 -125   90
 122   86  117   92  107  -72  116 -101
 -42 -126  -75  104   53  103  -78   51
 -90  115  -95  -88  -72   87   10 -111
 -25  111  114 -105   62  119 -100 -122
 125  -98   94  106 -122  108  121 -115
  60   78 -125  114 -117 -122  -94 -111
 -95  -95   50 -120   88  120   -5 -116
-103  -95  -75   88  125  -89 -127   91
 123   90  111   95  109  -73  115 -104
 -44 -127  -79  105   58   98  -78   53
 -88  118  -97  -91  -71   86   13 -110
 -26  109  111 -104   60  116  -95 -121
 122  -98   91  108 -122  108  118 -110
  62   81 -120  110 -119 -125  -98 -113
 -96  -92   53 -118   91  117   -8 -116
-103  -98  -74   90  123  -87 -126   91
 121   90  110   98  109  -75  117 -104
 -45 -126  -80  105   62  100  -79   53
 -90  120 -102  -91  -71   85   15 -110
 -30  107  110 -103   66  117  -95 -120
 123  -98   89  109 -123  107  118 -110
  62   82 -117  108 -122 -123 -100 -114
 -96  -91   55 -116   96  116  -14 -118
-102  -97  -75   88  123  -87 -127   91
 121   89  111   96  109  -73  115 -104
 -44 -125  -79  104   60   99  -77   52
 -87  119 -100  -89  -71   86   12 -111
 -29  108  112 -102   64  116  -94 -120
 124  -96   87  108 -122  106  119 -109
  61   80 -118  109 -122 -125  -98 -113
 -95  -91   52 -117   94  115  -11 -117
-102  -99  -72   92  120  -86 -127   92
 120   90  109  100  108  -75  116 -106
 -45 -124  -80  105   65   98  -78   53
 -87  122 -105  -90  -69   83   13 -112
 -33  104  110 -103   70  117  -92 -118
 125  -97   84  109 -123  106  116 -107
  62   82 -113  106 -126 -123 -102 -115
 -96  -88   56 -114   99  113  -19 -120
-102  -99  -75   92  123  -88 -125   92
 121   89  112   98  108  -74  117 -103
 -44 -125  -79  107   60  100  -80   52
 -91  120 -102  -92  -69   84   14 -109
 -30  106  108 -104   68  118  -95 -119
 123  -99   90  108 -125  108  117 -110
  61   83 -116  108 -122 -121 -100 -115
 -97  -90   56 -115   96  117  -16 -118
-100  -97  -74   87  121  -83 -127   92
 119   87  112   97  108  -72  113 -106
 -43 -122  -78  102   63   99  -75   52
 -84  121 -103  -85  -69   85    7 -115
 -32  106  115 -101   69  117  -93 -119
-128  -95   82  108 -121  106  119 -108
  60   79 -115  108 -127 -123  -99 -114
 -95  -89   51 -116   97  112  -15 -120
-100  -99  -72   89  118  -81 -128   92
 118   88  110  100  107  -74  113 -107
 -44 -122  -79  102   67   99  -75   52
 -83  124 -106  -84  -69   83    7 -116
 -36  104  115 -100   74  118  -91 -118
-127  -94   78  108 -122  105  118 -106
  61   79 -111  106  126 -122 -101 -115
 -94  -87   53 -114  101  110  -21 -123
-102  -94  -74   86  120  -84  127   91
 120   92  110   99  110  -74  112 -111
 -47 -124  -77  100   68   95  -74   56
 -82  124 -102  -86  -73   86   11 -117
 -34  109  117 -100   71  117  -90 -120
 127  -96   83  108 -120  107  117 -106
  66   79 -118  108 -128 -126 -102 -114
 -94  -93   54 -117   97  108  -16 -123
-100  -94  -77   85  123  -85  127   92
 121   88  113   95  109  -71  111 -107
 -45 -123  -76  102   62   97  -74   53
 -84  120  -99  -85  -71   87    8 -115
 -30  109  117 -101   67  117  -92 -120
 126  -95   85  107 -120  107  119 -109
  62   78 -120  110 -125 -126  -99 -113
 -95  -94   50 -118   93  112  -11 -119
-103  -99  -70   95  118  -85 -128   94
 121   92  107  102  109  -77  116 -108
 -47 -124  -81  105   70   96  -79   56
 -88  126 -108  -92  -70   82   16 -113
 -38  102  109 -102   74  117  -90 -117
 124  -98   83  110 -124  107  114 -105
  63   84 -108  103  126 -122 -106 -117
 -96  -88   60 -111  103  110  -25 -122
-103  -99  -68   96  117  -83  127   95
 121   90  106  103  109  -75  114 -108
 -46 -123  -82  105   70   96  -77   54
 -84  126 -110  -89  -67   81   13 -114
 -38  101  109 -100   75  116  -88 -116
 125  -96   78  110 -123  105  115 -103
  62   83 -106  102  125 -124 -107 -118
 -96  -85   58 -111  105  108  -28 -122
-101  -99  -73   90  121  -84 -127   92
 120   87  111   98  108  -73  115 -104
 -43 -123  -79  104   63   99  -77   51
 -86  121 -104  -88  -69   84    9 -112
 -32  105  111 -101   70  118  -93 -118
 127  -96   84  108 -123  106  119 -108
  60   81 -113  107 -126 -122 -101 -115
 -96  -88   53 -114   98  113  -18 -120
-103 -100  -70   93  118  -84 -127   93
 119   90  107  102  109  -77  117 -106
 -45 -124  -82  104   69   98  -77   54
 -86  125 -108  -90  -70   82   13 -112
 -37  102  110 -101   72  117  -91 -117
 126  -96   81  110 -123  105  117 -106
  62   83 -109  104  127 -122 -104 -116
 -95  -86   57 -112  103  111  -24 -122
 -99 -103  -69   92  114  -75 -127   94
 117   87  106  104  106  -76  116 -107
 -41 -120  -80  104   72  100  -75   53
 -83 -128 -114  -84  -65   78    6 -115
 -43   99  111  -97   84  117  -87 -117
-126  -94   72  111 -125  104  117 -104
  59   82 -104  102  121 -121 -107 -118
 -93  -84   56 -111  108  106  -34 -126
 -99 -100  -74   85  118  -79 -126   88
 116   88  111  100  107  -74  115 -106
 -42 -122  -77  101   67  101  -74   52
 -83  124 -105  -83  -70   82    6 -115
 -37  106  115 -100   77  118  -92 -120
-124  -94   78  109 -123  105  119 -108
  61   78 -115  108  127 -122 -100 -114
 -92  -88   51 -116  100  110  -21 -124
-103  -98  -71   92  119  -85 -128   93
 120   90  108  100  108  -74  114 -107
 -46 -123  -81  104   66   96  -77   53
 -85  123 -105  -89  -69   83   13 -113
 -35  103  111 -101   70  116  -90 -117
 125  -96   82  108 -122  106  116 -105
  62   81 -111  105 -128 -123 -102 -115
 -95  -87   55 -113  100  111  -20 -120
-100  -98  -73   89  120  -82  127   93
 120   87  111   98  108  -72  112 -107
 -44 -122  -78  103   65   98  -75   52
 -82  123 -104  -85  -69   84    6 -115
 -34  105  114  -99   72  117  -91 -118
-128  -94   79  108 -121  105  119 -107
  61   79 -112  106  127 -123 -102 -116
 -95  -89   51 -115   99  110  -19 -122
-103 -102  -67   96  115  -82 -128   94
 119   91  105  105  109  -78  117 -108
 -46 -124  -83  105   73   97  -78   55
 -85  127 -112  -91  -68   80   14 -113
 -42  100  108 -100   80  117  -88 -115
 127  -96   77  110 -124  105  115 -103
  63   84 -103  100  123 -122 -109 -119
 -95  -84   59 -109  108  108  -33 -124
-104 -100  -68   95  117  -83 -127   93
 119   91  105  103  109  -77  117 -107
 -46 -124  -84  105   70   97  -77   54
 -85  125 -109  -91  -69   81   14 -112
 -38  101  109 -101   73  116  -90 -116
 126  -96   79  110 -123  104  116 -104
  62   83 -106  102  126 -123 -106 -117
 -95  -84   58 -110  105  110  -27 -122
 -99  -92  -81   80  127  -87 -127   90
 123   88  117   92  107  -71  112 -105
 -44 -126  -72  101   54   99  -76   54
 -87  118  -92  -86  -74   87    9 -115
 -25  113  118 -104   61  118  -97 -123
 124  -97   93  106 -120  110  120 -114
  62   76 -128  115 -119 -124  -94 -110
 -94  -98   49 -122   85  116   -1 -118
 -98  -96  -80   79  125  -86 -124   87
 119   88  118   93  107  -74  116 -103
 -42 -126  -73  101   56  103  -77   53
 -89  118  -94  -86  -75   86    8 -114
 -27  113  118 -104   65  120 -100 -124
-128  -97   93  107 -123  109  122 -116
  61   76 -127  115 -119 -120  -93 -110
 -93  -96   49 -122   87  118   -4 -119
-102  -95  -76   84  123  -87 -127   89
 120   91  112   96  110  -74  115 -106
 -46 -126  -78  101   62   98  -76   54
 -86  120  -97  -88  -74   87   12 -113
 -29  111  116 -102   64  117  -95 -122
 126  -97   89  107 -121  107  119 -111
  64   79 -122  111 -122 -125  -97 -112
 -94  -94   52 -119   92  115   -9 -119
-101  -95  -74   90  121  -84  126   94
 122   89  111   98  108  -70  109 -109
 -46 -122  -77  103   65   95  -75   53
 -82  123 -103  -86  -69   85    9 -117
 -33  106  115 -100   71  116  -88 -118
 125  -95   81  107 -120  108  116 -105
  62   79 -114  106  127 -126 -101 -115
 -96  -91   53 -116   97  109  -17 -121
-103  -96  -73   87  121  -87 -128   90
 120   91  109   98  110  -74  115 -106
 -46 -126  -80  102   64   96  -76   54
 -84  120  -99  -89  -73   86   12 -112
 -31  108  114 -101   64  116  -93 -120
 125  -96   85  108 -121  105  119 -108
  64   80 -117  107 -123 -126 -100 -114
 -95  -90   52 -117   96  113  -13 -119
-100  -97  -74   86  121  -83 -127   91
 119   88  112   97  108  -72  114 -106
 -43 -123  -77  102   63   99  -74   52
 -84  121 -102  -85  -70   84    7 -114
 -32  107  115 -100   70  117  -92 -120
-128  -95   83  108 -121  106  119 -108
  61   78 -117  108 -126 -124 -100 -114
 -94  -91   51 -117   96  112  -14 -121
-101 -104  -88   94  122  -70  124  101
 124   93  103  101  108  -67  107 -113
 -45 -113  -75  114   86   96  -80   72
-103 -115 -124  -89  -60   76   14 -111
 -42  100  106  -91  104  110  -71 -128
 112  -95   89  122  122  117  109 -106
  57   88 -116  104  122 -126 -112 -122
 -95 -108   62 -117  100   96  -43  127
 -94  114   85 -117 -124  -85  112 -103
 122   89  -98 -128  105  -96  110 -119
-111  -99 -114 -128  120 -119  125   93
 -95  115  117  -90 -124  127   74  102
 120   96 -126 -118  -51 -111 -112 -107
-102  -86   75   89 -102  105 -119 -112
  93  112 -101  107   84 -106 -119   95
 119 -116  101  125 -109 -107   98  119
 -96 -115 -106  111  120  -70  121  120
 126   78  124  109  105  -77  111 -111
 -55 -114  -83  116   88  107  -92   62
 -87  121 -123  -85  -75   88   19 -120
 -68   94  104  -95 -117 -127  -85 -109
-120  -89   72   99 -117  105  123 -103
  66   93  -98   97  102 -118 -123  113
-108  -95   65 -112  121  115  -85  126
-101  -98  -72   87  120  -83 -126   90
 118   90  109   99  108  -74  116 -106
 -44 -124  -79  102   65   98  -75   53
 -85  123 -103  -87  -70   83    9 -113
 -34  106  114 -101   70  117  -92 -120
 127  -95   82  109 -122  105  118 -108
  61   80 -115  107 -126 -123 -100 -114
 -93  -89   53 -116   98  112  -17 -121
-102 -100  -77   86  123  -85 -123   88
 118   88  113   97  107  -74  118 -101
 -42 -125  -79  105   60  102  -78   51
 -90  118 -100  -89  -71   84   11 -109
 -30  107  111 -103   67  118  -97 -121
 126  -96   89  108 -124  106  120 -111
  60   80 -119  110 -120 -122  -96 -112
 -94  -90   52 -118   93  117  -14 -118
-101 -105  -66   99  113  -76 -128   97
 119   88  104  107  106  -78  117 -108
 -43 -121  -83  107   75   98  -78   54
 -85 -126 -118  -88  -64   76   12 -113
 -46   94  106  -98   87  117  -86 -114
 127  -94   71  112 -125  104  115 -101
  59   85  -97   98  119 -120 -110 -121
 -94  -80   60 -107  113  106  -42 -126
 -99  -94  -80   78  123  -86 -127   88
 119   92  116   95  110  -76  114 -108
 -46 -126  -75   98   63   99  -75   57
 -86  122  -96  -85  -79   87   11 -118
 -31  114  122 -102   67  119  -96 -124
 127  -97   91  107 -120  109  121 -113
  66   76 -126  114 -123 -123  -96 -110
 -93  -98   51 -122   90  114   -7 -122
 -98  -92  -80   75  124  -85 -127   87
 120   91  117   93  108  -73  113 -107
 -45 -127  -72   98   58   99  -74   55
 -84  120  -91  -83  -78   88    8 -117
 -27  116  123 -103   63  118  -98 -125
-128  -96   91  106 -119  109  121 -114
  65   74  126  116 -120 -125  -93 -108
 -92  -99   48 -124   86  115   -1 -121
 -98  -92  -80   76  124  -84 -128   88
 121   89  117   92  108  -70  111 -107
 -44 -125  -72   98   57   99  -73   53
 -83  119  -93  -81  -75   88    5 -118
 -26  114  123 -101   63  118  -96 -124
-128  -95   88  106 -119  109  121 -113
  63   73 -128  115 -122 -126  -93 -109
 -92  -98   46 -123   86  113   -1 -120
 -99  -95  -77   82  122  -84 -128   89
 119   89  114   96  109  -73  113 -107
 -44 -125  -74  100   63   98  -74   54
 -84  122  -98  -84  -73   86    7 -116
 -31  111  118 -101   70  118  -93 -122
-127  -96   85  108 -121  108  119 -110
  63   77 -122  111 -126 -124  -98 -112
 -93  -95   50 -120   93  111  -11 -122
-100  -94  -79   82  125  -88 -128   90
 122   91  115   94  110  -73  114 -106
 -46 -127  -75  101   59   98  -76   55
 -87  119  -94  -88  -76   87   12 -114
 -28  112  117 -103   63  118  -96 -122
 125  -98   92  106 -120  109  120 -112
  64   78 -124  112 -121 -123  -97 -112
 -95  -97   51 -120   89  116   -6 -119
 -99  -96  -78   83  122  -84 -127   90
 119   89  114   96  109  -73  112 -107
 -44 -123  -75  101   63   99  -75   55
 -86  123 -100  -84  -73   85    9 -117
 -32  110  118 -101   69  118  -94 -122
 127  -97   87  108 -121  108  119 -111
  62   77 -122  111 -125 -123  -98 -111
 -94  -95   52 -119   93  112  -11 -122
-103  115  102 -107 -123 -104  124 -109
-127   92  -99  125  114 -109  124 -116
 -95 -120 -108 -120  114 -119  114   93
-123  119  115 -118 -113  111   87  119
-119   99  100 -121  -60 -102 -123 -103
-116 -111  112   93 -125  120 -128 -123
  93  122  -96  102   96  -86 -128  100
 112 -112  110 -116 -116 -103  103  119
 -97  119   77  -97 -121  -97  106  -88
-119   93  -90  127  104  -93   96  123
-127  -99 -110 -120  122 -123  115  104
-106  119  113  -98 -119 -122   93   89
 109   96  126  127  -36 -107 -109 -103
-109  -97   86   88 -105  122  122 -106
 101  122 -103  109   77 -107 -124   93
 105 -127  119  125 -111 -108   86  115
 -96  116   84 -105 -117  -82  110  -89
-122   71 -105  116  101  -74  108 -106
 -95  -94 -109 -118  101 -125 -128   75
 -93   98  121  -92 -104  125   54  124
-109   87  106 -111  -64 -116  -99 -100
-110  -77   74   81  -99   97 -116 -106
  79  116  -94   99   85 -118  127   77
 116 -112   89 -123 -114 -105  106 -122
-101  -96  -76   89  121  -86  127   93
 121   90  111   98  110  -74  113 -108
 -47 -124  -79  102   66   97  -76   55
 -85  122 -102  -88  -73   86   12 -115
 -34  107  115 -101   70  118  -92 -119
 126  -97   86  107 -120  107  118 -108
  64   80 -116  108 -127 -123 -102 -115
 -96  -92   55 -116   97  112  -16 -121
-100  -99  -78   83  123  -83 -124   88
 117   87  114   96  106  -73  116 -102
 -41 -123  -77  103   59  103  -77   51
 -89  119 -100  -85  -70   84    8 -111
 -30  108  114 -103   68  118  -96 -122
 127  -95   87  108 -124  107  120 -112
  58   78 -121  112 -121 -122  -94 -111
 -93  -91   50 -119   92  116  -11 -119
-100  -98  -79   85  124  -85 -124   88
 118   88  114   96  106  -73  116 -102
 -42 -124  -78  104   58  102  -78   52
 -90  119 -100  -88  -70   85   10 -110
 -29  108  113 -104   66  118  -97 -122
 125  -96   89  108 -124  108  120 -112
  59   79 -121  112 -120 -122  -94 -111
 -94  -92   51 -119   91  117  -11 -118
 -96  -97  -86   78  125  -88 -124   87
 119   93  121   95  106  -78  116 -106
 -45 -126  -74  101   58  106  -82   59
 -95  122  -96  -88  -78   88   16 -118
 -33  115  121 -108   69  121 -103 -126
 125 -100   99  109 -125  115  120 -119
  65   77  124  119 -118 -118  -89 -106
 -92 -101   55 -124   86  119   -7 -122
 -97 -104  -90   78 -128  -88 -118   85
 117   92  124   95  103  -87  127  -96
 -42  127  -80  104   53  114  -90   59
-106  118  -96  -96  -82   86   24 -110
 -33  114  115 -112   67  124 -114 -127
 123 -102  109  108 -127  113  125 -128
  62   80  125  121 -110 -109  -86 -106
 -92  -97   57 -123   86 -125  -10 -118
 -92  -99  -96   77 -125  -85 -121   88
 120   84 -125   91   98  -75  115  -98
 -38 -123  -69  104   46  113  -86   55
-103  118  -95  -86  -73   86   12 -117
 -29  115  118 -112   72  125 -109 -126
 125 -100  105  106 -127  118  122 -125
  57   75  120  125 -115 -111  -84 -106
 -92 -101   52 -126   81  126   -5 -120
 -99  -95  -84   81  126  -89 -125   87
 120   93  120   95  106  -76  115 -107
 -46 -127  -72  102   58  102  -81   58
 -93  122  -95  -88  -75   87   16 -116
 -31  114  118 -108   71  120  -99 -125
 125 -100   98  108 -125  115  117 -115
  65   78  125  117 -119 -121  -92 -109
 -93 -100   55 -123   86  117   -8 -122
-102  -94  -81   79  124  -90 -126   85
 120  100  115   98  110  -81  118 -110
 -50  125  -75  100   65   98  -81   64
 -92  125  -94  -93  -81   87   23 -116
 -34  118  118 -107   70  118  -98 -127
 123 -102   99  110 -125  115  116 -115
  72   80  125  116 -119 -125  -96 -109
 -93 -103   59 -123   88  114  -11 -124
 -96  -95  -84   76  124  -86 -125   86
 119   93  121   95  107  -77  114 -108
 -45 -126  -72   99   61  103  -78   59
 -91  124  -96  -85  -77   87   13 -120
 -32  116  123 -106   71  121 -100 -126
 127  -99   95  109 -124  114  119 -116
  65   76  124  118 -121 -120  -91 -107
 -92 -102   53 -125   87  115   -7 -124
 -97 -125   83  123 -117 -101  118 -114
 123   86  -92  108  110  -85  109 -115
 -96 -104 -101  121  101 -122 -122   82
 -99  103 -119  -93 -123 -127   60  107
-101  113 -126 -119  -87 -106 -120 -110
-105  -91  103   80 -104  111 -116 -122
  93  102 -123  114   99 -105 -105  107
 120 -124   86  124  121 -102 -110  127
 -95  115   91 -128 -125  -78  115 -110
 118   84 -107  123  107  -94  120 -111
 -95 -103 -115  126  117 -121 -123   84
 -88  107  122  -88 -122  121   59  117
-120   96  126 -107  -65 -114 -109 -109
-101  -79   71   87 -100   94 -109 -115
  88  108 -100  102   89 -112 -119   92
 127 -111   87 -128 -111 -107  108  125
 -98  -94  -80   78  120  -81  126   89
 117   92  114   98  110  -75  110 -113
 -48 -123  -74   96   71   97  -72   59
 -80  125 -100  -80  -79   87    8 -122
 -38  113  125  -98   77  119  -91 -123
-124  -94   82  107 -118  107  120 -109
  68   75 -123  111  125 -126  -99 -112
 -93  -98   51 -121   95  107  -16 -126
 -99  -93  -80   76  123  -84 -127   86
 119   92  115   95  109  -74  113 -108
 -45 -126  -73   98   62   98  -73   57
 -84  122  -94  -84  -77   87    9 -117
 -30  115  123 -102   66  118  -95 -125
-128  -96   89  108 -120  109  120 -113
  66   75 -128  114 -122 -126  -94 -109
 -91  -99   49 -123   88  112   -5 -122
 -95  -99  -85   78  127  -87 -122   87
 119   89  124   94  104  -77  119 -102
 -41 -128  -70  101   53  109  -82   55
 -96  120  -94  -87  -77   86   12 -117
 -29  114  118 -110   70  124 -107 -125
-128 -101  101  107 -126  114  122 -121
  61   76  125  120 -118 -113  -89 -107
 -93  -99   52 -123   85  123   -5 -122
 -91  -99  -89   72  127  -81 -121   86
 116   82  127   91  101  -73  116  -98
 -37 -123  -70   99   49  112  -78   50
 -92  117  -94  -80  -75   86    2 -117
 -27  113  123 -107   69  124 -107 -125
-125  -95   95  105 -124  111  127 -122
  55   71  124  122 -117 -113  -84 -106
 -90  -97   45 -125   83  123   -1 -121
 -92 -110  -97   86 -125  -93 -114   90
 119   86 -122   95   99  -89 -127  -93
 -40 -128  -76  108   47  125  -99   59
-119  119 -101  -99  -81   84   28 -115
 -36  112  111 -120   76 -123 -126 -124
 123 -109  121  108  122  120  125  121
  58   82  125  126 -111  -93  -84 -106
 -98  -98   63 -121   86 -117  -14 -121
 -91 -117 -101   95 -120  -97 -111   95
 120   79 -114   94   96  -88 -125  -86
 -35 -127  -75  116   38 -123 -109   55
 126  117 -106 -105  -75   82   30 -110
 -34  107  101 -125   80 -118  123 -120
 120 -114 -125  107  113  124  126  115
  52   87 -127 -128 -108  -83  -83 -108
-102  -95   66 -118   87 -109  -19 -119
 -89 -115 -101   87 -124  -94 -111   91
 117   84 -115   95   98  -91 -126  -91
 -39 -128  -76  110   45 -124 -104   58
-124  120 -104 -100  -82   84   29 -117
 -39  110  112 -123   82 -118  123 -123
 125 -111  126  107  118  122  127  117
  56   83  126 -127 -110  -84  -81 -104
 -99  -97   65 -121   87 -112  -18 -123
 -92 -106  -93   83 -127  -93 -118   90
 119   90 -123   96  102  -88  125 -100
 -44  127  -73  104   52  119  -94   61
-112  122  -99  -96  -84   86   26 -120
 -37  114  117 -118   78 -124 -121 -124
 125 -109  117  108  125  120  123  126
  62   80  124  125 -115  -97  -87 -106
 -97 -100   63 -121   87 -123  -12 -124
 -97 -106  -91   88 -128  -97 -118   90
 120   94 -126   98  104  -90  126 -101
 -47  125  -79  107   54  117  -98   62
-112  122 -101 -101  -82   86   33 -116
 -39  112  113 -119   77 -126 -119 -123
 121 -110  118  109  122  121  121 -128
  65   84  127  122 -113 -101  -88 -106
 -98  -99   67 -120   88 -123  -18 -122
 -95  -98 -102   90 -127 -101 -124   94
 127  105 -123   99  107  -90  112 -118
 -57  126  -75  109   65  112 -105   81
-122 -121 -107 -106  -81   93   47  127
 -48  122  115 -118   90 -127 -111 -128
 113 -119  127  116  115 -117  110  127
  79   89  116  127 -115 -110  -89 -104
-103 -117   78 -128   85  121  -26 -128
 -95  115   94 -114 -121  -99  126 -109
 127   83  -91  119  110 -103  121 -112
 -91 -113 -102 -123  106 -111  119   89
-120  116  118 -109 -113  112   74  112
-117   99  108 -122  -61  -97  125 -104
-108 -107  112   89 -122  120 -122 -128
  88  114 -101  108   95  -79 -118  103
 114 -113  102 -118 -121  -99  114  119
 -94  113   74 -101 -119  -97  114  -92
-125   84  -86  124  105  -94  107 -120
-117 -100 -108 -120  113 -110  116   96
-109  111  117 -100 -121 -125   83   95
 117   98  120  127  -41 -101 -123 -103
-100  -96   93   84 -107  117 -124 -116
  97  119 -103  110   82  -94 -120   92
 105 -122  110 -128 -113  -97   93  118
-107  127   96 -109 -118 -100  113 -106
-122   90 -102  119  109  -86  107 -119
 -97 -110  -98 -120  108  120  125   85
-105  111 -128 -108 -102  118   73  121
-106  101  100 -119  -64 -114  -98 -102
-117  -97   96   86 -114  118  121 -107
  93  119 -103   99   90 -115  127   91
 115 -119  100 -122 -124 -115  114  124
 -93  -92  -92   73  125  -85 -127   88
 120   92 -128   93  106  -74  108 -113
 -48 -124  -67   96   61  104  -77   61
 -89  124  -94  -79  -80   91   11 -128
 -36  119 -126 -106   80  124 -100 -127
-126  -99   96  106 -121  118  119 -116
  67   72  118  122 -124 -120  -90 -106
 -93 -107   52 -128   84  114   -7 -127
 -92  -99  -89   72  124  -87 -122   86
 116   93 -128   95  105  -84  119 -106
 -45 -128  -72   96   58  112  -83   61
 -96  123  -96  -85  -85   88   16 -125
 -37  117 -127 -111   74  127 -112 -127
-126 -101  102  108 -124  116  124 -124
  65   73  121  123 -119 -109  -86 -103
 -92 -102   55 -125   86  123   -7 -126
 -99 -106  -82   86  124  -89 -119   87
 116   93  120   99  108  -85  126 -101
 -44  127  -78  104   63  111  -86   58
-103  123 -103  -94  -79   83   21 -113
 -37  110  112 -110   78  125 -109 -124
 127 -103  103  110  127  112  121 -120
  63   83 -124  116 -119 -108  -94 -110
 -96  -95   61 -118   94  124  -19 -124
 -94 -108  -93   87  122  -98 -119   90
 115  101 -121  104  110  -99  123 -113
 -57  125  -80  102   73  120  -98   74
-113 -122 -111  -97  -94   89   40  122
 -58  115  126 -118   97 -119 -123 -124
-128 -114  117  112  121  126  120  127
  74   83  127  123 -124  -92  -89 -102
-102 -105   75 -122   96 -127  -32  121
 -95 -106  -99   88  123 -108 -120   92
 118  108 -115  105  115 -108  124 -120
 -66  118  -82  101   77  121 -106   82
-115 -123 -107 -103 -104   95   54  116
 -65  122 -125 -123  100 -115  125 -125
-128 -121  127  111  121 -125  121  123
  85   86  122  126 -122  -91  -89 -100
-107 -111   82 -125   95 -123  -36  120
 -96  -96  -93   84  123 -100 -126   92
 121  106 -124  101  112  -93  114 -122
 -62  124  -76   98   73  109  -93   76
-103 -123 -102  -95  -94   94   39  118
 -53  122 -125 -116   89 -125 -113 -126
 125 -113  113  110 -128 -128  115 -122
  81   81  120  123 -125 -107  -92 -102
-102 -112   74 -126   90  121  -22  123
 -92  -95 -100   82  121  -92  126   95
 121  107 -127  100  113  -89  104  126
 -64 -123  -73   98   85  106  -89   86
-107 -113 -113  -89  -92   94   38  111
 -60  123 -121 -109  101 -126 -103  126
 123 -112  111  116  126 -124  111 -122
  82   81  116  123  125 -110  -95 -103
-102 -122   76  127   93  109  -29  118
 -98  -93 -112   90  127  -99  123  101
-126  119 -128   99  117  -94   99  117
 -75 -127  -80  106   96  102 -102  106
 127 -106 -119 -108  -94   99   62  112
 -65  127  123 -107  108 -127  -99  123
 107 -121 -123  123  117 -107  103 -128
  93   92  112  124 -125 -112  -98 -107
-111  120   89  124   90  107  -39  119
 -84 -109 -110   83  126 -104 -117   92
 116  102 -101  102  108 -110  120 -118
 -65  122  -78  100   69 -120 -110   86
-123 -120 -110  -97 -107   97   53  102
 -72  126 -116  127  106 -107  110 -128
-122 -125 -124  111  118 -118  124  111
  81   81  114 -119 -120  -76  -77  -91
-107 -115   83  125   91 -116  -33  116
 -89 -117 -104   86 -124  -95 -110   90
 115   86 -112   97   97  -98 -124  -92
 -41  127  -80  109   47 -120 -109   63
-128  122 -107 -103  -87   86   36 -121
 -45  113  115 -125   84 -115  116 -124
 124 -114 -126  109  116  124 -127  111
  59   83  125 -125 -109  -79  -77 -101
-100  -98   68 -122   88 -108  -22 -124
 -87 -113 -102   84 -126  -93 -113   90
 115   85 -112   96   98  -91  127  -95
 -42 -127  -75  107   48 -125 -102   60
-119  122 -104  -95  -84   86   27 -124
 -43  111  119 -122   87 -117  123 -123
-128 -110  122  107  119  123 -128  118
  58   79  125 -126 -114  -84  -78 -102
 -98  -98   64 -123   87 -114  -18 -126
 -94  118   90 -122 -125  -89  119 -108
 121   83  -97  120  106  -95  117 -114
 -93 -104 -107  127  112 -117 -128   84
-100  111  119  -95 -118  119   62  109
-119   98  122 -115  -62 -104 -117 -104
-103  -90   88   85 -109  107 -115 -119
  89  109 -101  104   88  -98 -116   98
 121 -112   94 -123 -116 -104  112  121
 -98  119   88 -114 -123  -84  110  -99
 127   84 -107  122  105  -85  110 -115
-103  -98 -113 -125  114 -128 -126   84
 -88  107  121  -92 -115  126   64  115
-120   93  120 -112  -63 -117 -100 -104
-108  -80   71   85  -99   99 -118 -106
  90  113  -98  100   85 -120 -124   86
 120 -114   94 -127 -111 -110  105  127
-102  122  100 -120 -123  -84  115 -109
 126   85 -112  121  108  -87  117 -111
 -88 -108 -106 -124  111  123 -123   80
 -93  108  127  -99 -107  114   58 -128
-105   96  106 -107  -71 -118  -97 -105
-112  -85   80   87 -108  102 -121 -109
  87  113  -97   95   90 -118 -127   88
 125 -110   88 -122 -117 -114  114  127
 -97  -99  -88   85  125  -97 -123   90
 121   99 -128   99  109  -86  118 -112
 -52  125  -74  102   63  108  -91   66
-103 -128 -100  -96  -84   88   30 -125
 -41  116  120 -115   82 -128 -110 -124
 124 -109  111  110  125  123  116 -121
  71   82  125  121 -121 -108  -93 -106
 -99 -105   67 -122   89  122  -17 -128
-105 -122  117  122 -126 -106  123  125
 121  101 -107  115  116 -100  118 -120
 -88 -120 -101  119  106  121 -121   86
-107  119 -122 -108 -114  111   70  118
 -95  111  117 -116 -100 -111 -115 -109
-118 -105  110   94 -119  118  127 -119
  96  105 -113  107  106 -102 -113  116
 127 -114   93 -121  123 -116 -105  121
 -91 -123  100  106 -128  -87  121  126
 113   91  -96  112  111  -96  109 -122
 -89 -107  -97  109  111 -124 -111   88
 -96  121 -126  -83 -123  115   53   99
-108  113 -112 -111  -84 -105 -118 -114
-103  -94   94   90 -108  113 -119 -123
  91   92 -122  114   96  -96 -102  122
-124 -120   83  125  124 -116 -106  115
 -95  126   82 -126 -125  -88  113 -110
 126   95  -95  122  111  -99  106  126
-106 -107 -106  125  126 -126  126  102
-101  121  120  -92 -122  123   77  100
 124  107 -127 -113  -47 -107 -108 -111
-109  -95   91   88 -108  118 -125 -117
 100  111 -114  108   86 -107 -119  103
 121  127  102  123 -121 -115  103  115
 -90  113   68 -113 -123  -91  113  -99
 127  101  -81 -124  108 -113  105  121
 123 -105 -117 -127 -121 -108  111  119
-109  125  111  -95  116 -120  103   76
  88  103 -114  126  -25  -99  126 -112
-100 -100   89   91 -106  124 -123 -122
 107  118 -111  118   81  -90 -113  104
 108  124  123  117 -110 -100   78  107
 -84 -107 -115   81  126 -102 -119   95
 118  102 -101  101  109 -109  117 -120
 -68  125  -79   98   73 -121 -109   88
-121 -121 -110  -95 -110  100   52  100
 -74  127 -113 -126  108 -106  111  127
-121 -123 -125  109  122 -119  125  111
  84   80  112 -119 -122  -78  -78  -94
-108 -118   82  124   92 -117  -33  116
 -82 -110 -111   74 -128  -92 -114   87
 112   93 -105   98   99 -103  123 -106
 -51 -126  -79   99   58 -118 -105   76
-122 -125 -108  -92  -99   92   39  112
 -61  122 -118 -125   92 -111  113  126
-125 -116  126  109  120 -125 -127  109
  69   76  114 -118 -114  -78  -69  -90
 -98 -108   71  125   87 -114  -21  123
 -90 -119 -104   92 -122 -100 -109   92
 119   87 -112   97   98 -101 -121  -90
 -41  124  -81  113   46 -118 -115   65
 120  121 -109 -111  -85   86   43 -117
 -44  113  107 -128   83 -115  114 -123
 120 -119 -119  110  112  127  127  108
  60   89  127 -125 -106  -77  -79 -103
-104  -99   73 -120   89 -106  -25 -123
 -90  -98  -93   82 -128  -91 -123   94
 122   89 -123   93  102  -79  113 -107
 -46 -125  -69  101   52  113  -88   60
-103  123  -99  -87  -80   88   19 -128
 -36  114  124 -116   77 -126 -113 -123
 125 -106  109  106 -126  121  120 -124
  62   76  123  125 -121 -104  -87 -104
 -97 -104   61 -123   85  126   -7 -125
 -92  -98  -91   70  123  -87 -123   85
 116   95 -128   95  107  -87  119 -109
 -49  127  -73   94   62  112  -82   65
 -95  124  -95  -84  -91   90   19  127
 -41  120 -123 -110   76 -128 -114  127
-125 -102  103  108 -122  116  125 -125
  69   73  119  124 -119 -109  -85 -102
 -92 -105   57 -127   86  123   -8 -128
 -92 -115 -108   96  116  -70  124  112
 114   85  125  109  107  -86  117 -113
 -57 -112  -88  105   96  115  -88   68
 -84  125 -124  -78  -92   92   19  124
 -75  100  127  -96 -123 -124  -96 -116
-114  -87   73  101 -114  101 -124 -111
  71   85 -107  103  103 -111 -111  124
-103  -98   65 -116  122  118  -76  121
 -95 -124 -121  109  119  -72  122  125
 119   87  127  115  109  -92  123 -112
 -67 -115  -99  114  105  119 -101   73
 -86  118 -128  -87 -100   98   34 -128
 -88   97  118  -97 -105 -122  -98 -112
-113  -86   73   98 -111   97 -119 -112
  78   97  -99   97   99 -114 -119  109
-111 -100   74 -116 -124 -128 -105  124
 -99 -128  112 -126 -128  -83  116 -112
-128   87 -119  117  110  -89  118 -115
 -82 -111 -105  126  110  121 -117   79
 -92  111  125  -96 -105  111   52  126
 -99   96  111 -103  -84 -119  -98 -107
-117  -87   80   91 -108  101 -121 -110
  86  109  -98   96   93 -118 -126   95
-126 -109   86 -119 -120 -119  126  127
 -94 -108  124   96  124  -95  123  110
 118  107 -107  109  116 -100  104  121
 -86 -118  -87  102  109  118 -104   97
-107 -119 -122  -89 -115  107   60   97
 -96  122 -113 -112 -108 -112 -112 -123
-120 -110  110  103 -120 -126  120 -123
  95   90  121  120  108 -100 -101 -115
-117 -128   90  125  109  123  -77  111
 -96  122   76 -123 -126  -89  110 -108
 126  110  -91 -124  112 -113  104  116
 126 -110 -114  123 -114 -123  120  120
-101 -127  118  -95  118 -124  100   83
  97  110 -114 -122  -30 -107 -114 -117
-105  -98   85   93 -104  125  127 -115
 113  115 -117  113   82 -106 -117  106
 116  120  118  115 -116 -114   86  107
 -84  113   63  127 -126  -83  116 -108
 117  101  -77 -126  108 -118  107  121
 125 -103 -116  119 -115 -101  118  122
-104 -127  112  -85  105 -122   95   67
  83  109  -99 -125  -22  -93  119 -117
 -91  -97   87   90 -103  122 -116  127
 108  107 -118  122   80  -82 -103  113
 115  122  116  113 -112  -99   84  102
 -84 -108 -123   83 -128 -101 -122  100
 119   99 -100   99  110 -105  115 -120
 -70 -128  -79  100   74 -122 -109   88
-118 -125 -108  -94 -112  104   51  101
 -74 -128 -113 -123  112 -106  114 -127
-120 -120 -126  105  126 -121 -128  112
  85   80  112 -120 -125  -82  -81  -99
-111 -121   80  123   92 -116  -37  118
 -83 -110 -108   76 -127  -92 -115   89
 115   89 -108   95   98  -98  123 -102
 -46 -126  -76  100   53 -121 -103   70
-121  127 -106  -92  -94   90   33  119
 -52  120 -124 -123   86 -114  117 -128
-127 -114  125  108  121 -128 -127  111
  65   76  116 -120 -114  -81  -73  -95
 -98 -106   67 -128   86 -115  -17  126
 -86 -112 -109   81 -126  -95 -113   88
 115   92 -108   98   99 -103  127 -101
 -48 -128  -81  104   55 -120 -109   73
-126  127 -108  -99  -94   90   42  123
 -55  118  127 -125   88 -113  115 -127
 126 -116 -127  110  118 -127 -128  109
  66   81  119 -121 -111  -79  -73  -95
-100 -104   72 -127   88 -112  -23  127
 -84 -111 -108   78 -125  -89 -113   89
 115   84 -111   93   95  -93  125  -95
 -40 -123  -76  104   46 -122 -102   64
-122  123 -105  -93  -87   87   27 -128
 -44  115  125 -121   82 -116  120 -126
 127 -110  123  107  121  124 -126  112
  58   77  119 -122 -111  -83  -74  -99
 -97 -102   62 -126   85 -114  -14 -125
 -90 -104  -95   73  127  -86 -118   84
 114   91 -123   95  102  -88  122 -101
 -45 -127  -75   99   56  120  -88   62
-104  122  -97  -87  -87   87   21 -125
 -41  117  127 -114   78 -126 -120 -128
-126 -103  107  107 -127  118  126  126
  63   75  120  126 -115 -101  -80 -101
 -93 -101   57 -127   85 -125  -10 -125
 -91 -105  -93   80 -127  -89 -117   89
 117   85 -123   93  101  -81  122  -98
 -40 -126  -71  104   49  119  -90   55
-106  120  -98  -89  -78   85   16 -118
 -33  112  118 -115   76 -126 -117 -124
 127 -104  110  107  126  117  125 -128
  58   77  124  125 -115 -102  -84 -105
 -95  -99   56 -123   85 -125   -9 -123
 -96  -97  -86   75  121  -87 -125   85
 115   99  122   99  110  -85  116 -113
 -52 -127  -76   95   72  105  -80   66
 -91 -128  -99  -85  -88   89   20 -128
 -44  117 -125 -107   80  125 -104 -127
-126 -100   96  109 -122  115  121 -117
  72   75  124  119 -125 -115  -91 -105
 -93 -103   59 -125   92  116  -15  126
 -97  127  112  117 -128  -69  117 -119
 121   76 -122  113  107  -81  119 -105
 -71 -105 -103  122  105  122 -105   68
 -80  105 -126  -83 -102  108   32 -123
 -90   95  114  -94  -92 -122  -93 -108
-108  -75   67   86 -102   89 -112 -110
  76  101  -98   94   94 -122 -122   94
-119 -103   69 -120 -121 -120 -120 -125
 -94 -119 -120  107  120  -69  120  125
 121   81  126  110  107  -82  116 -111
 -63 -110  -94  113  100  115  -94   67
 -80  116 -125  -81  -92   98   23 -127
 -80   96  119  -94 -111 -125  -91 -111
-114  -82   67   95 -108   96 -121 -108
  73   93 -101   97   98 -120 -119  109
-110 -100   67 -116 -128  123  -96  126
 -86  111   72 -122 -124  -87  118 -104
 120   93  -81 -128  107 -111  112 -126
-117 -105 -113  126 -127 -102  116  109
-108  123  111  -91  118 -127   87   82
 100  103 -115 -125  -32  -95  121 -112
 -96  -99   91   89 -109  118 -116 -128
 100  112 -110  116   83  -83 -109  107
 113 -127  112  121 -111  -97   90  109
 -86 -124  120   97  127  -99 -121  107
 113   99  -94  108  115 -114  119 -121
 -79 -123  -92  107   98 -113 -119   98
-128 -118  127  -99 -121  102   64   97
 -99  119 -117 -120 -111  -97  108 -122
-116 -120 -125  107  120 -122 -124  110
  86   89  127 -126  120  -65  -87 -108
-121 -119   91 -128  110 -110  -75  110
 -79 -108 -116   76  125  -97 -118   92
 114  103 -100  100  110 -111  115 -123
 -66  126  -79   97   78 -118 -109   96
-128 -112 -117  -94 -112   97   53   95
 -79  127 -110 -122  110 -104  110  125
-123 -125 -121  115  115 -114  126  104
  82   78  112 -116 -121  -70  -74  -89
-108 -122   84  123   93 -120  -33  113
 -82 -111 -112   76 -127  -92 -113   88
 113   91 -105   96   98 -102  123 -103
 -49 -126  -80  101   56 -118 -107   74
-124 -127 -109  -94  -96   92   39  117
 -58  120 -122 -124   90 -112  113 -128
-127 -115  127  109  119 -126 -126  108
  67   77  116 -119 -112  -78  -69  -92
 -99 -106   70  127   87 -113  -21  125
 -84 -116 -110   82 -124  -94 -111   89
 114   87 -106   96   96 -100 -127  -95
 -43 -127  -80  107   49 -116 -110   68
 127  124 -109 -100  -90   88   37  127
 -51  116  122 -126   87 -112  112 -126
 126 -115 -125  109  115 -128 -126  107
  61   81  120 -121 -109  -76  -71  -97
-100 -102   69 -126   87 -108  -22 -127
 -88 -116 -106   85 -125  -96 -111   90
 115   89 -110   97   98 -101 -125  -95
 -44  127  -81  108   50 -118 -110   67
 127  124 -107 -103  -90   88   40 -126
 -50  116  119 -127   87 -114  114 -126
 125 -116 -125  109  115  127 -127  109
  63   83  122 -123 -109  -78  -75  -98
-101 -101   70 -124   88 -108  -24 -126
 -85 -114 -109   82 -122  -90 -111   90
 116   81 -110   93   94  -92  127  -90
 -37 -123  -76  108   42 -120 -106   60
-126  120 -105  -96  -83   86   28 -121
 -41  113  118 -123   82 -116  119 -124
 125 -111  127  107  118  124 -126  111
  55   80  122 -123 -109  -81  -75 -101
 -98  -99   62 -124   85 -110  -16 -123
 -89 -103  -97   71  126  -86 -119   84
 114   93 -122   95  102  -92  121 -104
 -48 -127  -77   96   59  121  -88   67
-104  125  -98  -87  -92   89   24  126
 -45  118 -123 -114   77 -124 -123  127
-127 -104  109  107 -125  119  127  123
  65   73  119 -128 -116  -98  -79  -98
 -93 -103   59 -127   86 -125  -10 -127
 -90  -97  -93   76  125  -91 -124   91
 120   94 -124   94  106  -85  114 -112
 -49 -127  -69   96   60  113  -85   66
-101  127  -99  -86  -88   90   20  123
 -41  119 -125 -113   80 -125 -114 -127
-127 -107  109  108 -125  122  122 -126
  69   74  119  126 -122 -105  -88 -103
 -96 -108   61 -126   86  122   -8  127
 -96 -104  -97   89 -127  -97 -122   95
 122   94 -121   98  108  -86  119 -108
 -55  126  -74  106   62  114  -95   66
-106  123  -99  -96  -86   90   31 -125
 -45  115  117 -117   91 -123 -116 -123
-128 -109  114  106  127  123  120 -124
  69   83  125  122 -122 -102  -92 -110
-103 -106   67 -123   89 -126  -24 -127
 -98  -94  -85   86  120  -84  124   96
 121   94  118   98  109  -75  106 -117
 -52 -121  -73   99   75   97  -77   63
 -86 -127 -105  -82  -78   88   14 -128
 -43  111  124 -101   88  122  -89 -121
-128  -98   87  107 -119  113  115 -107
  70   78 -123  111  121 -123 -103 -115
 -98 -103   59 -120   97  107  -24  127
 -99 -113  -92  105  113  -73  123  113
 122   94  113  115  110  -91  119 -118
 -58 -123  -90  111  100  103  -92   72
 -86 -125 -125  -90  -84   85   30 -122
 -74   96  110  -94 -125  125  -86 -113
-125  -95   74  107 -121  105  121 -105
  75   94  -97   96  104 -119 -124  120
-102  -95   74 -110  126  110  -85  122
 -85 -117  118   94 -124 -102 -122  109
 118   94  -92  102  111 -104  115 -118
 -75 -122  -84  107   83 -115 -115   89
-122 -127 -116  -95 -116  106   55  100
 -85  123 -117 -123 -121 -100  111 -123
-114 -117 -126  101  126 -123 -124  112
  85   86  118 -123  123  -74  -85 -109
-120 -122   84  125  100 -109  -59  116
 -80 -109 -113   77  126  -99 -115   89
 114  102 -101  100  105 -112  120 -117
 -61  125  -80  100   69 -115 -113   91
 126 -116 -115  -98 -106   96   53  101
 -73  126 -115 -126  101 -106  108  125
-126 -126 -121  115  113 -115  126  103
  79   80  112 -116 -115  -73  -70  -87
-105 -117   82  123   90 -116  -30  117
 -85 -114 -106   92 -126 -106 -113   95
 119   95 -104  100  105 -106  126 -108
 -53  122  -78  110   58 -116 -118   79
 121 -123 -115 -107  -93   92   51  117
 -60  119  122  126   97 -108  109 -124
 125 -128 -116  114  106 -117  124  106
  72   87  121 -121 -112  -73  -78  -96
-110 -109   82 -125   91 -111  -32  123
 -83 -114 -112   81 -126  -98 -112   89
 114   94 -104   98   99 -107  127 -104
 -50  127  -83  104   56 -115 -114   77
 125 -126 -112 -102  -97   93   47  117
 -61  120 -126 -127   91 -110  109 -128
 126 -120 -122  112  113 -123 -127  104
  70   82  117 -118 -110  -75  -70  -93
-102 -107   75 -128   89 -110  -27  125
 -83 -114 -112   83 -126  -98 -112   90
 115   92 -102   98   99 -104  126 -103
 -50  127  -79  105   54 -115 -113   75
 126 -126 -111  -99  -95   91   45  117
 -60  120 -127  127   94 -109  109 -127
-128 -121 -123  110  114 -122 -128  106
  68   81  117 -118 -112  -74  -71  -93
-103 -107   76 -128   88 -110  -26  124
 -83 -112 -109   80 -125  -93 -113   90
 116   87 -108   94   97  -98  125  -98
 -44 -126  -78  105   49 -119 -107   69
-126  126 -108  -97  -90   90   35  124
 -50  118  125 -123   85 -114  117 -127
 126 -115 -128  109  118 -128 -127  109
  63   79  118 -121 -111  -80  -73  -97
-100 -104   68 -126   86 -112  -18 -127
 -86 -115 -107   82 -125  -93 -111   89
 114   86 -109   96   97  -99 -126  -94
 -42 -127  -79  106   48 -118 -108   66
-127  123 -107  -99  -89   88   35 -126
 -48  115  122 -124   85 -114  115 -125
 126 -114 -128  109  117  126 -125  109
  60   81  121 -122 -109  -79  -73  -98
 -99 -101   67 -125   87 -110  -21 -126
 -89 -107  -98   80 -127  -92 -116   89
 117   89 -117   95  102  -91  124 -101
 -45 -128  -74  103   53  125  -96   63
-113  123 -101  -93  -87   87   26 -126
 -43  115  123 -119   82 -120 -127 -125
-128 -109  117  107  124  122  126  121
  62   78  122 -128 -115  -91  -81 -102
 -97 -102   63 -124   87 -120  -15 -127
 -90 -102  -97   73 -128  -85 -119   86
 117   87 -125   92   99  -83  120  -99
 -40 -124  -74  100   51  118  -87   59
-104  120  -97  -87  -82   87   17 -121
 -35  116  125 -112   71 -128 -116 -127
 127 -101  107  107 -126  117  127  126
  61   74  119  126 -114 -105  -81 -102
 -91 -101   54 -126   83 -127   -6 -122
 -88 -110  -98   80 -127  -89 -114   87
 114   86 -117   96   99  -88  125  -97
 -42 -126  -75  104   50  127  -96   59
-112  122 -102  -91  -83   85   22 -123
 -42  112  121 -119   84 -121 -127 -124
-127 -106  114  107  123  120  127  123
  58   77  124 -128 -115  -91  -78 -102
 -95  -98   60 -124   86 -118  -15 -126
 -96  -98  -80   79  120  -80 -126   88
 115   89  117   97  107  -75  114 -108
 -44 -122  -75   97   67  102  -73   55
 -84  124 -102  -80  -77   85    6 -121
 -37  110  124 -101   77  121  -96 -122
-124  -94   83  107 -120  107  121 -111
  63   74 -122  112  127 -119  -96 -111
 -92  -94   51 -120   96  112  -15 -126
 -98 -116 -114  118  122  -82  120  127
 127   89  127  111  108  -86  112 -118
 -66 -115  -89  117   98  110 -103   74
 -97  127  127  -93  -87   94   38  126
 -79   96  110 -103 -110 -123  -92 -110
-126  -97   86  101 -119  111  121 -107
  75   99 -101   99   99 -112 -123  114
-115 -105   82 -112  125  120  -94  122
