Shape: torch.Size([1, 144, 64])
Range: [-123, 127]
Mean: 0.8302

量化值陣列:
  31   24   37  -47    3   44    9  -39
  -8  -48   -4  -37  -28   52   -5   38
  93    4   51  -20  -84  -14   43  -79
  25  -16   34   37   56  -44 -117   24
 104  -18  -18   20  -66   -5   18    4
  -4   31  -25  -23    3  -19    0    2
 -76  -49    0   -9   17   16   40   18
  35   35  -80    7  -44    2  123   15
  30   23   38  -42    4   41   10  -37
  -6  -47   -4  -37  -27   52   -4   39
  93    2   51  -17  -85  -14   40  -79
  22  -17   33   33   58  -44 -114   27
 105  -19  -23   18  -65   -5   18    5
  -6   28  -22  -22    1  -18   -2    3
 -76  -46    2   -9   18   17   38   16
  32   35  -77    8  -43    3  120   16
  31   26   39  -48    3   44    7  -39
  -7  -47   -6  -38  -26   54   -6   37
  93    3   53  -21  -83  -17   46  -79
  29  -16   35   38   56  -43 -119   24
 106  -17  -18   21  -68   -7   21    3
  -3   31  -27  -23    4  -20   -1    4
 -75  -50    0  -10   16   13   38   17
  35   34  -81    6  -44    0  125   15
  33   24   37  -48    4   45    9  -39
  -8  -51   -2  -39  -28   55   -7   39
  95    5   54  -21  -86  -13   45  -81
  27  -16   34   41   57  -44 -122   22
 106  -18  -17   20  -65   -4   18    5
  -2   31  -27  -24    3  -19    0    2
 -78  -51    0   -8   16   18   41   18
  35   35  -82    6  -44    2  125   14
  28   27   42  -43    3   41    6  -38
  -5  -44   -9  -36  -25   53   -7   34
  89    2   50  -19  -81  -20   44  -77
  29  -16   34   35   57  -43 -114   25
 106  -18  -20   20  -70   -9   24    5
  -7   29  -27  -22    4  -19   -4    7
 -72  -47    2  -12   16   10   36   16
  33   34  -78    8  -43   -1  123   16
  28   28   42  -45    2   42    6  -38
  -6  -44   -8  -36  -25   54   -8   34
  89    2   50  -20  -80  -20   45  -77
  30  -15   34   36   56  -42 -115   23
 105  -17  -18   21  -69   -9   24    4
  -6   30  -28  -22    4  -19   -3    7
 -72  -48    1  -12   16    9   37   17
  34   34  -79    7  -43   -1  123   15
  28   27   41  -43    2   40    6  -38
  -5  -43   -8  -36  -24   53   -7   33
  88    2   49  -19  -79  -20   44  -77
  29  -15   33   35   56  -42 -112   24
 104  -18  -19   20  -68   -8   23    5
  -6   29  -27  -22    4  -19   -4    8
 -71  -47    2  -12   16   10   36   16
  33   34  -76    8  -42   -1  121   15
  31   29   41  -50    1   45    5  -39
  -7  -46   -8  -38  -25   56  -10   33
  90    4   52  -24  -80  -20   49  -78
  35  -15   35   42   56  -41 -121   20
 105  -16  -13   23  -70   -9   24    3
  -2   33  -33  -23    7  -21   -1    7
 -73  -52    0  -10   14    8   39   18
  35   34  -83    5  -44   -3  127   14
  29   27   42  -48    1   43    6  -40
  -8  -45   -8  -37  -25   54   -7   34
  90    3   50  -22  -80  -19   47  -78
  33  -16   35   39   55  -42 -118   22
 105  -17  -15   22  -69   -8   23    4
  -3   32  -31  -22    5  -21   -1    7
 -72  -50    0  -11   16    9   39   18
  35   35  -81    6  -43   -2  124   15
  26   28   45  -42    0   38    5  -38
  -6  -40  -10  -34  -22   52   -7   30
  85    1   48  -20  -76  -22   44  -75
  31  -13   32   34   55  -41 -111   22
 102  -18  -18   20  -67   -9   24    5
  -6   29  -29  -21    4  -19   -5   10
 -69  -46    3  -13   14    8   35   16
  32   35  -75    8  -40   -2  120   14
  26   27   46  -44    0   40    6  -40
  -8  -41  -11  -34  -21   52   -6   31
  87    1   48  -21  -75  -21   46  -77
  32  -14   33   36   56  -41 -114   23
 103  -17  -18   21  -67  -10   25    4
  -4   30  -31  -20    3  -20   -4   10
 -69  -46    2  -13   15    6   35   17
  33   35  -77    7  -40   -3  120   14
  24   29   48  -37    0   36    4  -36
  -4  -38  -13  -33  -20   53   -9   28
  83    0   47  -19  -73  -25   44  -75
  32  -12   31   32   57  -41 -109   22
 102  -19  -21   20  -67  -11   28    7
  -8   27  -30  -20    3  -18   -9   14
 -67  -44    6  -15   12    5   31   15
  30   35  -72    9  -38   -5  117   14
  31   32   43  -50   -2   43    2  -38
  -8  -42   -7  -36  -20   55  -14   24
  85    4   54  -27  -71  -24   52  -74
  41  -11   33   45   52  -39 -121   11
 100  -14   -6   25  -62   -7   27    4
   1   32  -36  -22    7  -19   -3   12
 -66  -53    0  -11    7    6   35   18
  34   30  -81    4  -40  -10  123    8
  29   31   43  -47    0   42    3  -38
  -5  -43   -9  -37  -23   56  -12   29
  87    3   52  -23  -78  -23   49  -76
  35  -13   35   41   55  -41 -118   18
 104  -16  -13   22  -68   -9   26    4
  -4   31  -32  -22    7  -19   -4   10
 -70  -50    0  -12   12    7   36   17
  34   32  -79    6  -42   -6  125   13
  27   33   46  -43   -1   38    1  -36
  -4  -39  -11  -34  -20   55  -13   24
  83    1   52  -23  -73  -26   48  -74
  37  -11   33   38   55  -39 -114   16
 101  -15  -13   22  -66  -10   29    5
  -4   29  -33  -21    6  -17   -8   13
 -65  -48    1  -13   10    3   33   17
  32   31  -76    6  -40   -9  122   11
  29   31   44  -45    0   41    3  -37
  -5  -42   -9  -36  -22   56  -13   28
  86    2   53  -23  -77  -24   48  -76
  36  -13   34   40   56  -40 -118   17
 104  -16  -13   22  -67   -9   27    5
  -4   30  -33  -22    6  -18   -6   11
 -69  -50    1  -12   11    6   35   17
  33   32  -79    6  -42   -7  124   12
  27   31   46  -43   -1   39    3  -37
  -6  -40  -10  -34  -20   55  -11   26
  84    2   51  -23  -73  -24   48  -75
  36  -12   32   39   54  -40 -116   17
 101  -16  -14   23  -65   -9   28    5
  -3   29  -33  -21    6  -19   -6   13
 -67  -48    2  -13   10    5   33   16
  32   32  -77    7  -39   -7  121   11
  24   32   52  -39   -3   38    1  -36
  -5  -37  -16  -32  -18   54  -12   23
  82    1   48  -22  -69  -29   48  -74
  38   -9   30   36   56  -41 -112   18
 100  -18  -16   23  -67  -12   32    7
  -5   29  -36  -19    5  -20   -9   17
 -65  -46    7  -17    8    2   29   15
  31   35  -74   10  -36  -11  118   11
  25   29   52  -37   -5   40    2  -35
  -7  -37  -17  -29  -18   52  -10   23
  81    2   46  -22  -65  -27   48  -73
  37   -7   25   36   56  -42 -111   17
  95  -20  -17   24  -61  -11   32    7
  -4   29  -38  -18    5  -20  -10   18
 -65  -44   10  -19    6    4   27   13
  31   36  -71   12  -31  -11  111    9
  25   30   51  -39   -4   40    1  -36
  -7  -38  -16  -31  -19   54  -12   23
  82    3   47  -23  -66  -28   49  -74
  40   -8   28   38   56  -41 -114   16
  97  -20  -15   25  -63  -11   33    7
  -3   31  -40  -19    6  -21   -9   18
 -65  -46    9  -18    6    3   29   14
  32   36  -74   10  -33  -12  114   10
  25   28   55  -35   -7   41    1  -35
  -7  -37  -18  -27  -19   52  -11   22
  81    3   47  -22  -62  -29   49  -73
  39   -5   22   37   58  -44 -113   15
  93  -23  -18   25  -56  -11   35    9
  -2   30  -42  -18    4  -21  -11   20
 -65  -44   15  -21    1    4   25   12
  31   39  -70   13  -28  -15  106    7
  25   28   52  -35   -4   39    2  -35
  -6  -38  -16  -29  -19   52  -10   24
  82    2   47  -21  -66  -27   46  -74
  35   -7   25   35   57  -43 -111   18
  96  -22  -19   23  -59  -10   32    9
  -4   28  -36  -19    3  -19  -10   17
 -66  -44   12  -19    5    6   27   13
  30   37  -71   12  -31  -11  110    9
  27   30   52  -39   -7   44    0  -35
  -8  -40  -16  -30  -19   54  -14   22
  83    5   49  -25  -63  -28   52  -75
  43   -6   24   42   57  -42 -118   13
  94  -21  -13   26  -57  -10   34    9
   0   32  -45  -20    6  -22   -8   19
 -66  -48   12  -19    1    4   28   13
  32   37  -75   11  -30  -15  110    7
  27   28   55  -38   -9   46    0  -35
  -9  -39  -17  -27  -20   53  -14   20
  82    6   48  -25  -60  -28   52  -74
  44   -4   21   42   57  -44 -118   11
  90  -23  -13   27  -53   -9   36   10
   1   33  -49  -19    6  -22   -9   21
 -66  -48   16  -21   -2    5   26   12
  33   40  -73   13  -26  -17  105    5
  26   33   52  -41   -8   42   -1  -36
  -7  -35  -17  -28  -17   53  -15   17
  79    3   50  -27  -58  -32   52  -70
  44   -3   25   41   53  -41 -115   10
  91  -18  -10   27  -55  -11   37    7
  -1   31  -44  -19    7  -20  -11   21
 -61  -48   10  -20    0    1   25   14
  33   33  -72   10  -30  -19  109    5
  27   33   50  -42   -5   42    0  -35
  -6  -39  -14  -32  -18   56  -16   20
  81    4   50  -25  -65  -30   52  -73
  43   -7   28   42   55  -40 -117   12
  96  -18  -10   27  -60  -10   35    7
  -1   32  -42  -21    8  -20   -9   19
 -64  -49    7  -18    3    2   28   14
  32   33  -76    9  -34  -15  115    8
  24   28   57  -32   -9   41    0  -33
  -7  -35  -20  -25  -18   50  -11   19
  79    3   45  -22  -57  -31   48  -71
  39   -1   19   35   57  -45 -109   14
  88  -25  -18   25  -52  -11   37   10
  -4   29  -43  -17    4  -20  -13   22
 -63  -43   19  -24   -1    5   21   10
  31   39  -67   16  -24  -17  100    5
  24   28   58  -31  -11   44    0  -32
  -7  -37  -22  -24  -18   51  -13   19
  80    5   45  -22  -56  -31   49  -72
  42   -1   17   37   59  -45 -113   14
  88  -26  -18   27  -52  -11   39   11
  -3   31  -49  -17    4  -22  -12   24
 -64  -43   21  -25   -3    4   21   10
  31   41  -68   17  -22  -19   98    5
  26   28   53  -37   -6   42    1  -34
  -7  -40  -16  -29  -19   53  -12   23
  83    4   48  -23  -64  -28   50  -75
  41   -7   23   39   58  -43 -116   15
  94  -22  -16   26  -57  -10   34   10
  -1   31  -43  -19    5  -22   -9   19
 -66  -46   14  -21    1    5   26   12
  31   39  -74   13  -29  -14  108    8
  25   27   57  -34   -9   43    0  -34
  -8  -37  -20  -25  -18   50  -11   21
  81    4   45  -23  -58  -29   49  -72
  41   -3   19   37   57  -45 -112   15
  89  -25  -17   26  -54  -11   36   10
  -2   31  -45  -18    5  -22  -10   21
 -64  -44   19  -24    0    5   23   11
  32   41  -69   15  -24  -16  102    6
  28   24   58  -34  -13   51    0  -33
 -10  -40  -21  -23  -21   50  -12   20
  85    7   47  -23  -54  -27   51  -73
  43    0   13   43   61  -48 -119   12
  83  -28  -16   30  -42  -10   40   11
   1   33  -55  -16    3  -23  -10   23
 -67  -45   23  -25   -6    6   21    9
  34   43  -71   17  -19  -21   92    1
  28   27   53  -42   -9   48    2  -38
 -12  -39  -16  -27  -20   52  -12   21
  84    5   50  -26  -60  -27   53  -74
  43   -3   22   44   57  -45 -119   12
  89  -21  -12   27  -50   -9   35    7
   3   33  -48  -18    4  -22   -9   20
 -66  -49   13  -19   -1    5   27   14
  35   39  -75   11  -27  -17  105    3
  24   29   55  -35   -8   42    0  -34
  -7  -37  -19  -27  -19   52  -13   20
  80    4   45  -23  -60  -31   50  -73
  42   -4   22   38   57  -44 -113   14
  91  -24  -16   26  -56  -11   36   10
  -3   31  -45  -19    5  -21  -11   22
 -64  -45   17  -22    0    4   25   12
  32   40  -71   14  -27  -16  106    7
  27   29   53  -38   -8   45    0  -33
  -7  -40  -17  -29  -19   55  -15   20
  82    6   49  -25  -61  -29   52  -74
  45   -5   23   42   57  -43 -119   12
  92  -22  -13   28  -55  -10   36   10
   0   33  -47  -20    6  -22   -9   21
 -66  -48   15  -21   -1    4   25   11
  32   38  -75   13  -28  -17  107    6
  24   25   59  -31  -12   45    0  -33
  -8  -36  -22  -22  -18   48  -10   19
  80    4   44  -22  -54  -30   49  -71
  42    0   16   36   58  -47 -111   15
  84  -27  -20   27  -47  -10   39   12
  -1   31  -49  -17    3  -22  -12   24
 -64  -42   24  -27   -4    6   18    8
  32   43  -67   18  -19  -19   93    3
  23   27   59  -32  -11   43    0  -34
  -8  -36  -22  -24  -18   49  -10   21
  80    3   43  -22  -57  -30   49  -73
  42   -3   18   36   57  -46 -111   16
  88  -26  -18   26  -53  -11   37   11
  -2   31  -48  -18    5  -23  -11   23
 -64  -43   21  -25   -1    5   21   10
  32   43  -68   17  -22  -17   99    6
  28   34   46  -47   -1   40    0  -37
  -4  -38  -10  -35  -20   56  -15   22
  82    1   54  -26  -72  -28   50  -73
  40   -9   35   41   53  -39 -116   13
 101  -14   -9   23  -65   -9   30    4
  -3   30  -34  -22    7  -17   -7   14
 -65  -51    0  -13    8    4   33   17
  33   29  -77    5  -41  -11  124    9
  29   30   46  -48   -2   41    3  -39
  -8  -39   -9  -34  -20   53  -11   24
  84    1   53  -26  -71  -24   50  -74
  38   -9   33   41   52  -40 -117   13
  99  -15  -10   23  -62   -8   27    4
   0   30  -34  -20    5  -18   -5   12
 -66  -51    1  -12    8    7   34   18
  34   31  -78    6  -39   -9  121    8
  25   32   51  -43   -4   40    1  -38
  -7  -36  -15  -31  -17   52  -12   21
  80    1   49  -26  -65  -29   51  -72
  41   -8   30   39   52  -40 -114   14
  97  -16  -11   25  -63  -11   32    5
  -2   30  -38  -20    7  -20   -8   17
 -62  -48    6  -17    6    2   30   15
  32   33  -74    8  -35  -13  117    8
  26   32   52  -37   -7   43   -2  -33
  -6  -38  -16  -29  -19   56  -18   18
  80    6   49  -24  -61  -32   52  -73
  44   -4   24   41   58  -42 -117   11
  93  -22  -13   27  -56  -11   38   10
  -2   32  -46  -20    7  -20  -11   23
 -64  -48   13  -21   -1    2   26   12
  31   36  -73   12  -30  -18  109    6
  24   31   54  -40   -6   40    0  -37
  -7  -36  -18  -29  -17   52  -12   21
  80    2   46  -25  -62  -31   51  -73
  43   -7   28   38   54  -41 -114   16
  95  -19  -13   26  -63  -12   34    7
  -2   31  -42  -19    7  -22   -8   19
 -63  -47   11  -20    4    1   27   14
  32   36  -74   11  -31  -14  113    9
  27   30   52  -41   -6   44    0  -36
  -8  -39  -16  -30  -19   54  -14   21
  83    4   50  -25  -63  -28   52  -74
  43   -6   25   42   56  -42 -118   13
  94  -20  -13   27  -57  -10   34    8
   0   32  -44  -19    6  -21   -9   19
 -65  -48   11  -19    1    4   27   13
  33   36  -75   11  -31  -15  111    6
  26   23   39  -33   -5   56   -4  -26
  -3  -33  -24  -26  -19   59  -20   14
  81   14   52  -13  -41  -31   47  -55
  24   12    3   38   67  -51 -112   16
  85  -27  -22   36  -23  -17   56    0
 -15   32  -38   -5   -6  -11  -18   21
 -69  -39   11  -23   -6    1   16    5
  32   19  -64   10  -27  -31   83    0
  33  -13  -42   10    3   41  -15   24
  -5  -38   29    0  -22   31  -17    8
  16   28   14    0   -7    8   -2  -34
  32  -12  -10   36    3   -1  -53  -25
  -7  -31    2    9   75   17   16   20
  25   41  -52  -38   25  -22    9   15
 -34  -15   26  -20  -43   21    9  -32
  -8   11  -26   -2   18   20  -29   -8
  31   12   21  -16   -7   56   -6   -7
  -1  -49   -4  -19  -22   50  -16   17
  72   13   44  -11  -39  -20   35  -64
  40   -6    5   42   52  -39 -107    7
  58  -33  -23   32   10    0   42   18
   7   37  -54  -28   10  -22   -5   24
 -61  -34   29  -30  -25   10    4  -14
  19   32  -61   16   -6  -12   41   -1
  26   29   54  -40   -8   44    1  -37
  -9  -37  -18  -28  -19   52  -12   22
  82    4   48  -25  -61  -29   52  -73
  42   -4   24   40   56  -44 -116   14
  92  -21  -14   26  -57  -11   35    8
   0   32  -45  -18    5  -22   -9   20
 -65  -47   13  -20    1    4   27   14
  34   38  -73   12  -29  -16  109    6
  26   27   50  -41   -4   42    4  -39
  -9  -39  -14  -30  -20   52   -9   26
  84    3   47  -22  -67  -25   48  -75
  37   -9   27   38   56  -43 -114   19
  96  -20  -16   24  -60  -10   30    7
  -2   31  -38  -19    4  -21   -7   16
 -67  -46    8  -17    7    5   31   15
  33   37  -75   10  -34  -10  112    9
  26   22   60  -28  -14   51    0  -30
  -9  -39  -23  -20  -21   48  -11   20
  83    7   43  -20  -52  -29   48  -72
  42    1   10   38   63  -50 -114   14
  80  -33  -21   29  -40  -10   41   14
   0   32  -55  -16    2  -23  -13   26
 -67  -42   30  -29   -8    7   17    7
  33   47  -66   21  -14  -21   84    2
  28   33   47  -49   -4   41    0  -39
  -8  -35  -11  -32  -17   51  -13   19
  80    1   52  -29  -63  -28   52  -69
  41   -6   31   42   48  -39 -115   10
  95  -13   -6   25  -59   -8   31    4
   0   30  -36  -20    7  -18   -7   14
 -61  -51    1  -14    5    5   31   17
  34   29  -75    6  -37  -14  118    5
  29   35   46  -52   -3   42    0  -40
  -7  -36  -11  -34  -19   53  -14   20
  82    1   54  -29  -68  -28   53  -71
  43   -8   35   44   49  -39 -118   10
  98  -11   -4   24  -64   -9   29    2
   0   31  -36  -21    8  -18   -6   13
 -62  -53   -1  -12    7    3   34   19
  35   28  -78    4  -41  -13  124    7
  29   35   46  -51   -3   42    0  -39
  -7  -38  -10  -35  -19   56  -16   20
  82    3   55  -29  -69  -28   54  -73
  44   -8   34   45   52  -39 -121   10
  99  -13   -4   26  -63   -9   31    4
   0   32  -39  -21    8  -18   -6   14
 -64  -53    0  -12    6    2   34   18
  35   29  -80    4  -40  -14  124    7
  28   32   50  -45   -6   43    0  -38
  -8  -37  -14  -31  -18   54  -14   20
  82    3   53  -27  -63  -29   53  -72
  43   -6   29   43   53  -41 -118   11
  95  -16   -9   26  -57   -9   34    6
   0   31  -41  -20    6  -20   -8   17
 -63  -50    6  -16    2    3   29   15
  33   32  -76    8  -34  -16  115    5
  27   33   48  -44   -2   39    0  -37
  -5  -36  -12  -33  -17   53  -13   21
  80    0   52  -26  -67  -29   50  -71
  40   -8   32   39   51  -40 -114   13
  98  -15  -10   24  -63   -9   30    5
  -2   29  -35  -21    7  -18   -8   15
 -62  -49    3  -15    6    4   30   16
  32   30  -75    7  -38  -12  120    8
  28   31   49  -44   -5   43    0  -37
  -8  -38  -14  -31  -19   54  -15   20
  82    4   52  -26  -63  -28   52  -71
  40   -5   27   43   53  -41 -117   11
  94  -17   -9   26  -57   -9   33    5
   0   30  -40  -19    6  -19   -9   17
 -64  -49    5  -16    2    5   29   16
  33   32  -75    8  -34  -15  114    6
  24  -13  -25   20    5   23   -4   18
   1  -35   28   -3  -14   18   -3   12
  32    8   20    8  -14    9  -13  -34
   5   -8  -12   10   14  -16  -40   -8
   8  -28  -27    6   66   25    4   24
  11   16  -15  -34    3   -7    0    4
 -34   -5   31  -25  -31   40    0  -27
 -15   15  -17   12   12   24  -25   -8
  30   -8  -49   30    7   30  -21   38
   8  -34   37    0  -23   34  -31   -5
   1   28   17    7   -6    5  -12  -23
  22   -9  -14   29    8    5  -34  -38
 -18  -31   -2   -1   90   20   18   24
  18   30  -41  -38   22   -6   -5   21
 -26   -5   24  -18  -50   21    3  -34
 -23    0   -9   -2   16   19  -41  -12
  31  -11  -42   22   10   44  -17   38
   5  -56   22  -12  -26   53  -19   21
  32   33   19   10  -26    3    0  -52
  34  -29   -7   35   23   -3  -72   -4
  18  -40  -21   16   63   11   28   27
  18   49  -53  -46   28  -30   11   21
 -48  -11   33  -28  -42   10    0  -49
 -12   16  -38    4   14   22  -21    6
  26   31   51  -38   -6   41    0  -34
  -6  -37  -16  -29  -18   52  -14   19
  79    3   48  -25  -61  -30   50  -71
  42   -5   25   39   53  -41 -113   12
  92  -20  -12   26  -56  -10   34    8
  -1   30  -41  -20    7  -20  -10   19
 -62  -47   11  -20    1    4   25   13
  31   35  -72   11  -30  -15  109    6
  27   28   49  -43   -4   44    4  -39
 -10  -40  -13  -31  -21   54  -11   25
  85    4   49  -24  -67  -24   50  -75
  38   -8   27   41   57  -43 -118   16
  96  -19  -13   24  -59  -10   31    6
  -1   32  -40  -19    4  -20   -7   15
 -68  -48    6  -15    6    5   33   16
  34   36  -76    9  -35  -11  114    8
  27   29   48  -42   -3   42    4  -39
  -9  -39  -13  -31  -21   54  -11   26
  84    4   49  -23  -68  -25   49  -75
  37   -8   27   39   56  -42 -115   17
  97  -19  -14   23  -60  -10   30    6
  -2   31  -37  -19    4  -20   -7   15
 -67  -47    6  -15    8    5   33   16
  33   35  -75    9  -36  -10  115    9
  30   30   41  -49   -2   39    4  -40
  -9  -34   -6  -32  -22   48  -11   21
  81    1   52  -26  -68  -21   45  -67
  32   -5   31   39   49  -39 -109    9
  93  -12   -6   19  -57   -6   24    1
  -3   27  -28  -18    2  -13   -7    8
 -61  -50   -4   -8   10    9   38   21
  34   26  -72    3  -41   -8  118    5
  30   23   37  -48    0   38    9  -42
 -10  -35   -4  -31  -24   40    0   31
  84   -1   47  -23  -73  -13   37  -67
  22  -10   31   31   45  -41 -101   17
  93  -13  -12   15  -60   -3   13    1
  -5   25  -18  -19    0  -14   -2    0
 -64  -46   -3   -6   17   18   41   21
  35   30  -69    5  -41    2  115    9
  35   28   31  -50    2   42    7  -39
  -7  -43    2  -36  -29   51  -12   29
  88    5   57  -23  -80  -14   41  -71
  25   -9   32   40   53  -41 -113   11
  97  -12   -9   16  -54   -2   18    2
  -3   27  -22  -21    0   -9   -5    2
 -69  -51   -7   -3   13   16   43   21
  35   26  -75    2  -46   -2  120    7
  28   32   43  -46   -2   38    3  -39
  -7  -34   -7  -32  -21   51  -13   21
  80    0   54  -25  -68  -25   46  -69
  34   -6   32   39   51  -40 -110   11
  95  -13  -10   19  -55   -7   28    3
  -3   27  -29  -19    3  -12  -10   13
 -61  -48   -2  -10    8    6   35   19
  34   27  -71    4  -41  -10  117    5
  25   33   46  -47   -4   37    2  -41
  -7  -27  -12  -29  -17   45  -10   17
  76   -3   52  -27  -61  -29   46  -63
  35   -3   33   34   46  -40 -103   11
  92   -9   -9   20  -56   -9   29    0
  -4   25  -28  -17    3  -12  -11   13
 -55  -47   -2  -12    8    3   31   18
  34   24  -67    4  -39  -13  115    4
  31   32   43  -50   -3   41    2  -41
  -9  -34   -7  -32  -20   50  -13   19
  81    1   55  -28  -66  -24   49  -67
  36   -4   31   42   49  -39 -113    7
  94  -11   -5   21  -55   -6   27    1
  -1   28  -32  -18    3  -13   -8   11
 -61  -51   -3   -9    7    7   36   20
  34   25  -73    3  -40  -12  119    3
  30    2  -44   -4   11   27   -9   13
  -5  -41   35  -19  -17   42  -18   12
  31   23   26   -6  -26    6    5  -44
  28  -24    8   34    5    0  -66  -20
  26  -15    2    8   40   21    7   18
  22   36  -24  -46   24  -17   12    5
 -34  -25    4  -14  -28   22   22  -20
  -8    3  -41   -4   -7   25   17   -1
  32  -12  -36    0    2   49  -12   18
  -9  -43   20   -4  -20   33   -8   17
  32   25   13   -2  -10    7    4  -43
  39  -20   -6   39    5   -6  -68  -10
   7  -31   -2   21   61   13   19   18
  26   47  -56  -40   27  -33   18   12
 -39  -19   27  -25  -38   16    9  -34
  -1   17  -40    0   16   20  -19   -2
  29   33   46  -48   -8   46   -2  -38
 -10  -35  -13  -29  -17   52  -17   15
  78    5   52  -31  -55  -30   55  -68
  47   -2   27   47   48  -39 -118    5
  88  -14   -2   29  -49   -8   36    5
   3   33  -45  -20    9  -20   -8   18
 -58  -52    4  -17   -2    2   28   15
  34   29  -76    6  -32  -20  110    1
  28   34   47  -51   -4   42    0  -41
  -9  -34  -12  -32  -18   52  -14   19
  81    1   53  -29  -64  -29   53  -69
  43   -6   33   43   49  -40 -117   10
  96  -12   -5   25  -60  -10   32    2
   0   31  -38  -19    7  -18   -7   14
 -61  -52    0  -13    5    2   33   18
  36   28  -77    4  -39  -15  120    5
  32   28   42  -49   -1   39    6  -40
  -8  -38   -3  -33  -23   49   -9   25
  85    0   57  -26  -74  -18   45  -71
  31   -8   33   40   50  -41 -114   10
  97  -13   -9   17  -56   -4   20    2
   0   26  -26  -20    1  -13   -5    6
 -66  -51   -2   -7   10   14   38   20
  34   28  -74    4  -42   -5  120    5
  35   28   38  -54   -1   45    6  -41
 -11  -44    0  -36  -26   54  -11   29
  89    5   57  -28  -77  -16   49  -76
  35  -10   33   47   52  -41 -123   10
  99  -14   -4   20  -57   -3   20    3
   2   32  -32  -22    4  -16   -1    5
 -71  -55   -4   -5   10   14   43   22
  37   30  -81    3  -44   -4  124    7
  35   17   30  -41    3   34   13  -37
  -9  -40    6  -32  -28   38    0   34
  86    0   50  -19  -79   -3   28  -68
   9   -8   26   28   46  -42  -98   13
  90  -15  -16    7  -51    4    2    3
  -5   18   -6  -20   -5   -8   -2   -6
 -68  -44   -2   -2   17   34   43   22
  29   29  -63    7  -40   11  111    7
  36   10   26  -32    7   30   17  -32
  -7  -47   13  -33  -31   39    2   40
  91    0   51  -11  -88    4   18  -71
  -1  -10   21   22   52  -44  -95   17
  92  -20  -26    2  -46    9   -4    8
  -7   13    2  -20  -14   -4   -1  -12
 -74  -40    1    0   19   44   44   19
  25   32  -61   10  -40   19  106    9
  37   13   26  -40    4   33   16  -36
 -10  -43   12  -32  -29   36    2   36
  87    0   50  -18  -81    3   23  -68
   4   -8   23   27   45  -43  -97   10
  87  -17  -16    4  -44    9   -4    5
  -3   16   -2  -20   -9   -5    0  -11
 -70  -44   -2    0   17   43   46   23
  28   30  -62    7  -40   16  108    5
  34   21   34  -44    0   34   10  -36
  -8  -37    4  -31  -25   39   -2   27
  83   -1   53  -23  -75   -8   33  -66
  16   -5   28   31   43  -41 -100    8
  89  -14  -10    9  -49    3    6    3
  -3   18  -10  -19   -3   -7   -4   -2
 -64  -47   -3   -3   12   30   40   22
  30   27  -63    6  -40    5  113    3
  30   21   36  -39    0   30   10  -37
  -7  -33    1  -29  -23   37   -1   26
  79   -3   48  -20  -72  -11   29  -64
  15   -5   26   26   45  -41  -93   11
  87  -15  -15    8  -50    1    8    5
  -7   17  -10  -18   -5   -7   -6    0
 -62  -43    0   -5   14   26   39   21
  29   28  -60    7  -38    5  108    5
  32   29   25  -37    0   26    3  -32
  -1  -22    4  -28  -21   37  -15    9
  69   -2   52  -18  -61  -15   22  -45
   6    6   20   21   45  -34  -79   -1
  78   -5  -12    9  -37    1   16    0
 -14    8   -1  -11  -13   10  -17   -1
 -48  -38  -12   -1   12   17   38   23
  24   10  -49    0  -42   -6  100    0
  32  -12  -33   14    6   28   -2   18
   0  -43   35   -9  -18   25   -7   15
  36   14   25    5  -21   16   -9  -38
   7  -11  -10   18   14  -15  -53  -15
  11  -28  -20    5   65   30   -2   24
  19   20  -15  -38    5   -8    5    0
 -39  -14   26  -20  -32   48    9  -24
 -13   15  -25   10    7   28  -14   -9
  33  -14  -53   26    9   30  -13   34
   3  -42   41   -3  -22   33  -20    7
  10   27   19    7  -14   17  -12  -31
  19  -16  -11   27    7    3  -44  -32
 -11  -29   -8   -1   86   26    4   24
  27   30  -34  -43   20  -11    4   12
 -30   -8   24  -18  -45   32    8  -35
 -22    6  -17    0   15   30  -34   -9
  20    0  -31   18    9   27  -14   21
   5  -36   25   -8  -19   41  -20    8
  30   17   29    7  -19   -7   -2  -42
  22  -16    0   19   25   -9  -54   -7
  22  -26  -27    9   62   14   29   25
  10   30  -31  -41   14   -9   -6   21
 -34   -9   24  -28  -37   12    0  -36
 -12    9  -27    5    3   12  -14   -4
  34   35   35  -54   -3   42    0  -39
  -8  -35    0  -34  -21   52  -20   15
  78    4   60  -31  -65  -24   50  -65
  38   -4   33   48   47  -36 -115    0
  90   -8    1   21  -47   -3   27    1
   1   28  -31  -21    6  -10   -8   11
 -59  -54   -9   -5    3    7   37   21
  34   20  -74    0  -43  -14  119    0
  35   28   38  -54   -3   39    6  -41
 -11  -34    0  -32  -22   43   -8   21
  81    0   54  -31  -68  -15   44  -66
  31   -4   31   42   42  -39 -110    2
  89  -10    0   17  -52    0   15    0
   1   26  -25  -19    3  -12   -3    3
 -61  -53   -6   -4    9   18   41   24
  35   25  -71    2  -41   -4  119    1
  28   21   45  -41   -4   38    9  -39
 -12  -34   -7  -28  -19   42   -2   26
  82    0   49  -23  -64  -16   41  -68
  24   -5   24   33   47  -43 -104   14
  89  -17  -15   17  -49   -3   19    4
  -1   24  -24  -17   -1  -15   -6    7
 -63  -44    4  -11    8   19   32   17
  31   32  -66    9  -33   -3  107    3
  33   19   33  -40   -5   29    9  -37
 -13  -26    6  -24  -17   28   -5   14
  70   -2   47  -25  -53   -7   29  -53
  14    5   16   30   33  -38  -86   -6
  69  -12   -2    9  -30    8    4    3
   0   13  -11  -15   -6   -2   -7    0
 -53  -43    0   -4    4   35   37   25
  25   22  -51    6  -31    0   94   -6
  31   21   28  -39   -4   19    8  -35
  -9  -19   12  -22  -13   20   -3    8
  60   -9   44  -26  -50   -7   21  -44
  12    4   20   24   23  -32  -72  -11
  62   -5    2    5  -27   12   -2    3
   0    7   -1  -16   -6    2   -7   -4
 -42  -41   -6   -1    6   36   38   27
  20   16  -44    2  -32    4   90   -8
  31   31   34  -43   -5   27    2  -35
  -6  -21    3  -26  -15   34  -13    6
  64   -4   51  -29  -53  -19   34  -50
  24    4   25   32   33  -33  -87   -9
  73   -6    2   11  -37    3   14    2
  -2   14  -14  -17    0    0  -12    5
 -46  -45   -7   -4    3   20   35   25
  25   15  -53    1  -36   -7  103   -5
  35   32   27  -45   -6   35   -2  -32
  -7  -20    0  -27  -14   38  -23   -1
  63    4   54  -29  -41  -21   38  -40
  20   14   14   38   35  -33  -88  -16
  67   -5    7   19  -26    1   25   -1
  -4   15  -16  -12   -1    4  -16    6
 -44  -46  -11   -4   -3   17   32   24
  25    5  -51   -1  -34  -18   97  -10
  29   34   16  -37   -1   28   -5  -26
   2   -8    0  -28  -10   33  -28  -11
  51    0   46  -21  -31  -25   26  -21
   0   21    8   19   33  -28  -64  -15
  61   -1   -5   20  -19    1   28   -4
 -20    6    4   -5  -10   20  -24    0
 -34  -34  -15   -4    3   15   29   20
  16   -7  -38   -4  -37  -20   87   -8
  42   18   17  -44   -2   23   11  -35
 -11  -25   26  -25  -19   17   -7    9
  62   -5   49  -27  -57    7   17  -41
   5    7   17   30   21  -30  -73  -25
  54   -2   11   -1  -21   20  -18    0
   5    2    3  -16  -10    9   -4  -16
 -46  -46  -13    9    7   51   50   36
  20   12  -44   -2  -36   12   93  -11
  38   11   23  -41    4   32   17  -37
 -12  -40   15  -30  -30   29    4   35
  85    0   47  -19  -79    8   19  -63
   0   -6   21   24   40  -41  -90    7
  81  -14  -12    2  -43   12  -11    3
  -3   13    1  -19  -11   -3    0  -16
 -67  -44   -3    3   18   48   50   26
  27   29  -58    5  -39   19  104    3
  39   14   25  -43    2   34   14  -37
 -12  -42   15  -31  -29   36   -1   32
  84    1   51  -21  -78    3   25  -66
   8   -6   23   32   42  -41  -99    4
  83  -16   -8    5  -40   11   -5    5
   0   18   -6  -20   -8   -4    0  -10
 -69  -48   -3    1   14   43   49   25
  29   29  -63    5  -40   14  107    2
  33   -9  -36    6    3   38   -8   19
  -6  -43   30   -7  -21   32  -11   13
  34   23   20   -1  -15   10    0  -43
  27  -16   -8   32   10   -8  -64  -18
   8  -29   -6   12   65   23   10   23
  24   37  -38  -42   18  -20   12    8
 -38  -18   26  -23  -39   29   11  -29
  -6   15  -33    4   11   23  -16   -7
  29   -8  -38   13    5   42  -18   28
  -1  -43   20   -5  -22   42  -17   12
  24   29   14    2  -13    0    1  -42
  38  -20   -7   35   12   -1  -63  -12
   8  -34   -7   16   63   10   27   23
  20   47  -56  -41   28  -28    9   21
 -37  -14   29  -27  -42    8    3  -40
  -7   14  -33    1   16   17  -22    0
  25   -5  -27    7    5   43  -13   18
  -1  -41   15   -7  -20   40  -10   16
  39   19   21    3  -16   -5    4  -47
  34  -19   -1   28   20  -13  -68    0
  22  -31  -21   20   56   10   30   22
  15   42  -47  -40   19  -25    6   18
 -39  -15   30  -32  -37    9    0  -38
  -2   17  -39    6   10   13  -13    0
  30   28   39  -41   -2   30    4  -36
  -7  -28    0  -28  -19   40   -9   15
  74   -3   53  -25  -63  -19   36  -60
  24    0   27   31   43  -39  -96    2
  85  -11   -7   12  -45    0   17    3
  -4   18  -16  -17   -2   -5  -11    6
 -55  -45   -2   -7    6   19   34   21
  28   22  -59    5  -38   -5  108    0
  22    6  -11   -6    2   22   -4   -2
  -6  -27   20  -12  -11   27   -9    8
  39    7   26   -8  -21   -7    6  -40
  20   -8    5   19   13  -16  -57   -9
  32  -16  -10   11   27   16   12   18
   9   22  -17  -33    8  -10    0    8
 -31  -22   15  -20  -21   25   14  -11
   0   13  -34    6   -5   12   22   -6
  36    4  -27  -21    0   39   -6   -2
 -14  -36   31  -15  -17   31  -19    5
  38   20   30  -18  -16    3   16  -39
  31   -7    2   44    5  -12  -73  -28
  19  -15   15   17   43   22    9   13
  24   33  -33  -37   19  -14    9    4
 -36  -35    5  -13  -31   30   25   -5
   3    7  -44   -2   -4   11   21  -12
  32   -2  -44    1    3   39  -14   18
  -1  -32   32   -5  -17   28  -22   -1
  21   20   21   -2   -1    1   -1  -25
  26   -7   -7   34    5   -5  -49  -27
  -3  -21    1   15   79   20   20   16
  18   32  -36  -38   19   -9    3   11
 -27  -17   13  -19  -41   20    8  -24
  -7    0  -25   -4    6   12  -24  -12
  37  -15  -58   15    4   35  -15   28
  -1  -26   46    3  -20   14  -22   -6
  -5   22   10    0    6   20  -16   -8
  19   -2  -17   32  -12    7  -24  -51
 -38  -24   13   -1  101   28   -1   15
  27   27  -38  -35   21   -3    4    5
 -20  -10   17   -9  -46   37   14  -23
 -19   -4   -5  -10   17   27  -49  -20
  43   20   12  -45   -1   25    8  -32
 -10  -25   26  -26  -18   19  -10    7
  59   -3   48  -29  -54    6   19  -38
   7    7   18   32   17  -27  -74  -27
  52    0   15    1  -19   21  -16    0
   6    4    2  -18   -5    8   -2  -16
 -43  -47  -15    9    5   48   48   33
  19    9  -44   -3  -35   11   92  -11
  45   17   16  -52    0   35   14  -40
 -15  -34   22  -29  -28   24   -5   21
  75    1   48  -28  -68    9   22  -50
   5    3   19   35   28  -35  -87  -15
  65   -6   10    3  -35   16  -14   -1
   3   12   -2  -18   -7    2    0  -18
 -57  -51  -13   10   13   49   57   36
  29   19  -55   -2  -40   13  105   -5
  36    9   23  -35    6   27   18  -35
  -9  -39   15  -30  -29   26    6   37
  85   -3   45  -14  -81    9   13  -61
  -7   -6   19   17   42  -41  -83   10
  82  -15  -20    0  -44   12  -13    4
  -7    8    8  -17  -16   -1    0  -19
 -66  -38   -1    2   21   50   47   24
  23   28  -54    7  -38   22  100    5
  37   29   34  -45    0   35    5  -33
  -5  -38    4  -34  -25   47  -14   20
  80    3   57  -26  -74  -14   39  -67
  24   -4   28   40   46  -38 -107    0
  90  -14   -3   11  -50    1   14    4
  -2   21  -18  -21    1   -6   -7    4
 -64  -51   -5   -3    7   23   40   23
  30   24  -66    4  -42   -1  118    2
  35   29   36  -56   -4   39    5  -42
 -11  -32    0  -31  -20   39   -8   18
  77    0   53  -33  -64  -15   45  -62
  32   -3   32   42   36  -37 -106    0
  85   -7    5   17  -51    0   14    0
   3   25  -24  -20    5  -11   -2    2
 -57  -54   -9   -3    8   18   41   25
  35   22  -69    0  -40   -4  118    0
  35   12   20  -31  -11   57   -3  -15
 -13  -42   -2  -18  -20   41  -11   14
  69   15   39  -22  -31  -12   39  -59
  42   -3    3   49   35  -35 -107   -4
  52  -27   -1   31    4    4   31   12
  14   40  -54  -26   13  -26    3   16
 -56  -41   20  -24  -24   16   16   -4
  24   29  -61   11   -5   -9   50   -6
  32    3    7  -18   -8   55   -5   -2
  -8  -40   -1  -12  -18   35   -4   16
  60   12   28  -13  -22   -8   26  -53
  41   -9    0   40   27  -29  -92    0
  39  -30   -9   30   22    5   29   15
  14   40  -54  -29   16  -30    8   15
 -49  -30   28  -29  -28   13    8  -18
  16   27  -52   11    4    0   22   -3
  28    0  -15    1    0   44  -11   15
   0  -40    8  -11  -17   38   -9   12
  45   16   22   -2  -17   -6   10  -47
  35  -16   -3   31   23  -16  -74   -2
  28  -31  -16   24   43    8   29   20
  11   40  -46  -36   19  -26    7   17
 -41  -18   29  -31  -34    9    1  -32
   1   18  -40    9    8    9   -2    0
  33   20   -4  -31   -4   32   -5  -17
 -10  -20   20  -18  -11   27  -23   -6
  41    9   40  -25  -18   -9   23  -30
  20    8    5   38   12  -20  -66  -30
  31   -5   14   15   19   15   15    5
   8   17  -17  -24    8    1   -8    4
 -32  -37   -6   -7  -20   27   26   12
  10    0  -37   -3  -18   -4   50  -16
  31   -5  -50    4    1   37  -17   19
  -1  -17   36    3  -15   15  -23  -12
  -2   17   14   -4   13    5   -7   -7
  26    0   -9   32   -9    3  -27  -44
 -30  -17   13    6   95   20   13   11
  22   29  -41  -34   24   -3   -1   12
 -14  -12   11  -14  -45   21   10  -22
 -11   -7   -9  -12   11   14  -41  -20
  43  -14  -63   -1    1   44  -12   19
 -10  -26   50    2  -19   10  -21   -7
  -2   24   11   -8   12   26   -9   -5
  23    0  -15   42  -22    5  -32  -59
 -44  -18   28    2  104   33   -8   10
  36   30  -40  -37   24   -5   12    0
 -19  -20   10   -6  -47   45   24  -15
 -12   -6  -11  -14   15   28  -42  -25
  42   20    4  -44    0   26    6  -27
  -8  -28   27  -28  -17   22  -12    7
  57    0   47  -27  -52    6   19  -39
   9    2   19   33   15  -23  -75  -26
  53    0   14    4  -15   21  -13    0
   7    8    2  -22   -2    6    0  -15
 -42  -46  -15    7    3   45   46   28
  16    6  -47   -4  -35   12   89   -9
  44   18   19  -50    1   35   13  -38
 -13  -38   19  -32  -29   29   -4   25
  80    2   51  -27  -73    6   24  -56
   7    0   21   35   33  -37  -93   -8
  74   -8    4    4  -40   14  -10    0
   1   13   -3  -19   -6    0    0  -16
 -61  -50  -11    7   14   46   53   32
  29   21  -59    0  -40   12  109   -1
  41   15   19  -46    1   32   14  -38
 -13  -35   19  -29  -28   24    0   26
  78    0   45  -23  -71    8   18  -54
   1    0   19   28   33  -37  -84   -5
  71   -9    0    2  -39   14  -13    0
  -2   11    1  -18   -9    0    0  -18
 -60  -46   -8    6   16   48   54   32
  27   23  -55    1  -39   16  102    0
  43   16   19  -48    3   38   14  -37
 -12  -43   17  -34  -32   34   -3   32
  86    4   51  -23  -80    6   25  -63
   6   -5   22   34   40  -39  -99    0
  82  -12   -3    6  -45   11   -7    1
   0   17   -4  -20   -6   -4    2  -15
 -68  -50   -8    5   16   44   53   28
  30   25  -64    2  -41   14  112    2
  37   23   32  -53   -1   41   10  -42
 -13  -36    5  -32  -25   39   -5   26
  81    0   52  -28  -71   -7   39  -64
  23   -5   30   39   40  -39 -105    3
  85  -10   -1   13  -49    2    7    0
   2   24  -20  -20    1  -10   -1   -2
 -64  -52   -7   -1   12   26   46   26
  34   26  -69    1  -42    2  115    2
  36   22   34  -47    0   38   10  -38
 -10  -42    4  -34  -26   45   -5   29
  86    1   55  -23  -77   -9   37  -71
  21   -8   29   37   48  -42 -109    9
  93  -15   -9   12  -50    2   10    4
   0   23  -17  -20   -2  -10   -2    0
 -69  -50   -3   -3   12   25   42   22
  32   28  -70    5  -42    3  116    5
  31   30   41  -52   -7   40    2  -42
 -13  -28   -5  -28  -17   41  -11   14
  74    0   51  -32  -55  -22   47  -60
  36    0   28   42   39  -38 -105    0
  82  -10    2   20  -46   -3   23    1
   2   27  -31  -18    5  -13   -7   10
 -54  -51   -3   -9    3   12   36   22
  34   24  -67    3  -35  -11  110   -1
  30    0  -16  -10    0   57  -10    9
  -7  -51    6  -14  -20   46   -8   22
  55   22   24   -5  -22   -6   22  -59
  46  -23    2   43   25  -19  -94    5
  37  -32  -13   33   35    6   34   19
  20   51  -59  -41   25  -38   15   17
 -50  -26   29  -33  -33    6    5  -32
   9   24  -57    7    6    7    7    3
  32    8    7  -20   -7   58   -8   -2
  -7  -45   -1  -17  -20   45  -11   16
  64   17   33  -14  -28  -13   33  -59
  46  -11    2   46   34  -29 -103    0
  47  -31   -9   33   16    3   36   16
  14   45  -59  -32   19  -31    6   19
 -54  -34   26  -30  -29    8    9  -18
  18   27  -60   11    0   -4   31   -1
  40  -16  -55    6    4   40   -9   23
  -7  -34   45    0  -20   16  -16    1
  10   22   14   -1    0   25  -11  -18
  19   -5  -16   36  -10    0  -40  -45
 -27  -24   13    2   93   32   -6   15
  31   28  -36  -37   19   -9   11    0
 -27  -16   17  -11  -43   44   18  -20
 -14    1  -15   -7   16   30  -37  -18
  41    4   -7  -30    0   28    7  -20
 -15  -28   33  -19  -13   13   -8    6
  48    5   35  -20  -29   15    8  -28
   0    9    0   28    6  -25  -62  -30
  28   -9   11    7   17   30  -19    6
  12    8    2  -20   -7    5    3  -18
 -40  -38   -1    2   -7   62   40   20
   7    8  -36    0  -17   17   51  -17
  48   19   11  -51   -2   30    9  -35
 -13  -24   27  -27  -17   16  -12    4
  61   -1   48  -30  -49   10   18  -31
   0   15   10   33   15  -30  -73  -32
  48    0   17    6  -17   23  -17   -3
   5    2    6  -13  -12   13   -1  -23
 -45  -49  -16   11    6   56   52   38
  20    6  -43   -5  -34    8   93  -15
  44   16   15  -50    0   35   14  -39
 -14  -36   22  -31  -29   25   -4   24
  77    2   47  -26  -71    9   20  -53
   4    0   19   33   31  -35  -87  -11
  68   -7    6    3  -37   15  -14    0
   0   12   -1  -18   -8    1    1  -19
 -60  -50  -11    9   15   48   57   35
  28   21  -57   -1  -40   14  104   -2
  43   12   17  -45    3   33   17  -38
 -13  -40   21  -31  -31   27    0   32
  83    1   47  -20  -78   11   17  -58
  -1   -3   18   27   37  -38  -89   -1
  75  -11   -5    2  -40   15  -15    2
  -1   12    2  -18  -12    0    2  -20
 -65  -46   -7    7   18   51   55   30
  27   25  -58    2  -40   19  104    1
  39   11   21  -42    3   31   17  -37
 -12  -38   18  -30  -29   26    3   32
  82   -1   46  -20  -76    9   17  -59
   0   -4   20   24   37  -39  -86    2
  76  -12   -8    1  -40   13  -13    2
  -2   11    2  -18  -12   -1    0  -18
 -64  -43   -5    4   18   49   51   29
  26   26  -56    3  -39   19  102    1
  42   13   19  -44    5   37   16  -36
 -12  -46   17  -34  -33   35    0   37
  89    4   50  -19  -84    7   22  -66
   2   -7   22   31   44  -41  -98    6
  85  -14  -10    5  -45   11   -8    3
  -2   16   -1  -21   -9   -4    2  -16
 -71  -47   -6    4   18   46   52   26
  29   28  -64    4  -42   17  109    5
  38   25   30  -56   -2   41    8  -43
 -13  -34    6  -32  -25   35   -6   23
  79    1   50  -31  -68   -7   39  -60
  23   -3   29   40   35  -38 -102   -2
  81   -9    4   13  -50    3    5   -1
   1   23  -19  -20    3   -9    0   -4
 -61  -53   -8    0   11   29   48   29
  34   24  -67    0  -41    2  116    0
  37   30   34  -51   -2   36    4  -36
  -8  -33    3  -33  -21   42  -13   16
  77    0   58  -31  -66  -14   41  -61
  26   -1   28   41   39  -37 -105   -5
  85   -8    2   14  -47    2   13    1
   0   20  -19  -19    2   -6   -6    1
 -58  -52   -9   -2    5   22   39   24
  31   19  -65    2  -40   -5  117   -1
  31   23   30  -38    0   30    6  -32
  -6  -33    7  -29  -19   40   -9   19
  71   -2   53  -21  -65  -13   32  -61
  21   -5   28   31   41  -36  -94    2
  81  -12  -10   10  -36    4   11    5
   0   18  -13  -21    0   -4   -8    4
 -57  -44   -2   -5    6   25   35   18
  24   22  -59    4  -38    1  102    0
  29   33   42  -41   -7   43   -4  -30
  -6  -33  -10  -29  -18   52  -21   10
  74    7   54  -28  -52  -30   50  -63
  41    0   22   44   48  -38 -111    0
  83  -16   -3   26  -39   -6   37    6
   0   29  -40  -20    8  -14  -12   20
 -57  -48    4  -16   -7    5   24   12
  29   24  -67    7  -30  -20  102   -1
  28   14   35  -22  -14   53   -5  -14
  -5  -33  -14  -12  -17   36   -8    9
  68    5   37  -17  -27  -24   35  -55
  41    3    2   36   43  -42  -96    5
  52  -30  -17   33    3   -2   41   14
   3   32  -53  -20    6  -22   -6   22
 -52  -33   30  -31  -23    9    3   -8
  25   32  -52   17   -2  -17   41   -6
  42   10   -9  -33    3   25    6  -18
 -10  -33   35  -25  -16   24  -12   10
  51    5   43  -20  -44   12   12  -37
   6    0   11   32   12  -21  -72  -27
  41   -4   10    4    6   27  -16    5
  14   10    2  -26   -1    4    3  -15
 -42  -41   -9    4   -4   52   41   18
   8    6  -43   -2  -27   18   67  -11
  47   18   14  -49   -1   28   12  -38
 -13  -25   26  -27  -22   15   -8   10
  66   -3   46  -27  -57   12   14  -36
  -1   11   12   29   21  -31  -73  -26
  53   -1   13    2  -26   21  -20   -3
   1    2    6  -12  -15   12   -1  -24
 -47  -47  -15   11   13   53   56   39
  22   11  -45   -4  -37   11   96  -11
  42   13   21  -35    2   21   14  -32
  -8  -32   23  -27  -22   21   -2   19
  73   -5   48  -18  -69   11    9  -47
  -7    4   12   20   33  -35  -75  -11
  66   -8   -6   -1  -30   19  -18    3
  -3    0   11  -13  -21   10   -3  -21
 -55  -39   -6    7   15   54   49   31
  18   18  -44    2  -35   16   94   -4
  43   13   15  -45    1   29   15  -38
 -13  -33   23  -29  -28   20   -1   24
  76   -1   44  -23  -70   12   13  -49
  -3    1   15   25   30  -34  -79  -10
  66   -7    1    1  -35   17  -18    0
  -1    7    5  -15  -14    5    1  -23
 -57  -45  -10    9   17   52   57   34
  25   20  -51    0  -38   18   99   -2
  44   13   16  -43    2   29   15  -36
 -12  -35   25  -29  -28   23   -2   24
  76    0   47  -22  -72   12   14  -51
  -1    1   16   28   32  -36  -81  -11
  66   -8    1   -1  -33   18  -18    1
   0    6    5  -17  -14    5    0  -21
 -59  -45  -10    9   15   53   55   34
  24   21  -51    0  -39   18   99   -3
  43   15   18  -46    2   34   14  -37
 -12  -40   19  -32  -30   29   -3   29
  83    2   49  -23  -77    8   20  -58
   1   -2   19   30   37  -37  -91   -3
  77  -10   -2    4  -42   13  -11    1
  -1   12    0  -18  -10    0    1  -18
 -63  -47   -9    7   17   46   54   30
  27   23  -59    1  -40   15  107    1
  41   12   20  -45    3   34   16  -38
 -13  -40   18  -31  -30   28    1   33
  84    1   47  -21  -78    9   19  -61
   1   -5   20   28   38  -39  -91    1
  78  -12   -6    3  -42   13  -12    2
  -1   14    0  -18  -11   -2    2  -18
 -66  -46   -6    5   18   48   53   29
  28   26  -60    3  -40   18  105    2
  38   20   29  -47    0   35   11  -38
 -11  -38   10  -31  -25   36   -4   27
  81    0   52  -24  -73   -3   31  -63
  15   -4   26   34   40  -40  -99    1
  83  -12   -5    9  -44    7    0    2
   0   18  -10  -20   -4   -5   -1   -6
 -64  -49   -5    0   12   35   45   25
  29   25  -64    3  -40    7  111    1
  37   25   30  -54    0   42    8  -41
 -11  -40    3  -35  -28   43   -7   28
  86    3   53  -27  -75  -10   39  -67
  23   -7   30   40   45  -40 -109    6
  91  -11   -2   15  -55    0   11    0
  -1   26  -20  -20    1  -11   -1   -2
 -66  -52   -8   -1   14   22   46   25
  36   26  -73    1  -43    0  119    5
  38   17   29  -47    0   37   13  -40
 -14  -40   11  -31  -28   39   -3   30
  84    1   52  -23  -76   -1   31  -67
  15   -6   25   36   44  -42 -104    4
  85  -16   -6    8  -43    7    0    3
   0   22  -13  -20   -5   -7    0   -5
 -69  -50   -4    0   13   36   49   25
  32   29  -66    4  -41    9  111    2
  31   29   47  -48   -8   47    1  -39
 -12  -38  -11  -30  -20   51  -14   19
  82    6   52  -30  -59  -25   53  -71
  43   -3   25   47   50  -42 -119    6
  89  -17   -4   26  -50   -6   31    5
   4   33  -43  -20    7  -20   -6   16
 -64  -52    6  -15    0    8   31   17
  35   33  -76    8  -31  -15  110    2
  29   11   14   -9   -6   45   -7    0
   0  -37    0  -16  -19   41  -15    9
  60   13   38  -10  -29  -17   25  -53
  30   -1   -1   34   40  -33  -88   -2
  48  -31  -17   24   17    4   35   17
   1   30  -41  -26    9  -16   -7   20
 -52  -28   26  -28  -28   16    4  -13
  12   22  -45   15   -3   -7   33   -5
