Shape: torch.Size([1, 144, 64])
Range: [-41, 127]
Mean: 0.6309

量化值陣列:
  -4    0  -15   -6   -3   -3  -10   -5
  -9    2   -3    2    6    6   -7    0
   3   -8   -2  -10   20   -4   -1   17
  -5   20    7   -3   -3   18   12   -8
  -9    4    8    1  121   -6    2   -9
  -2  -11    0    4  -14   -9    1   -5
  11   -1    0   31    0   -6    6    0
   3   -5   -8   -5    0   -2  -23  -18
  -2    1  -17   -7   -2   -1   -9   -5
  -8    0   -3    3    8    3   -7   -1
   2   -7   -4  -13   21   -4    0   20
  -5   15    3    0   -6   17   14  -11
  -6    3    1    1  121   -2    2   -9
  -1   -8   -3    4  -14   -8    2   -4
  12    0   -3   32    1   -6    6    3
   3   -5  -14   -1    2   -1  -21  -19
  -4    1  -14    0    0   -4  -13   -5
  -4   -1   -6    1    4    2   -9   -6
   1   -9   -5  -11   19   -3    1   19
  -2   16    2   -1   -5   13   14   -4
  -6    8    5   -1  125   -7    0   -7
  -2   -5   -5    2  -17   -8    4   -5
  14    3   -1   31    4   -6    4    1
   2   -2  -10    0    3   -3  -22  -19
  -1    0  -16   -5   -2   -4  -10   -4
  -7   -1   -9    6    6    4  -11   -3
   1   -8   -7   -9   19   -4    0   12
  -4   19    1   -1   -6   21   14  -11
  -9    7    5    0  123   -5    2   -6
  -5   -6   -1    1  -12   -8    2   -4
  16    0   -3   29    1   -4    6    2
   1   -3   -8   -2    4   -1  -24  -16
  -5   -1  -18    0   -4   -6  -13   -4
  -6    0   -8    1    5    2  -11    0
   3  -11   -5  -10   16   -1   -3   17
  -4   16   -1   -4   -4   19   16    0
  -8   12    9   -4  119   -3    3   -9
  -5   -8   -1    0  -11   -9    0   -4
  20    2    0   38    7   -6    3    0
   0   -5   -3   -1    1    0  -24  -18
  -3    0  -22   -3   -1   -4  -11   -5
  -7   -1   -4    0    8    3   -6   -2
   3   -6   -4  -12   15   -3    0   13
  -4   12    4   -5   -5   15   18   -7
  -7    6    5   -3  123   -3    3   -7
  -2   -6   -5    1  -12   -8    3   -1
  15   -3   -3   35    1    0    6    1
   0   -3   -6    0    2    0  -25  -20
  -6    0  -21   -1   -1   -3  -11   -1
  -5    0   -5   -2    5    2   -3   -5
   2   -8   -3   -8   18   -4   -4   18
  -7   12    2   -1   -4   14   19   -7
  -4    5    7   -1  122   -2    1   -8
  -4   -6   -1   -1  -12   -8    2   -1
  14   -2   -3   36    1   -2    7    1
   3   -4   -7   -2    0    0  -26  -20
   0    0  -21   -2   -1   -2  -11    0
  -6    1   -6   -3    4    5   -7   -5
   1   -9   -8   -8   15   -6    0   15
  -6   13    4   -3   -3   15   19   -4
  -7    6    3   -2  123   -3    1   -8
  -1   -5   -3   -1  -16   -6    2   -4
  15   -4   -3   36    0    0   10    2
   1   -6   -4   -1    1    0  -24  -15
  -2    0  -21    0   -2    0  -11   -3
  -8    0   -4   -4    7    4   -7   -5
   3   -9   -6   -8   12   -5    0   15
  -2    8    3   -1   -4   13   22   -4
  -8    3    2   -4  123   -1    2   -7
  -4   -5   -1    0  -12   -4    2   -2
  11   -3   -7   35    2    3    7    0
   0   -3   -3   -4    2    0  -28  -17
  -2    2  -24   -2   -1   -5   -9   -2
  -6    2   -9   -3    5    1   -7   -4
   6   -5   -6  -11   12    0   -2   12
  -2   12    3   -1   -1    8   20   -7
  -6   -2    4   -6  120   -3    1   -8
  -7   -7    5   -7   -9  -10    0    0
  11   -3   -4   37    2    5    8    0
   6   -1    0    0    6    3  -30  -19
   0    3  -23    1    0   -3   -9    0
  -3    1   -6   -3    3   -2   -4   -1
   4   -7   -2  -10   14    0    0   20
  -3    6    7   -1   -6    4   23   -7
  -1    0   -4   -9  119    0    3  -13
  -4   -9    7   -6  -18   -5    1   -1
   5   -4   -6   34    1   10   11    3
   2   -5   -6   -4    5    0  -30  -20
   2    6  -23    1   -2   -1   -8    0
  -2    0   -6   -3    4    4   -4   -2
   4   -8   -6   -6    7    1    0   11
  -1    1    0   -2   -1    4   26  -11
  -6   -5    0  -14  118    2    4   -7
  -8   -8    6   -9  -16   -8   -3   -4
  11    0   -5   37    4   11    7   -3
   5    0    0    1    4    2  -32  -20
  -4    0  -18   10    4   -3   -5    3
  -4    2   -3   -1    4    2   -3    1
   9  -18  -10   -6   10   -4    3    3
   0   -2    5   -1   -4    4   26    0
  -1    7   -4   -5  126    0   -1   -3
   4   -8   -1   -9  -15   -9   -1    2
   9   -9   -8   19    5    0    4    1
   0   -3   -6   -4    5    2  -31  -16
  -5    0  -19    0    1   -4  -13    1
  -5    0  -10    0    8    5   -7   -5
   5   -9   -5   -6   13   -2    0    8
  -2    4    5   -3   -3   14   20   -2
  -7    9    0   -7  124   -6   -2   -6
   0   -8    0    0  -15   -5    3   -3
  13    0   -5   32    3    0    6    0
   2   -2   -3   -2    2    0  -29  -20
   0   -1  -22    4    0   -4   -4    2
  -3    1   -6   -5    4    5   -5   -3
   8  -10  -10  -10   12   -4   -1   10
  -3    4    3    0   -3   11   25   -4
  -3    7   -4   -8  124   -4    0   -8
  -2   -9    0   -7  -12  -13    2   -1
   9   -3   -5   29    5    0    7   -1
   1    0   -6    0    4    4  -28  -16
  -3    0  -21    4    0   -7  -11    1
  -5   -1   -6   -4    7    4   -3   -1
   4  -13   -8  -10   11   -5   -2    8
   1    4    0   -1   -4   10   25    0
  -5    5    1  -12  123   -4    0   -7
   1   -8    0   -5  -12   -6    1   -2
  15    0   -5   32    9   -1    5    1
   2    0   -1   -2    5    2  -30  -19
  -2    6  -23    4    0   -2  -11    4
  -3   -2   -6    0    6    4   -6   -5
   7  -13   -7   -5    8    0    0    9
  -1    0    6   -1   -4    3   26   -5
  -1    0   -3  -11  123    3    0   -3
  -6   -9    6  -11  -11   -9    1    1
   6   -1   -8   29    4    2   10   -2
  -1   -3    1   -4    4    1  -31  -12
  -2    1  -22    3    4   -5   -8    1
  -2    0   -7   -2    0    2   -3   -4
   5  -13   -7   -6    9    2   -6    2
  -3    1    3   -2   -6    2   26   -2
  -5   -1    0  -14  120    0    4   -8
  -4   -6    6   -7  -12   -6    0    0
  12    7   -5   38    3    6   10    0
   0    0    1    0    4    3  -33  -21
  -4    6  -25    3    0    0   -8    4
  -5    0   -7   -4    0    1   -2   -4
   6   -9  -13   -2    7    2   -3    3
   0    0    2   -3   -8   -1   30   -3
  -3   -3   -7  -14  117    3    5   -5
  -3  -10   10   -9  -15   -7    0    0
   3    4   -5   37    2   14    9    1
  -1   -2    5   -1    6    4  -30  -16
  -4    2  -26    4    1   -6   -9    5
  -1   -4   -2   -1    1    0   -4   -1
   7  -10  -10   -2    9    1   -1    4
  -3   -1    2   -1   -7    2   30   -2
  -3    0   -2  -12  120   -1    3   -6
  -2  -15    6  -10  -12   -6   -1    1
   4    4   -9   32    4    8    9    0
   0    0    3   -3   10    3  -29  -22
  -3    4  -24    6    0   -3   -5    7
  -1    1   -5   -1    0   -2    0    0
   4  -11   -8   -3    8    4   -6    3
  -2   -1    4   -5   -5    0   30   -3
   0   -4   -8  -14  120    0    3   -9
  -1   -9    5   -7  -16   -8    0    0
   4    1   -7   31    1    8   16    0
  -3    0    2    3    5    5  -33  -17
  -3    2  -24    3    1   -2   -7    6
  -4    2   -6   -2    1    0   -2    0
   8  -12   -8   -8   11    0   -2    5
  -2   -2    2   -5   -6   -1   30   -1
  -2   -2   -2  -14  119    2    1   -6
   1   -9    5   -8  -13  -11    2   -2
   3    4   -6   32    5    7   11    2
  -1   -3    1   -1    4    7  -34  -16
   0    5  -26    5    0   -3   -6    7
  -1    0   -6   -4    0   -5   -1   -3
   7  -14  -12    0    6    2   -1   -4
  -2   -1    0   -4   -3    0   29   -4
   0    0   -7  -14  120   -2    2   -6
   0  -13    4   -9  -11   -4    0    1
   7    5   -7   31    1    9   11    1
   0    0    3    2    8    1  -32  -17
  -1    0  -25    5   -1   -6   -6    7
  -3    1   -6   -3    1   -1    5    0
   6  -17  -15   -2    6    3   -3    0
   0   -5    2   -4   -5   -1   31    0
  -1    1   -7  -11  119    0    1   -6
  -1  -13    6   -8  -14   -7   -2    2
   8    4   -7   29    4   10    8    0
   1   -2    5    1    6    2  -33  -15
  -3   -2  -23    6    3   -5   -4    7
  -1    0    2    0    4    3    7    1
  12  -16   -4   -2    4    4    0    4
   6   -7    9   -3    1   -5   31   -2
   1    2  -12  -11  119   -6    0   -5
   6  -11    0   -4  -16  -14   -3    0
   0   -3   -6   17    0    3   17    0
  -4   -2   -7   -1   -3   -1  -32  -13
   0    2  -19    1    1   -1   -5    4
   0    0   -7   -1    1    1   -2   -5
   6  -14   -9   -3    1    1    0    2
  -2   -4    6   -3   -2    2   30    0
  -3    1   -7  -12  123    0    5   -8
   0  -10    6   -8  -17   -9   -3   -2
  11    1   -4   31   -4    8   10    4
   3   -3    0   -3    1    2  -32  -13
  -4    3  -23    8    4    0   -2    8
   0    4   -5   -5    0    0    0    0
   6  -14  -13   -4    9    6   -5   -1
  -3   -3    5   -1   -3    0   32   -6
   0   -4   -5  -10  120   -2    0   -4
   1  -10    5   -9  -14  -11   -2   -1
   1    0   -4   27    1    7   12    3
   1   -1    2   -1    2    1  -35  -18
  -2    3  -24   10    3   -3   -4    9
  -4    0   -9   -2    0   -5   -1    0
   5  -10  -11   -3    4    7   -4   -4
   0   -6    2   -3   -4   -1   32   -2
  -2   -2   -8  -15  115    0    2   -6
   4  -12    4  -10  -10  -10   -1    0
   7   10   -7   37    2    8   11    0
  -3    1    3    0    5    6  -35  -18
   1    2  -22    6    0   -4   -7    8
   0    0   -7    2    1   -3    0   -3
   7  -13  -15    0    6    1   -3   -3
  -2   -2    1   -3   -6   -1   30    0
  -1    0   -7  -16  118   -1    4   -6
   0   -8    6  -10   -7   -7   -2   -1
   3    8   -5   33    3    8   11    2
  -4   -3    2    0    7    4  -38  -18
  -2    3  -23    7    0    0   -5    6
  -3    1   -8   -3    0   -2    0   -2
   6  -14  -12   -4    7    2   -5   -5
  -2   -6    2   -2   -7    0   31   -1
  -1   -2   -8   -9  117   -1    1  -11
   4  -10    6   -7  -11   -6   -1    0
   5    9   -5   34    1   10   13    2
  -2    0    3    0    7    5  -35  -18
  -1    1  -23    6    2   -4    0    9
   0    5   -2   -2   -1   -4   -2    0
   6  -16  -13   -1    6    2   -2   -8
   0   -5    1   -3   -6    0   29   -4
   0  -11  -10  -12  113    0   -2   -7
   7   -7    8  -12   -7   -9    2    5
   1    3   -4   35    2   12    5    2
  -3   -1    1    0   16    5  -41  -16
  -2    0  -20    2    4   -7   -5    9
  -5    4   12    0    0   -1    0    0
   9  -27  -11   -1    1   -3   -1  -13
   0  -10    3    0    1    6   28  -11
   7   -9   -2   -8  115    3   -2   -4
  -2   -6    8   -5   -9  -11   -1    6
   2    0   -2   37   -1   15    2   -1
  -6   -4   -1    4   -1    0  -27  -15
  -4    2  -27    4    3   -1   -8    9
  -3    2   -3   -2    0   -3    0   -1
   5  -16  -11   -3   11    0   -4   -6
  -7    0    0   -5   -6    2   30    1
  -4    4   -4  -11  118   -2    0   -6
  -2   -9    4   -8  -10   -8   -2    2
   8    7   -5   36    8    7    8    0
   0   -1    5    3    7    0  -33  -17
   0    0  -28    7    0   -7   -6    7
   0   -2   -4    0    0   -1    2   -2
   5  -15  -11   -3    4    0    0   -8
   0   -1    3   -6   -2    3   30    1
   0   -1   -3  -11  119   -1    4   -5
   0   -7    0   -8  -10   -9   -1   -2
   4    3   -4   31    4    8   11    2
   0   -3    7    1    5    5  -36  -19
  -6    0  -21    8    3   -2   -6    6
   0    3   -1    0    0   -4    3    0
   8  -13  -11   -3    7    4   -2   -1
  -3   -4    3   -1   -5   -5   33    0
  -1    1  -12  -12  116   -4    4   -5
   4   -9    6  -11  -15   -9   -2   -3
   1    3   -3   32    3   10   12    0
  -1   -1    0    2    5    6  -38  -21
   0    2  -27    6    0   -2   -7    4
   1    2   -4   -1    2   -3    0   -2
   5  -12  -10   -4   10    5   -6    0
   0   -3    5   -3   -7   -4   32    1
  -2    0   -6  -11  119    0    0   -5
  -2   -8    8   -9  -13  -10   -3    0
   2    5   -6   31    2   13   10    0
  -3    0    4   -1    1    2  -32  -17
  -8   -6  -16    3    3   -6   -4    0
  -6    1   -1    0    3    5   -2    0
   7  -20   -8   -4   10   -3    0    4
  -3    2    2    0   -4    9   27    3
  -3   14    2   -9  127   -7    0   -4
   6  -10    0    0  -16  -11   -1   -1
  10   -5   -2   23    8   -3    6    0
   0   -5   -3   -3    0    0  -28  -16
  -9    0  -16    4    4   -5   -4    1
  -6    4    5    2    2    1    2    2
  11  -23  -12   -6    5   -1    0    3
   4   -4    3    0    0    1   30   -3
   1    5   -8   -8  124   -5    3   -3
   5   -7   -3   -4  -12  -10   -2   -4
   6   -7   -2   19    1    4    8    2
  -1   -2   -6   -2    0    3  -30  -17
  -3   -2  -20    7    0   -2   -7    4
  -2    2   -4   -1    0   -3   -2   -2
   8  -17   -7   -1    8    0   -1    4
   2   -2    6   -3   -3    2   28   -3
  -1    4   -4  -11  123   -3   -2   -9
  -1   -9    3   -8  -17  -11    1   -2
   4    1   -5   27    1    5   14    3
  -1    1    1    3    2    6  -35  -12
  -8   -2  -25    5    3   -4   -1    8
  -4    0   -3   -1    1   -3    2   -4
   9  -16  -10   -2    7    0   -2   -5
  -3   -1    1   -2   -4    5   30   -1
  -1    0   -1  -15  121   -4    4   -9
  -5   -7    0   -9  -14   -7   -2    0
  10    1   -2   33    4    6    8    1
   4   -1    2   -1    7    3  -29  -17
   0    0  -23    7    4   -2   -8    8
  -2    1   -4    0    1   -4   -3    1
   6  -13  -12   -3    9    2   -3    0
  -4   -6    4   -3   -5    2   30    0
   0    4   -3  -11  123   -5   -1   -7
  -1  -12    0  -10   -9   -6   -4   -1
   9    1   -5   32    5    6   10    0
  -1   -4    0    0    4    5  -31  -15
  -1    1  -23    2    4   -1   -4    6
  -3    1   -3   -2   -1   -2   -4    0
   8  -17   -9    2    4    2   -1   -6
   0   -1    2    0   -3    2   31    3
  -3   -4   -5  -12  120    0    1   -7
  -2  -11    6   -7  -13   -6    2    0
   5    0   -6   33    2    5    7    0
  -1   -1    0   -1    8    4  -34  -20
 -13   26  -12   -3   10   -5    2    2
  -5    8   18    0   -4   17   -3    3
   8  -33    5   -1  -12   -2    1   -9
   1  -15   12   -4   -1    2   -2  -26
  19  -30   -2   -9   73   17   -4   -6
   9    9    5   -2    0  -18    0   10
  -9  -12   13   50  -15   12   -5   -5
  -9   -6  -17    3   16   -1  -22    0
   2    1   12  -10    9   -6   -7    7
 -11   -2   33  -18   -2    8   11    5
  33   -1    9   -3  -12    8   -6  -15
   4  -22    3   -2    9   -9   -6  -12
  35  -15   -5   -1   88    5   11   -1
  -9   -2    8    3   -6   -6   -7   -3
  -9   -4   -1   -1   -9    1   -8    0
 -16   10  -14   -1  -13   10  -19   -7
  -7   12  -16    2   10   -5   -6    2
  -3   -1   16   -2    3    3    6    4
  20  -24   -6    0  -13   -3   10  -18
   3  -16    2    9   -1    0   12   -7
  17  -24    5   -6  104   18   -3   -4
  -4   -8    7  -11   -6  -17    0   12
  -5   -2    0   29   -5   12   -6   -3
  -5    0  -17   -1  -12   -2  -16   -8
  -2    2  -24    5    0   -6   -3   11
  -1    4    0    0   -1   -4    0    0
   6  -16  -11   -5    9    2    0   -3
  -1   -3    7   -1   -5    1   31   -5
  -2    0   -7  -10  120   -4    0   -6
   0   -9    7   -8  -12   -8   -1   -2
   3    0   -6   30    3    9    8    1
   2   -2    0    0    5    0  -34  -16
  -4    0  -24    6    2   -3   -9    8
   0    1    0   -2    4   -3    0    0
   5  -17   -5   -5    7   -4    1   14
  -4    0    8    0   -5    3   29   -5
   3    0   -5   -9  123   -3    2   -9
   0   -9    5   -8  -13  -10   -3   -1
   0   -6   -7   24    0    7   12    2
   0    0   -5    2    0    3  -30  -16
  -3    4  -26    6    5   -2   -4    9
  -5    0   -2    0   -2   -3   -3   -1
   6  -12  -10   -4    7    1    0    0
  -8   -3    2   -3   -8   -1   29   -1
  -1   -6  -10  -10  118   -2    0   -6
   3   -8    7  -12  -11  -12    0    0
   4    4   -3   33    1   13   12    2
   4   -1    1    2    8    5  -33  -18
  -6   -5  -16    7    1   -1   -2   -1
 -11    9    9    6    6    1    5    5
  16  -17   -5   -6    8    4    1    2
   7   -3   11   -3    4   -3   28   -3
   0    9  -15   -7  120  -10   -2   -8
  12   -9   -2   -9  -16   -9   -2   -8
   2   -9   -1    9   -3    0   13    6
  -3    1  -10   -3   -3   -1  -29  -16
  -5   -7  -16    2    4   -5   -4    1
  -8    1    4    0    1    1    0    3
  14  -18  -10   -7    7    1    0   -1
   6   -4   10    0    3    8   31   -3
   0   11   -5   -6  123   -8   -2    0
   6   -5   -1   -2   -9   -9    0   -2
   6  -10   -2   21    3    1    1   -3
  -1    0   -6   -2   -7   -2  -31  -13
  -4   -2  -17    6    3   -5   -5    1
  -5    5    2    3    2    0    1    1
  13  -17   -6    0   12    0   -3    3
   0   -1    9   -1    3    0   24    3
   2   13  -11   -8  126  -13    0   -7
   7  -10   -3   -5  -12  -12    2   -2
   5   -8   -3   16    0    0    8    0
   0   -4   -2   -6   -4   -1  -31  -14
  -3   -3  -19    3    2   -4   -3    3
  -2    4    3    2    2    1    3   -2
  11  -21  -11   -4    8    1   -1   -1
   2   -2   13    0   -2    1   30   -4
   3    0   -8  -11  123   -5    0   -4
   3   -8    0   -9  -12  -11    2    0
   0   -4   -4   21    3    0   11    1
  -4   -1   -4    0    2    0  -32  -15
  -4   -3  -20    5    4   -3   -5    5
  -8    1    0    1    1    0   -4    0
   7  -17  -11   -3    8   -1   -5   -2
  -2   -1    3    0   -6    5   26    2
   0   11   -2   -7  126   -5    0   -6
   0   -7    0   -5  -13  -10   -2    0
  14   -2   -2   27    9    1    7   -1
  -6   -1   -4   -3    2    3  -29  -16
 -11    0  -20    5    4   -2   -5    6
  -6    6    0   -4   -2    0   -2    0
   7  -23  -11    4    1    3   -3   -9
  -2   -7    4    0   -3    4   25   -2
   1    1   -9   -7  119    7   -2   -2
   0   -4    1   -6  -11  -10    0    3
  11    0   -2   36    0    5    3   -1
  -8   -1    1   -2   12    4  -35  -13
  -4    2    3  -15    5    0   -6   -1
   3    2   23  -10    2   16   11    7
  42   -7    0  -10  -20    3   -5   -9
  -4  -19   -8   -6   -7   -1  -22  -27
  13  -18    4    5   84   19   -9   -1
   9    3    0   16   -5   -1   -1    7
 -12  -15    9   13   -2   -5   -2    4
 -14    5  -15   -3    6   15  -11  -13
   1    8    0  -10    3   -9   -7    2
  -1    2   15  -13    0    4   10    6
  38    0    0   -5  -10    6    6  -18
 -12  -23   -7    4   12    6  -16  -11
  28  -16    7   -3   98   14    0    0
  -1   -3    1    4   -4   -6  -11    5
 -10  -13    1    0   -2   -4   -7    3
 -10    2  -16   -7  -15   12   -3   -6
   0    7  -13   -9    5    0   -4   -4
  -2    0    6    0    2   19   14    4
  27    0    0    0  -25    3   -4  -21
  15  -15    0   -6   12    4    4  -11
  18  -19  -11   -2   96   20    9   -8
   2  -11    9  -11   -7  -10    0    6
 -11   -7   -7   12  -10    9   -2    7
 -10    6  -12   -1  -19    7  -27   -2
  -5    4  -21    7    0   -4   -3    7
  -2    1   -4   -3   -1    2    1   -6
   6  -14  -11   -3   12    4   -4   -3
   0   -4    4    0   -3   -1   30    0
   0    0   -9   -9  122    0    2   -4
  -3  -12    5  -11  -10   -7   -4   -1
   2   -1   -2   29    2   10   10    3
   1    0    0   -1    2    1  -34  -15
  -1    1  -22    2    7    0  -10    0
  -2    3   -3    1    0    0   -5    2
   9  -13   -5   -6    9   -2   -5   10
  -4    2   12   -4   -2    1   27   -5
   0   -4  -11  -11  123   -4    0   -3
   2   -2    9   -7  -13   -9    0    0
   1   -9   -1   26    0    9   11    0
   3   -3   -3    1    0   -3  -29  -16
  -3    1  -21    5    3   -5   -9    3
  -4    5   -2   -1    0   -1   -2    0
   7  -15   -7   -5    8   -2   -4    8
  -4   -1    6   -4   -4    0   27   -4
   0   -8   -5  -11  122   -4    2   -4
   3   -5    6   -6  -13   -9    2   -3
   0   -5    0   31    2   11    8    5
   4   -2   -3   -1    3    2  -34  -16
  -3   -1  -13   -1    3   -4   -6  -10
 -12    7   24   -2    2   10   -2    3
  25  -26    3  -10   -3   -2    2    0
   8   -8   10    8    7   -1   12  -24
   2  -15  -11    0  108   -5    3    1
  20   -2    0   16    0  -13   -6   -3
  -3  -15    5   14    0    0    8    2
  -5   -3  -17   -1   -8   -2  -23   -5
  -4    2   -5   -5    3   -4   -5   -9
 -12    5   21   -2    2    9  -11    3
  25  -14    1  -15   10    2    3    7
   3   10    8    5   -5    0    3  -24
   2   -7    0    6  110  -12   -6   -7
  16   -4    3   27   -5   -5    5   -5
  -7  -19    2    6   -7    1    5    0
   0   -3  -18   -3   -8  -14  -11  -10
  -7    5   -8   -4    4   -9   -7   -9
 -11    6   11   -1    2    6  -11    7
  20  -22   -2  -13    2   -1    4   -6
   7    8    1    9    0   14    0  -17
   3   -7   -2   -1  112  -11   -1   -3
  15   -5    0   26    0  -15    4    4
   3  -18    5   14    0    0   -1    1
   3   -5  -21    0   -9  -14   -9  -13
 -11   -7  -17   -1    3   -4   -7   -7
  -6   10   14    6    2    0    1    2
  21  -23   -5   -6    1   -2    0   -4
   8   -2   10    3    6    8   18  -17
   7    4   -1   -5  118    0   -1   -1
  10  -10    1    2    0  -14  -10    4
   4  -11    1   18    2    1   -4    0
  -1    0  -15   -2  -10   -6  -22  -13
 -10   -3  -11   -4    7   -2    0   -9
  -9    8   30    4    5    4    0    0
  27  -22    2  -10   -3    0    3   12
   6    0   13    4   -2   -1   18  -18
   6   -5   -8   -2  109  -13    0  -10
  20   -5   -3    7   -9  -11    5   -4
  -5  -15    0    1    0    0    2    4
   0    0  -15   -1   -5   -8  -29   -6
 -14   -7  -12    2    8   -9   -6  -13
 -10    9   16    9    2    2    1    5
  20  -23   -2  -15   -4    6    0    0
   8   -4    8    1    0    4   16  -10
   4   -2  -10   -1  115   -2    3    0
  24  -10    0    1   -6   -8   -2   -1
   2  -18    2   11   -2    3    5    4
  -1    5  -14   -5   -1   -4  -28  -15
  -1   -3   -2  -16   -2    0  -10   -2
 -11    0   22  -20   -2   23    5   -5
  24   -2   13    3   -8    7   -9   -6
   3  -12    9    3   12    6   -8  -24
  14  -12  -10   -2  104   10    0    0
   6   -3    8   18    1    5   -5    0
  -3  -18    0    2   -4   -8   -4    0
 -15    5  -16    2   -1    5  -27   -8
   5    2   -1   -5    9   -4   -4    8
 -11    0   45  -14   -6    4   15    4
  26   -4   11   -3   -9    8   -2  -10
   4  -21    8    1    3   -5   -5   -7
  31  -20  -11    8   83   -5    8    4
  -7   -7    8    2   -5  -13   -7   -5
 -20  -10    0   -4  -20   14   -7    6
 -12   13  -12   -2  -14    9  -19  -10
  -4   -5  -14    7    3   -6   -2    1
 -14    2   14    6    0   -1   13    9
  20  -29   -9   -3   -6    9    3  -13
  11   -9   12    2    8    0   27   -8
   6   -4   -7    2  114    0    1   -1
   8  -16   -4   -6   -6  -12  -10    0
  -1   -7   -3   10   -2    3    5    0
  -2    0   -5   -2   -7   -5  -24  -12
  -4   -4  -15    3    2   -8   -2   -8
  -5    2   17    9    6   -1    1    4
  18  -19   -3   -8    0    0    4    0
   9   -2   11    0   -1    0   26   -9
   3    0   -3   -4  121   -6   -1   -7
  17   -4   -1   -5   -8  -14    0   -5
   0  -15    0    8   -1    0    1    3
   0    0   -6    1   -2   -2  -29  -13
  -7   -4   -8    0    7   -5   -5  -15
 -10    9   19    8    5    3   -2    6
  25  -17    1  -12   -4    1    2    4
   6   -1    9    0    1    9   13  -17
   5    4   -3   -4  115   -7    1   -4
  16   -9   -5    8   -6   -9    4   -7
   2  -18   -2    3   -1    0    5   -2
   5    0  -15    0   -7  -12  -24  -12
  -7   -6  -13   -3   -2   -2   -8  -10
 -10    9   24    0    5    2    0   -1
  13  -14    0  -10    8   -3    1   15
   6    0   12   -5    3    5   11  -12
   2   10   -8   -8  122   -6    0   -4
  18   -8   -1    4   -8   -8   -2   -3
   7  -19   -1    3   -5    3   13    1
   4   -2  -10   -3  -12   -3  -22   -8
   1   13    5  -10   -5    1  -11   -9
 -17    0   23   -7   -1   16    0   -1
  18   -6    8   -2   15    5    2   17
   5   12   10   -1   -3   -4  -16  -17
   0   -2   -5    0  103  -15   -6   -5
   4   -9    2   35   -8    4   -5   -9
 -10  -13    1   -4  -12    0    8    9
   7   -8  -21    6   -7  -13  -10  -12
   3   14    7  -14   -5   -7   -5   -9
 -19   -1   19   -9    0   12   -4    0
  17   -6   10   -5   17    0    2    9
   4   18    4   -1   -6    3  -17  -26
  -4    0   -5    0   99   -9   -4   -6
   5   -7   10   37    5    5   -6   -6
 -12  -11    8   -1   -9   10    9    3
   0   -6  -22    0   -7  -11  -13  -14
   5   14    8  -13   -5    0   -8   -7
 -11   -3   20  -10    0   14    0   -1
  16   -4    6   -3   16    2   -2   17
   7   13    6   -3   -4   -3  -13  -23
  -4    0   -3    4  101   -5   -8   -8
   6   -8    9   34   -9   14   -5   -8
  -8  -14    2   -6  -12    4    9    3
   5   -2  -25   -6  -10  -14  -12  -12
  -5    1    0  -11   -3   -8   -9  -13
 -16    2   20  -10    4   12   -3    0
  21   -3   10   -7   12    2    3   14
   7   13   13    3    0    8   -2  -19
   0    2   -2   -2  106   -7   -8   -7
  11  -11    7   31  -14    6   -2   -7
  -6  -13    0  -10   -4    4    7    9
   0   -2  -22   -6  -16  -12  -16   -7
  -5   -2   -3  -10    2  -10   -7  -11
 -15    6   12   -4    3    7   -7    1
  28  -10   13  -14   17    2    0   19
   0    8   10   -3   -6    8   -9  -20
   1   13  -10    8  106  -13   -5   -5
  15   -8    7   25   -7   -3   -8   -5
  -3  -10    3   -4   -5    6    6    1
   5   -1  -20   -3  -10   -8  -13   -9
  -2   33    4  -10    2   -8   -4   -1
  -9    1   20  -13   -4    5    0    2
  25  -18    6  -10   -8    1   -3  -11
  10  -15    4   -5    3   21  -21  -22
  11  -30    3    0   74    0  -17   -9
  19    3   -9   28   13  -10   -8    5
  -9  -18   13   25   -1    4   -6   -1
  -2   -2   -9   -5    3    1   -7   -8
   3   19    0   -8    4    4   -9   -5
   0   -1   18  -16   -2   18    4    2
  34    0   -1  -11   -9    1   -5  -13
  -2  -15   -5    4   -1   -1  -29  -18
  13  -25    3    0   91   18   -7  -11
   2    9    7   16    6    1   -8    8
 -14  -11    7   -2   -6    3    1   -1
  -5    0  -17    2   -1   12  -16   -3
   6   21    0  -11    2    8  -12    1
  -1    0    2  -21    0   23    3   -3
  25    4   -6   -7   -8    2   -2  -17
   4  -14  -10    1    2    5  -20  -12
  16  -13    0   -4  105   22    0   -7
   2   -4    8    1    0   -5  -14    5
  -6  -11   -1    5   -2   -1   -6   -1
  -6    3  -14   -1  -13   10   -3   -5
  -8    2    1   -3    3  -11   -4    1
  -4   -3   28   -5   -5    1    7    7
  41  -10    5   -4   -6   16    5   -9
   0  -21   -1    3   17    2  -13  -13
  21  -24    0   -4   94    4    5   -8
   0    0  -11   13    6   -5   -6    3
 -11   -7    0    4   -2   -2   -8    3
 -14    0  -18    1   -8    2  -18  -12
  -8   11   -9   -6   10  -10   -5   -8
  -9    5   31    0    3    5    0   -1
  27  -24   -3   -7   -4    1    7  -15
   9   -7    7    6   11    6    5  -14
  11  -14   -1    0  106    7    2    2
   6   -8   -6    6    5  -16   -8    3
  -2  -15    0   14  -11    0   -8    2
   1   -3  -21   -7  -14    0   -9  -10
  -8   -5   -7   -4    3   -4   -7  -10
 -13    6   31    1    3    8    5    1
  21  -19    9  -14    9    1    4   13
  12   -2   13    7    5   -3    8  -16
   2    4   -8    0  111   -4    2   -5
  12  -14    2   13  -11    0   -9   -8
   0  -17   -1   -7   -3   -4    3    8
  -1    2  -17   -9   -6  -17  -20   -8
   0   12   -7   -3    8    4   -2  -11
  -7    5   44   -5    3   13    0   -2
  19   -9   18  -13  -15    0   -1   17
   7   -3   20    5    6   -5    0  -13
   1  -19   -8    0   97    0    2  -10
   3   -9    8    6  -15   -3   -7   -5
 -15  -23   -5   -6  -13   10   13    5
   3    3  -21    0  -10   -7  -14  -11
  -3   14    3   -3    2    4   -6   -2
 -11    4   41  -21   -4    8   -1    4
  32   -9   18  -14    2    0    5    7
   7   -9   14   -1    9   -8  -11  -23
   9  -16  -11    0   85   -7    3   -4
   7   -7    5   21   -2    1   -7   -4
 -17  -19   -1  -11  -10    2    7    9
  -2   13  -15   -7  -12    1  -22   -8
  -4    3   14  -10   -4   -7   -9  -11
 -17    6   37  -25    1   14    6    3
  32  -12   13   -8    0    7    3    0
   1   -6    9    0   10    0   -8  -24
  13  -11   -9    7   85   -2   -1   -1
   4   -4    0   31    2   -1  -13   -4
 -10  -10    2   -2   -6    4    0   10
 -13    5  -22   -3    1    0  -22  -17
   0    5    0   -4    3   -6   -9   -2
  -7    4   30  -17   -3    9    0    1
  37  -11   10  -14    7    6    6   -1
   6  -14    9   -1    7    7   -8  -25
  12   -8   -9    0   96   -9   -3   -1
  14  -11   -3   25   -5   -4   -7   -3
 -10  -11   -1  -10   -8    3   -6    9
  -1    6  -16   -3   -8   -1   -8  -12
  -7   15    0   -7    0  -12   -3    1
 -11    4   26  -16   -7   14    6    0
  21  -19    0   -9    1   -2    0  -25
   5  -22    6    1    9   20  -13  -24
  23  -28   -2    5   75   14   -6    5
  14   -4   -2   25   10  -12  -11    1
 -14  -14   16   33   -7   -1  -12    3
 -12   -2   -9    0    6    7  -15  -12
  -6   32    6   -1    4  -12   -9    2
  -8   -1   11  -14    0    8    5    2
  25  -19   -2  -13    0    5    8  -24
   8  -15   -4    1   -4   11  -30  -13
  13  -24    6    0   77    6  -13   -4
  11    2  -11   21   14   -8  -11   13
  -7  -16    4   27    1    2   -7   -1
 -10   -6  -19    0   -5    4    9   -7
  14   24    9  -17   -2    5   -9   -1
 -10    0   13  -21   -4   17    0   -2
  16    0    0   -6    6    4    2    0
  10   -4   -5    0   -1    2  -26  -21
   6  -15   -6    2  100    0   -7   -8
   0   -3   10   33   -2    8   -6   -2
  -6  -16    4   -8   -8    0    0   -4
   1    4  -13   -2   -9   -1    0  -11
  12   28   10  -26   -5    0  -11  -11
 -12   -2   21  -17    0    8   -6   -5
   9    0   -4   -3   15    2   -1    7
  12   14    3    0   -3    2  -20  -23
  -4   -4    0   10   80   -9   -7   -9
   3   -5    8   45    1   11   -6   -4
 -11  -15    6   -6   -9   12   11    2
   5   -4  -16   -4  -15  -14    3   -8
  11   17    6  -18   -6   -8   -7  -11
 -11    0   27  -18   -5    5   -1   -3
  17   -2    8   -5   14    2    9    7
   3   10   10   -1    4   -2  -13  -22
  -1    0   -4    5   95   -2   -9  -14
   0   -3    3   39   -5    8   -9   -5
 -12  -17    1   -9  -11   10    8    6
   7    3  -19   -4  -10  -11   -5  -10
   0    0   -1  -12    2    1   -5   -2
  -9    5   14  -13    0   22    5   10
  40    3    4   -1   -7    2   -5   -6
   8  -15    8    0   12    0   -6  -24
  13  -16   -9    0   93    4    0   -2
   4   -7    3   13   -3   -2   -4    4
  -7  -18    4    0   -6    0   -6   -1
 -18    7  -18    1   -2    9  -35  -10
   4    4   -4   -6    3   -3  -11    4
  -8   -2   15  -14   -3   17   16    7
  34   -3    5   -8  -14   11  -10  -15
  17  -22    3   -6   17   -4    3   -5
  26  -20   -3    1   92    3    6   -3
   5   -4    2   -3   -7  -13  -10   -3
 -14   -3   -2    6   -4    1  -11    2
 -16    6  -11    0   -9    8  -19   -7
  -5    1   -7   -3    7   -9    0   -1
  -9    0   41   -1    0    8   15    4
  42  -11    8   -5  -14   12    1   -6
   7  -11   12    0    9  -11    1  -13
  17  -14   -7    0   84    2    6   -8
  -7   -5   -1   -4    0  -11    0    0
 -15   -9    4   -6  -14   12   -3    2
 -10    5  -18   -4   -7    6  -29   -9
  -5    8   -7    0    2   -8   -6  -10
 -17    6   36   -4    4    9    3    1
  36  -16   16  -15  -12    3    1    3
  10   -8   12   -3   12   -2   -2  -22
   8   -4   -3   -5   96   -6   -1   -4
  14   -3   -4   15    0    0   -7   -8
 -11  -17    3   -8   -4    0    2    0
   5    4  -15   -2   -9   -1  -15   -9
  -1    1    8   -3   -1   -8   -7   -5
 -14    7   32  -12   -4    4   15    4
  45   -3   11  -13   -6   15   -4    0
   5  -13    6   -7   14   -9   -9  -21
  14   -5   -2    0   83   -1    1   -5
   2   -7   -6   18   -6   -5   -8   -6
 -15   -9    8   -9   -3    6   -2    2
 -15   13  -13   -1   -2    5  -23   -7
  -5    2    4   -8    4   -4   -8    4
 -14   -3   44  -21  -10   13    5    2
  29  -11    8   -1    2    8    4   -3
   1  -22    9   -2    8   10   -9  -23
  18  -17  -12    4   91    5    0    5
   0    0    2   16    1    0  -10   -1
  -9   -8    6    0  -13    0  -10    5
 -11    2  -14   -8    7    5  -25  -16
  -4    3    1    0    7   -8   -6   10
  -6    0   19  -13   -5    7   17    2
  31  -12    1   -8   -7    4    1  -28
   0  -21    0   -6   -3   19  -31  -21
  26  -27    3    4   77    6  -11   -1
   4   10   -5   13    6  -11   -8   11
  -9  -14   11   24   -2    2  -11   -1
 -14    0   -9   -1   10   13  -16   -6
  15   20    6  -10    5    3   -7    7
  -6    4    7  -19   -6   17    7    0
  26    6   -8  -10   -9    8   -2  -12
  -7  -16   -5   -6   -6    5  -33  -16
  19  -20    7   -4   97    8   -9   -5
   1   13    5    0   -5   -5  -10    9
  -3   -5    3   -2   -3   -6    8   -6
  -9    6  -11   -6   -2    8    0   -4
  10   36    6  -22    0    5   -9   -5
 -11    0    5  -21   -3   21    0   -6
  11    5   -3   -3    1    6    1   -2
  10    0   -3   -3   -7    9  -23  -14
  -1  -15   -5    7   95    5   -5   -6
  -3   -3   13   26   -4    0   -7   -2
  -5  -14    3    0   -8   -1    1    0
   2    0  -20   -3  -13   -2   12   -7
  16   27   12  -22   -5    0  -12   -8
 -13   -2   14  -12   -8   15   -5   -4
   7    1   -4    1   22    3    6    5
  10   10    0   -3  -10    1  -26  -25
  -8  -10    0   12   84    1   -8   -8
   3   -7   10   42   -3   11   -5   -4
  -8  -15    6   -4   -8   11    0    2
   7   -7  -14   -3   -4  -11   -4   -7
  12   24    7  -19   -6    1   -9   -9
 -12    2   16  -11   -4    9   -6   -4
   4    0   -4   -2   17    1    0   11
  10   20    2    0   -9    3  -25  -24
  -9   -6   -4   15   82   -3   -7  -14
  -1   -5    9   48   -2    9   -5   -8
  -6  -16    7   -2   -3    6   12    5
   4   -6  -19   -4  -11  -16    1  -11
  -3   12   -8  -14   -1   -6  -10   -6
 -11   -1   19  -10    1   15    1   -2
  21   -4   10  -13    8    1    1    9
   9    3    7    0    9   13   -6  -13
  -1    5   -9   -1  112   -6   -4   -9
   6  -15    9   20   -8   -1   -6   -6
   0  -14   -2   -1   -9   -3    6    0
   4    3  -12   -1  -19  -13   -3  -10
  -8    0   -3   -7    4    0   -9   -8
 -14    2   37  -10    4   11    0   -2
  18   -7    4  -13    8    3    4    8
   6    2   17    7    2    1    5  -16
   7    0   -8    0  111   -5    1    0
  11  -15    1   15  -10    5   -6   -4
 -10  -20    0   -9   -9   -1    2    5
   3    0  -18   -6   -9  -10  -20  -11
  -4    3   -2   -3    6   -4    2   -2
 -12    8   19   -1   -4   14    7    2
  27  -11    4   -8  -11    5   -3   -4
  27  -13   13   -4   12  -11   10  -14
  10  -13  -17    0   95    4    9   -8
  21  -13    5   -5   -7  -11   -8   -1
 -13  -13    0    1  -13    8    1    0
  -4    4  -13   -4    3    0  -33   -8
   1   10   -7   -2    7   -1    1    3
 -17    5   36   -6   -2    6   10    5
  25   -3    6   -8  -11   13   -2    0
  19  -15   22   -4    3  -13    9  -12
  12  -17  -12   -4   85   -2    3   -5
  10  -11   13  -12  -15  -17   -5   -4
 -14  -13   -1   -9  -11   20    1    6
  -1    6   -9   -7   -4    2  -33  -10
  -1    5   -2   -4    5   -3   -4   -1
  -3    5   19  -14   -2   17   15    5
  35   -2   13   -5  -17    8   -9   -4
  18  -11   14   -6   15  -10   -1  -16
  16  -25  -10   -4   82   -7   13   -5
  13   -9    4    0   -1  -17   -5   -1
 -12  -13    0    3  -11    8   -7    8
 -16    5  -15   -1    0   11  -35   -6
   0   10    7  -10    4  -13   -3    8
 -14   10   18  -18   -7   10    6    1
  27  -15    1  -13    2    6    5  -15
  10  -19    0    0    4   18  -27  -22
  29  -19    0    0   78    4  -16    3
   8    4    1   18    3   -8  -13    1
  -9  -10   15   22   -9    0  -19    0
 -11   -3  -15    2    8    2  -14   -8
   4   16    1   -4    6   -8  -13    9
  -8    5   12  -16   -2    3   18    0
  33   -2   -9  -10   -8    8    3  -23
   4   -9   -6   -1   -7    7  -33  -19
  25  -26    4    3   85   11  -15    7
   3   10   -9    4   -6   -9  -11    7
  -2   -4    8   19    6   -1  -12   -6
 -14    5  -10   -3    3    5   -8   -4
  21   33    5  -18    5    1  -10    8
  -9    0   10  -24   -5   12    6   -2
  15    5   -7   -9  -12    9    1   -7
   6  -11   -6   -5   -7   11  -32  -13
   8  -18    1   -5   94    8   -8   -2
   0   15    4    0  -10   -4  -12    3
   1   -9    8    1   -4    0    2  -10
  -4    7  -12   -5   -1    5    3    0
  13   38    3  -16    0    0   -9   -2
  -2    0    6  -18   -3   19    5    0
  12    6   -6  -11    0    7    0   -8
  12    1   -2   -4   -2    8  -28  -19
   0   -9    3    6   96    6   -4   -6
  -1   -4    9   18   -3    0   -8    0
  -8  -18    2   -4  -10   -1   -1   -1
   1    0  -17   -2  -15   -3   12   -3
  18   30    9  -23   -6    0   -6   -7
 -13   -1   11  -14   -6   11   -9  -10
   5   -1   -1    0   20    4    4    4
  14   14   -3   -1   -4    9  -23  -25
  -5   -7   -4   10   80   -4   -6   -9
  -1   -3    8   46   -8   11   -6   -6
  -2  -15    7   -6   -7    5    6    2
   6   -5  -16   -6  -11  -14    1   -3
  11   25    0  -20   -6    1  -10   -5
 -13   -1   19   -9   -4    7   -6   -2
   7   -4    4    0   20    4    7    8
  13   17   -4   -2   -9    4  -22  -25
  -9   -4   -1   11   87   -3   -7  -10
   4  -11    9   44   -6   10   -7   -5
  -3  -13    5  -12   -7    8    4    6
   3   -5  -17  -13  -12  -14    6   -8
  16   25    1  -21   -5   -2  -10   -9
 -19   -4    9   -6   -5   15   -3   -4
   4   -3   -1   -3   21    2    4    8
  11   19    1    1   -4    6  -23  -25
 -10   -3   -3   15   88   -6   -3  -11
   4   -9    8   40   -8   10   -4   -8
  -4  -13    4   -5   -9    7    5    6
   8   -3  -19    0   -7  -15    0   -9
   0   18   -2   -8    4    6   -9    0
 -17    6   39  -16   -5    9   -7   -1
  13  -10    1  -12    9    0    6    1
  -1   11    9    3   -1    3   -1  -14
   3  -11   -3    1  112    2   -2   -8
   4  -12    7   18   -7   -5   -3   -4
  -4  -16   -3    4   -8    0   -1   -1
  16    0  -17   -5  -11   -7  -12  -11
  -9    1    1   -7    1   -9  -10  -12
  -8    5   27   -5    2   10   -1    2
  26  -13   15  -17    5   -1   -1   20
   5    0   16    0    7    2   -3  -20
   0    0   -6   -1  104   -5   -1   -5
  20   -9    0   22  -11    2   -6   -6
  -4  -18    1   -2  -11   -4   13    9
   4   -3  -20    0  -10  -10  -17   -9
  -1    1   -6   -5    8    1   -4   -2
 -13    7   42    0    0    3    5   -1
  25  -13    6   -4   -5    5    4    5
   9   -5   16    5    1   -7   11  -15
   4    0  -11   -4  108   -5    4   -5
   9   -9    1    3  -13  -10   -4   -4
  -4  -17   -3   -7   -7    8    1    2
   0    5  -13  -11  -12  -11  -25   -7
   0    3  -14    0    8    0    0    3
  -2   -3   46   -4   -4    1   10    2
  24  -11    8   -4  -18    7   -2    0
  14  -21   16   -6   -2   -9    7   -5
  12  -13  -13   -1   96   -1    8   -2
   8   -4    5   -4  -19  -13    2   -4
 -20  -14   -1   -5   -9   14    5    6
   2    4  -14   -2   -7    3  -25   -6
   2    0   -8    4    8   -2   -3   -2
  -7    2   24    4   -5   12   19    4
  29  -11    7   -8  -15    8    1   -3
  23  -13   11   -8    9  -13   11  -13
   6  -13  -11   -4   92   -7    5   -2
  17  -12   10  -11   -5  -16   -2   -5
 -16   -9   -5   -1  -14    7    0    6
  -2    6  -10    0    0   -4  -33   -2
  11   35    4  -15    3    4   -3    8
  -9   -2   11  -27   -3   13   10    0
  22    6   -4  -10   -7    8    0   -5
   9  -14    0   -5   -4    1  -29  -18
  12  -21    0   -5   91   12  -11   -2
  -4    9   10    3  -12  -11   -5   -3
  -4   -3   10   -3   -8   -2    2   -5
  -6    5  -12   -2   -1    6    6   -9
  16   45    6  -19   -1    9   -9   -1
  -5    1    9  -23   -4   15    5    0
  12    4   -3  -11    0    7   -2   -3
   6   -5   -1   -7  -10    1  -39  -14
   0  -10    3    5   85    4   -8   -5
  -7    8   13    9   -7    2   -7    0
  -9  -12    7   -5   -8    4    8   -1
  -2    2   -7   -4   -7   -3   13   -8
  24   35    8  -20   -1    1   -4   -1
  -7    5    8  -21   -7   15   -1   -7
  10    1   -2   -7    2    2    9   -1
   4   -3   -1   -5   -8    5  -35  -19
   0  -13   -5    5   90    3   -5   -8
   0   12   12   23    0    5   -7   -2
  -3  -16    7   -6   -6    0    5   -1
   2   -3  -13   -5   -7   -8   12   -9
  18   36    8  -20   -5   -1   -9   -6
 -15   -1   13  -15   -5    9   -8   -7
   1    1   -1   -1   16    3    5    2
  10   14   -2   -1   -7    5  -25  -19
  -9  -10   -2   16   82    0   -3   -6
   0   -2    2   43    0    5   -7   -3
  -8  -16    5   -6  -11   10    8    5
   5   -3  -18   -3  -11  -11    6   -7
  17   38    8  -20   -3    0  -12   -4
 -13    0   18  -13   -5    9   -8   -8
   7   -1   -7   -7   13    2    4    9
  12   12    3   -4   -6    6  -26  -27
  -8  -11    1   11   78   -3   -9   -8
   5    1    2   38    7    7   -4   -4
  -3  -12    3  -11  -11   13   10    0
   6   -3  -16   -4   -8  -15    0   -6
  21   33    6  -19   -6    2  -15   -7
 -20   -2   18  -13   -4    5   -7   -8
  10   -4    0   -4   13    4    0    6
  10   22   -3   -1   -4    0  -23  -19
  -3   -3   -5   10   83   -1  -10  -11
   0    1    2   40   -3    8   -5   -4
  -6  -14    4   -7   -7   10    5    2
   5   -5  -21   -5   -8   -7    0   -4
  15   22    8  -15   -4    1   -9   -5
 -15   -3   16  -13   -7    6   -3   -8
   5    0    1   -2   17    2    4    9
   9   17    3   -1   -3    3  -22  -27
  -6   -7   -2    8   91   -3  -10   -7
   4   -3    4   47    0   10   -4   -4
  -9  -16    6   -4  -14    7    6    2
   8   -5  -22   -2   -5  -11   -2  -10
   1   23   -1  -12   -3   -1   -8   -3
 -16    3   30  -11    3   16   -7    1
  14   -7    1  -17   13    0    1    1
   8    1    6    5    1   -2  -10  -13
  -4   -8   -3    5  107   -8   -2  -10
  11  -18    4   26   -8    8   -3   -5
   0   -9    4    0  -13    0    4    6
   7    0   -8   -5  -19  -13   -8  -12
  -6    5  -10  -17    0    1    0  -10
 -15    4   21   -4    6   22    0   -5
  20  -12   10   -9   -6   -3    7    0
   8   -3   18    6   10    4    0  -25
   6    5  -11   -2  107    0   -3   -5
  18   -9    4   14   -9    1    0   -5
   0  -19    2    0   -9   -4    2    5
  -1    0  -14   -3   -1   -8  -30  -11
  -3   10    0   -2    2   -6  -12   -4
  -7    1   47  -11    0    4    2    0
  19  -10    7   -5   -7    2    0   12
   3   -7    4    7    8   -2    1  -16
   5   -7   -6   -7  111   10   -1   -7
   2  -11    0   10   -8    0   -9   -2
   0  -17   -4    1   -3   -3    7    0
  11    7  -19   -1  -23   -4  -12  -14
  -6    0  -15    1    0   -6   -1   -7
  -8    0   10    2    0    6    8    2
  24  -13   -2  -10   -5   10    0   -7
  19  -11   17   -2   15   -5   21  -11
   5    4  -22   -4  107   -1    4   -1
  16  -11    0   -2   -8  -17    0   -1
  -6   -9    0   10   -2    1    2    6
   0    5   -6   -4   -3   -7  -33  -13
  -3    5  -12    0    8   -4    3   -2
  -8    4   31    5   -2   -1   11    8
  33  -22   18  -17  -21    2    5   -6
  15   -8   13   -5    5  -14    8  -11
  10  -15   -6    0   91  -11    6   -6
  11   -9    4   -6  -14   -9   -4   -5
 -16   -9    7    1   -7   13    2   10
  -2   10  -17    0   -9   -1  -27   -2
  16   31    7  -16    0    5   -7   -8
 -11    0    2  -26   -1   19    5   -7
  19    6   -8   -7   -2    2   -1    0
   6   -6    0   -6   -6    0  -30  -18
   7  -12    0    3   98    7   -4   -5
  -3    9   12   13    0   -3   -5    3
  -7  -14    6   -3   -4    0    0   -4
   1    1  -18    0   -3    0    5   -4
  20   41    9  -14   -2    6   -6   -3
 -10   -4   16  -20   -6   15   -1   -6
  11    1   -3  -13    8    5    5    3
   7   -4   -2   -5  -13    7  -32  -21
   0  -18   -5    7   75    2  -12   -1
  -4   10   15   28    9    6   -5   -1
  -8  -18    7   -3  -13    7    8   -8
   0    0  -16  -10   -4   -3    3   -8
  20   42    9  -18   -5    6   -5   -3
  -8   -2    7  -25   -3   17   -2   -2
   9   -1    0  -10    3    6    3    3
   9   -5   -1   -4   -5    0  -33  -23
   3  -20   -5    4   78    1   -6   -4
  -5    6   13   27    1    3  -10   -4
 -11  -19   11   -5   -8    6   13   -6
   0   -1   -6   -1   -3   -3   12   -6
  18   39    5  -19   -4    5  -12   -7
 -16    0   12  -10   -9   10   -3   -7
   6    0   -2   -6   11    2    2    2
  15   13   -4   -6   -4    2  -28  -26
  -9  -10    0   11   77   -2   -9   -9
   1    6    1   37    3   11   -8    0
  -3  -19    5   -8   -6   11    8    0
   2    0  -18   -5   -8   -7    5   -7
  19   38   10  -16  -11    2   -8   -2
 -12   -6   10  -19   -3   10   -6   -7
   7   -3   -7   -4    7    3    1    7
  15   10   -1   -3  -10    4  -25  -20
  -3  -10   -1   10   77    2   -7   -8
   1    1    3   41    0    9   -5   -3
 -11  -19    8   -8   -5    6   15   -1
   8    0  -23   -3   -8   -9    6   -7
  17   30    5  -19   -5    6  -11   -5
 -13    0   13  -10   -4   15   -3  -10
   4    0   -2   -9   19    1    4    5
  10   10    3   -4   -7    6  -22  -27
  -5  -10   -4   12   84    0   -4  -12
  10   -3    8   42   -3    9   -6   -5
  -5  -14    4   -6  -12    7    5    7
   3   -3  -20   -5  -10  -15    3   -9
  18   38   11  -22   -9    2   -5   -7
 -11   -5   20  -14   -1    7   -4  -10
   8    0   -1   -1   11    3    0    7
  15   17    1   -3   -4   -1  -25  -26
  -4   -8    1    6   76   -6   -9  -12
   7   -1    3   37   -2   10   -8   -5
  -9  -14   11   -8  -16   13   13    0
   0    0  -16   -4   -5  -10    0  -10
   4   19    0  -13    0    1   -7   -4
  -7    1   34  -16   -6    8   -4   -4
  16   -7    0  -11   13    2    8    9
   4    7    6    0   -1    4  -13  -14
  -1   -4   -3    2  105   -4    0  -12
   0  -10    2   33   -9    2   -7   -7
  -8  -12    3   -7  -12    0    4    5
   0    7  -20   -2  -22   -8    1  -10
  -9    3   -4   -2    2   -6   -7  -13
  -9    5   31   -4    3   14   -3    3
  19  -12   10   -8   13    1    0    9
   5    0   12    1    0    4   -4  -22
   2   -6   -3    1  107  -11   -7   -1
  19   -3    0   25   -3    0   -3   -7
   0  -21    8    4  -14   -5    3    4
  -3   -1  -20   -4    0  -14  -23  -17
   0    6    0  -21    1   -6   -9   -4
 -18    1   33  -10   -2    4   -3    1
  22   -7    4  -13   16    0    5   11
   3    9    8    3   -3    4  -10  -16
   0    7    0    0  104  -10   -5  -10
   7  -10   12   28   -3    0   -8   -5
  -7  -17    0   -1   -4    9    2   -3
   6    0  -17   -1  -12  -11   -1  -12
  -3   -2  -18    4    2    2   -2   -2
 -10    7   19    2    2   -3    6    1
  18  -17   -4   -6   -2    1    2    3
  11   -8    9    0    0   -2   19   -3
   5    0  -11   -7  122   -9    3   -5
   5   -8    3   -7   -9  -13   -7   -2
  -3  -13   -2    3   -9    5   12    8
   0    2  -11    4   -4   -4  -22  -12
  -5    0   -7    0   10   -6    4   -7
  -9    9   11    2    0   19    9    1
  32  -10   10   -4  -20    9   -3   -5
  15  -13   11   -9   13   -7    0  -19
   5  -10  -14   -1   94   10   -2   -5
  19    0   -1   -4  -10  -11    5   -2
  -8  -12    5    7  -10    0    0    9
  -5    5  -20   -2    7    4  -41  -14
