Shape: torch.Size([1, 144, 64])
Range: [-26, 127]
Mean: 1.3607

量化值陣列:
   0   -7    0    0    0    0    0   -1
   0    0    0    0    0    0   -1    0
   0    0    0    0    0    0    0    0
   0    0    0    0    0   -1    0    0
   0    0    0    0  124    0    0    0
   0    0    0    0    0    0    0    0
   0    0    0    0    0    0    0    0
   0    0    0    0    0    0  -24    0
   0   -7    0    0    0    0    0   -1
   0    0    0    0    0    0   -1    0
   0    0    0    0    0    0    0    0
   0    0    0    0    0   -1    0    0
   0    0    0    0  125    0    0    0
   0    0    0    0    0    0    0    0
   0    0    0    0    0    0    0    0
   0    0    0    0    0    0  -25    0
   0   -7    0    0    0    0    0   -1
   0    0    0    0    0    0   -1    0
   0    0    0    0    0    0    0    0
   0    0    0    0    0   -1    0    0
   0    0    0    0  125    0    0    0
   0    0    0    0    0    0    0    0
   0    0    0    0    0    0    0    0
   0    0    0    0    0    0  -25    0
   0   -7    0    0    0    0    0   -1
   0    0    0    0    0    0   -1    0
   0    0    0    0    0    0    0    0
   0    0    0    0    0   -1    0    0
   0    0    0    0  124    0    0    0
   0    0    0    0    0    0    0    0
   0    0    0    0    0    0    0    0
   0    0    0    0    0    0  -24    0
   0   -7    0    0    0    0    0   -1
   0    0    0    0    0    0   -1    0
   0    0    0    0    0    0    0    0
   0    0    0    0    0   -1    0    0
   0    0    0    0  125    0    0    0
   0    0    0    0    0    0    0    0
   0    0    0    0    0    0    0    0
   0    0    0    0    0    0  -24    0
   0   -7    0    0    0    0    0   -1
   0    0    0    0    0    0   -1    0
   0    0    0    0    0    0    0    0
   0    0    0    0    0   -1    0    0
   0    0    0    0  125    0    0    0
   0    0    0    0    0    0    0    0
   0    0    0    0    0    0    0    0
   0    0    0    0    0    0  -24    0
   0   -7    0    0    0    0    0   -1
   0    0    0    0    0    0   -1    0
   0    0    0    0    0    0    0    0
   0    0    0    0    0   -1    0    0
   0    0    0    0  125    0    0    0
   0    0    0    0    0    0    0    0
   0    0    0    0    0    0    0    0
   0    0    0    0    0    0  -25    0
   0   -7    0    0    0    0    0   -1
   0    0    0    0    0    0   -1    0
   0    0    0    0    0    0    0    0
   0    0    0    0    0   -1    0    0
   0    0    0    0  125    0    0    0
   0    0    0    0    0    0    0    0
   0    0    0    0    0    0    0    0
   0    0    0    0    0    0  -25    0
   0   -7    0    0    0    0    0   -1
   0    0    0    0    0    0   -1    0
   0    0    0    0    0    0    0    0
   0    0    0    0    0   -1    0    0
   0    0    0    0  125    0    0    0
   0    0    0    0    0    0    0    0
   0    0    0    0    0    0    0    0
   0    0    0    0    0    0  -24    0
   0   -7    0    0    0    0    0   -1
   0    0    0    0    0    0   -1    0
   0    0    0    0    0    0    0    0
   0    0    0    0    0   -1    0    0
   0    0    0    0  123    0    0    0
   0    0    0    0    0    0    0    0
   0    0    0    0    0    0    0    0
   0    0    0    0    0    0  -24    0
   0   -7    0    0    0    0    0   -1
   0    0    0    0    0    0   -1    0
   0    0    0    0    0    0    0    0
   0    0    0    0    0   -1    0    0
   0    0    0    0  125    0    0    0
   0    0    0    0    0    0    0    0
   0    0    0    0    0    0    0    0
   0    0    0    0    0    0  -25    0
   0   -7    0    0    0    0    0   -1
   0    0    0    0    0    0   -1    0
   0    0    0    0    0    0    0    0
   0    0    0    0    0   -1    0    0
   0    0    0    0  123    0    0    0
   0    0    0    0    0    0    0    0
   0    0    0    0    0    0    0    0
   0    0    0    0    0    0  -24    0
   0   -7    0    0    0    0    0   -1
   0    0    0    0    0    0   -1    0
   0    0    0    0    0    0    0    0
   0    0    0    0    0   -1    0    0
   0    0    0    0  123    0    0    0
   0    0    0    0    0    0    0    0
   0    0    0    0    0    0    0    0
   0    0    0    0    0    0  -24    0
   0   -7    0    0    0    0    0   -1
   0    0    0    0    0    0   -1    0
   0    0    0    0    0    0    0    0
   0    0    0    0    0   -1    0    0
   0    0    0    0  124    0    0    0
   0    0    0    0    0    0    0    0
   0    0    0    0    0    0    0    0
   0    0    0    0    0    0  -24    0
   0   -7    0    0    0    0    0   -1
   0    0    0    0    0    0   -1    0
   0    0    0    0    0    0    0    0
   0    0    0    0    0   -1    0    0
   0    0    0    0  124    0    0    0
   0    0    0    0    0    0    0    0
   0    0    0    0    0    0    0    0
   0    0    0    0    0    0  -24    0
   0   -7    0    0    0    0    0   -1
   0    0    0    0    0    0   -1    0
   0    0    0    0    0    0    0    0
   0    0    0    0    0   -1    0    0
   0    0    0    0  124    0    0    0
   0    0    0    0    0    0    0    0
   0    0    0    0    0    0    0    0
   0    0    0    0    0    0  -24    0
   0   -7    0    0    0    0    0   -1
   0    0    0    0    0    0   -1    0
   0    0    0    0    0    0    0    0
   0    0    0    0    0   -1    0    0
   0    0    0    0  124    0    0    0
   0    0    0    0    0    0    0    0
   0    0    0    0    0    0    0    0
   0    0    0    0    0    0  -24    0
   0   -7    0    0    0    0    0   -1
   0    0    0    0    0    0   -1    0
   0    0    0    0    0    0    0    0
   0    0    0    0    0   -1    0    0
   0    0    0    0  124    0    0    0
   0    0    0    0    0    0    0    0
   0    0    0    0    0    0    0    0
   0    0    0    0    0    0  -24    0
   0   -7    0    0    0    0    0   -1
   0    0    0    0    0    0   -1    0
   0    0    0    0    0    0    0    0
   0    0    0    0    0   -1    0    0
   0    0    0    0  125    0    0    0
   0    0    0    0    0    0    0    0
   0    0    0    0    0    0    0    0
   0    0    0    0    0    0  -24    0
   0   -7    0    0    0    0    0   -1
   0    0    0    0    0    0   -1    0
   0    0    0    0    0    0    0    0
   0    0    0    0    0   -1    0    0
   0    0    0    0  124    0    0    0
   0    0    0    0    0    0    0    0
   0    0    0    0    0    0    0    0
   0    0    0    0    0    0  -24    0
   0   -7    0    0    0    0    0   -1
   0    0    0    0    0    0   -1    0
   0    0    0    0    0    0    0    0
   0    0    0    0    0   -1    0    0
   0    0    0    0  124    0    0    0
   0    0    0    0    0    0    0    0
   0    0    0    0    0    0    0    0
   0    0    0    0    0    0  -24    0
   0   -7    0    0    0    0    0   -1
   0    0    0    0    0    0   -1    0
   0    0    0    0    0    0    0    0
   0    0    0    0    0   -1    0    0
   0    0    0    0  124    0    0    0
   0    0    0    0    0    0    0    0
   0    0    0    0    0    0    0    0
   0    0    0    0    0    0  -24    0
   0   -7    0    0    0    0    0   -1
   0    0    0    0    0    0   -1    0
   0    0    0    0    0    0    0    0
   0    0    0    0    0   -1    0    0
   0    0    0    0  124    0    0    0
   0    0    0    0    0    0    0    0
   0    0    0    0    0    0    0    0
   0    0    0    0    0    0  -24    0
   0   -7    0    0    0    0    0   -1
   0    0    0    0    0    0   -1    0
   0    0    0    0    0    0    0    0
   0    0    0    0    0   -1    0    0
   0    0    0    0  124    0    0    0
   0    0    0    0    0    0    0    0
   0    0    0    0    0    0    0    0
   0    0    0    0    0    0  -24    0
   0   -7    0    0    0    0    0   -1
   0    0    0    0    0    0   -1    0
   0    0    0    0    0    0    0    0
   0    0    0    0    0    0    0    0
   0    0    0    0  123    0    0    0
   0    0    0    0    0    0    0    0
   0    0    0    0    0    0    0    0
   0    0    0    0    0    0  -24    0
   0   -7    0    0    0    0    0   -1
   0    0    0    0    0    0   -1    0
   0    0    0    0    0    0    0    0
   0    0    0    0    0   -1    0    0
   0    0    0    0  124    0    0    0
   0    0    0    0    0    0    0    0
   0    0    0    0    0    0    0    0
   0    0    0    0    0    0  -24    0
   0   -7    0    0    0    0    0   -1
   0    0    0    0    0    0   -1    0
   0    0    0    0    0    0    0    0
   0    0    0    0    0   -1    0    0
   0    0    0    0  124    0    0    0
   0    0    0    0    0    0    0    0
   0    0    0    0    0    0    0    0
   0    0    0    0    0    0  -24    0
   0   -7    0    0    0    0    0   -1
   0    0    0    0    0    0   -1    0
   0    0    0    0    0    0    0    0
   0    0    0    0    0   -1    0    0
   0    0    0    0  125    0    0    0
   0    0    0    0    0    0    0    0
   0    0    0    0    0    0    0    0
   0    0    0    0    0    0  -24    0
   0   -7    0    0    0    0    0   -1
   0    0    0    0    0    0   -1    0
   0    0    0    0    0    0    0    0
   0    0    0    0    0   -1    0    0
   0    0    0    0  124    0    0    0
   0    0    0    0    0    0    0    0
   0    0    0    0    0    0    0    0
   0    0    0    0    0    0  -24    0
   0   -7    0    0    0    0    0   -1
   0    0    0    0    0    0   -1    0
   0    0    0    0    0    0    0    0
   0    0    0    0    0   -1    0    0
   0    0    0    0  125    0    0    0
   0    0    0    0    0    0    0    0
   0    0    0    0    0    0    0    0
   0    0    0    0    0    0  -24    0
   0   -7    0    0    0    0    0   -1
   0    0    0    0    0    0   -1    0
   0    0    0    0    0    0    0    0
   0    0    0    0    0   -1    0    0
   0    0    0    0  123    0    0    0
   0    0    0    0    0    0    0    0
   0    0    0    0    0    0    0    0
   0    0    0    0    0    0  -24    0
   0   -7    0    0    0    0    0   -1
   0    0    0    0    0    0   -1    0
   0    0    0    0    0    0    0    0
   0    0    0    0    0   -1    0    0
   0    0    0    0  123    0    0    0
   0    0    0    0    0    0    0    0
   0    0    0    0    0    0    0    0
   0    0    0    0    0    0  -24    0
   0   -7    0    0    0    0    0   -1
   0    0    0    0    0    0   -1    0
   0    0    0    0    0    0    0    0
   0    0    0    0    0   -1    0    0
   0    0    0    0  124    0    0    0
   0    0    0    0    0    0    0    0
   0    0    0    0    0    0    0    0
   0    0    0    0    0    0  -24    0
   0   -7    0    0    0    0    0   -1
   0    0    0    0    0    0   -1    0
   0    0    0    0    0    0    0    0
   0    0    0    0    0   -1    0    0
   0    0    0    0  124    0    0    0
   0    0    0    0    0    0    0    0
   0    0    0    0    0    0    0    0
   0    0    0    0    0    0  -24    0
   0   -7    0    0    0    0    0   -1
   0    0    0    0    0    0   -1    0
   0    0    0    0    0    0    0    0
   0    0    0    0    0   -1    0    0
   0    0    0    0  124    0    0    0
   0    0    0    0    0    0    0    0
   0    0    0    0    0    0    0    0
   0    0    0    0    0    0  -24    0
   0   -7    0    0    0    0    0   -1
   0    0    0    0    0    0   -1    0
   0    0    0    0    0    0    0    0
   0    0    0    0    0   -1    0    0
   0    0    0    0  124    0    0    0
   0    0    0    0    0    0    0    0
   0    0    0    0    0    0    0    0
   0    0    0    0    0    0  -24    0
   0   -7    0    0    0    0    0   -1
   0    0    0    0    0    0   -1    0
   0    0    0    0    0    0    0    0
   0    0    0    0    0   -1    0    0
   0    0    0    0  122    0    0    0
   0    0    0    0    0    0    0    0
   0    0    0    0    0    0    0    0
   0    0    0    0    0    0  -24    0
   0   -7    0    0    0    0    0   -1
   0    0    0    0    0    0   -1    0
   0    0    0    0    0    0    0    0
   0    0    0    0    0    0    0    0
   0    0    0    0  123    0    0    0
   0    0    0    0    0    0    0    0
   0    0    0    0    0    0    0    0
   0    0    0    0    0    0  -24    0
   0   -7    0    0    0    0    0   -1
   0    0    0    0    0    0   -1    0
   0    0    0    0    0    0    0    0
   0    0    0    0    0   -1    0    0
   0    0    0    0  124    0    0    0
   0    0    0    0    0    0    0    0
   0    0    0    0    0    0    0    0
   0    0    0    0    0    0  -24    0
   0   -7    0    0    0    0    0   -1
   0    0    0    0    0    0   -1    0
   0    0    0    0    0    0    0    0
   0    0    0    0    0   -1    0    0
   0    0    0    0  122    0    0    0
   0    0    0    0    0    0    0    0
   0    0    0    0    0    0    0    0
   0    0    0    0    0    0  -24    0
   0   -7    0    0    0    0    0   -1
   0    0    0    0    0    0   -1    0
   0    0    0    0    0    0    0    0
   0    0    0    0    0   -1    0    0
   0    0    0    0  124    0    0    0
   0    0    0    0    0    0    0    0
   0    0    0    0    0    0    0    0
   0    0    0    0    0    0  -24    0
   0   -7    0    0    0    0    0   -1
   0    0    0    0    0    0   -1    0
   0    0    0    0    0    0    0    0
   0    0    0    0    0   -1    0    0
   0    0    0    0  123    0    0    0
   0    0    0    0    0    0    0    0
   0    0    0    0    0    0    0    0
   0    0    0    0    0    0  -24    0
   0   -7    0    0    0    0    0    0
   0    0    0    0    0    0    0    0
   0    0    0    0    0    0    0    0
   0    0    0    0    0    0    0    0
   0    0    0    0  123    0    0    0
   0    0    0    0    0    0    0    0
   0    0    0    0    0    0    0    0
   0    0    0    0    0    0  -25    0
   0   -8    0    0    0    0    0    0
   0    0    0    0    0    0    0    0
   0    0    0    0    0    0    0    0
   0    0    0    0    0    0    0    0
   0    0    0    0  114    0    0    0
   0    0   -1    0    0    0    0    0
   0    0    0    0    0    0    0    0
   0    0    0    0    0    0  -24    0
   0   -8    0    0    0    0    0    0
   0    0    0    0    0    0    0    0
   0    0    0    0    0    0    0    0
   0    0    0    0    0    0    0    0
   0    0    0    0  119    0    0    0
   0    0   -1    0    0    0    0    0
   0    0    0    0    0    0    0    0
   0    0    0    0    0    0  -25    0
   0   -7    0    0    0    0    0   -1
   0    0    0    0    0    0   -1    0
   0    0    0    0    0    0    0    0
   0    0    0    0    0   -1    0    0
   0    0    0    0  124    0    0    0
   0    0    0    0    0    0    0    0
   0    0    0    0    0    0    0    0
   0    0    0    0    0    0  -24    0
   0   -7    0    0    0    0    0   -1
   0    0    0    0    0    0   -1    0
   0    0    0    0    0    0    0    0
   0    0    0    0    0   -1    0    0
   0    0    0    0  124    0    0    0
   0    0    0    0    0    0    0    0
   0    0    0    0    0    0    0    0
   0    0    0    0    0    0  -24    0
   0   -7    0    0    0    0    0   -1
   0    0    0    0    0    0   -1    0
   0    0    0    0    0    0    0    0
   0    0    0    0    0   -1    0    0
   0    0    0    0  124    0    0    0
   0    0    0    0    0    0    0    0
   0    0    0    0    0    0    0    0
   0    0    0    0    0    0  -24    0
   0   -7    0    0    0    0    0    0
   0    0    0    0    0    0    0    0
   0    0    0    0    0    0    0    0
   0    0    0    0    0    0    0    0
   0    0    0    0  121    0    0    0
   0    0    0    0    0    0    0    0
   0    0    0    0    0    0    0    0
   0    0    0    0    0    0  -24    0
   0   -7    0    0    0    0    0   -1
   0    0    0    0    0    0   -1    0
   0    0    0    0    0    0    0    0
   0    0    0    0    0    0    0    0
   0    0    0    0  119    0    0    0
   0    0    0    0    0    0    0    0
   0    0    0    0    0    0    0    0
   0    0    0    0    0    0  -24    0
   0   -7    0    0    0    0    0   -1
   0    0    0    0    0    0   -1    0
   0    0    0    0    0    0    0    0
   0    0    0    0    0    0    0    0
   0    0    0    0  123    0    0    0
   0    0    0    0    0    0    0    0
   0    0    0    0    0    0    0    0
   0    0    0    0    0    0  -24    0
   0   -7    0    0    0    0    0   -1
   0    0    0    0    0    0   -1    0
   0    0    0    0    0    0    0    0
   0    0    0    0    0   -1    0    0
   0    0    0    0  122    0    0    0
   0    0    0    0    0    0    0    0
   0    0    0    0    0    0    0    0
   0    0    0    0    0    0  -24    0
   0   -7    0    0    0    0    0   -1
   0    0    0    0    0    0   -1    0
   0    0    0    0    0    0    0    0
   0    0    0    0    0   -1    0    0
   0    0    0    0  123    0    0    0
   0    0    0    0    0    0    0    0
   0    0    0    0    0    0    0    0
   0    0    0    0    0    0  -24    0
   0   -7    0    0    0    0    0   -1
   0    0    0    0    0    0   -1    0
   0    0    0    0    0    0    0    0
   0    0    0    0    0   -1    0    0
   0    0    0    0  123    0    0    0
   0    0    0    0    0    0    0    0
   0    0    0    0    0    0    0    0
   0    0    0    0    0    0  -24    0
   0   -8    0    0    0    0    0    0
   0    0    0    0    0    0    0    0
   0    0    0    0    0    0    0    0
   0    0    0    0    0    0    0    0
   0    0    0    0  115    0    0    0
   0    0   -1    0    0    0    0    0
   0    0    0    0    0    0    0    0
   0    0    0    0    0    0  -24    0
   0   -8    0    0    0    0    0    0
   0    0    0    0    0    0    0    0
   0    0    0    0    0    0    0    0
   0    0    0    0    0    0    0    0
   0    0    0    0  116    0    0    0
   0    0   -1    0    0    0    0    0
   0    0    0    0    0    0    0    0
   0    0    0    0    0    0  -25    0
   0   -8    0    0    0    0    0    0
   0    0    0    0    0    0    0    0
   0    0    0    0    0    0    0    0
   0    0    0    0    0    0    0    0
   0    0    0    0  117    0    0    0
   0    0   -1    0    0    0    0    0
   0    0    0    0    0    0    0    0
   0    0    0    0    0    0  -25    0
   0   -7    0    0    0    0    0   -1
   0    0    0    0    0    0   -1    0
   0    0    0    0    0    0    0    0
   0    0    0    0    0   -1    0    0
   0    0    0    0  123    0    0    0
   0    0    0    0    0    0    0    0
   0    0    0    0    0    0    0    0
   0    0    0    0    0    0  -24    0
   0   -7    0    0    0    0    0   -1
   0    0    0    0    0    0   -1    0
   0    0    0    0    0    0    0    0
   0    0    0    0    0   -1    0    0
   0    0    0    0  123    0    0    0
   0    0    0    0    0    0    0    0
   0    0    0    0    0    0    0    0
   0    0    0    0    0    0  -24    0
   0   -7    0    0    0    0    0   -1
   0    0    0    0    0    0   -1    0
   0    0    0    0    0    0    0    0
   0    0    0    0    0   -1    0    0
   0    0    0    0  123    0    0    0
   0    0    0    0    0    0    0    0
   0    0    0    0    0    0    0    0
   0    0    0    0    0    0  -24    0
   0   -7    0    0    0    0    0    0
   0    0    0    0    0    0    0    0
   0    0    0    0    0    0    0    0
   0    0    0    0    0    0    0    0
   0    0    0    0  114    0    0    0
   0    0    0    0    0    0    0    0
   0    0    0    0    0    0    0    0
   0    0    0    0    0    0  -23    0
   0   -7    0    0    0    0    0   -1
   0    0    0    0    0    0   -1    0
   0    0    0    0    0    0    0    0
   0    0    0    0    0    0    0    0
   0    0    0    0  117    0    0    0
   0    0    0    0    0    0    0    0
   0    0    0    0    0    0    0    0
   0    0    0    0    0    0  -23    0
   0   -7    0    0    0    0    0    0
   0    0    0    0    0    0    0    0
   0    0    0    0    0    0    0    0
   0    0    0    0    0    0    0    0
   0    0    0    0  119    0    0    0
   0    0    0    0    0    0    0    0
   0    0    0    0    0    0    0    0
   0    0    0    0    0    0  -24    0
   0   -7    0    0    0    0    0    0
   0    0    0    0    0    0    0    0
   0    0    0    0    0    0    0    0
   0    0    0    0    0    0    0    0
   0    0    0    0  116    0    0    0
   0    0    0    0    0    0    0    0
   0    0    0    0    0    0    0    0
   0    0    0    0    0    0  -24    0
   0   -7    0    0    0    0    0    0
   0    0    0    0    0    0    0    0
   0    0    0    0    0    0    0    0
   0    0    0    0    0    0    0    0
   0    0    0    0  110    0    0    0
   0    0    0    0    0    0    0    0
   0    0    0    0    0    0    0    0
   0    0    0    0    0    0  -23    0
   0   -7    0    0    0    0    0    0
   0    0    0    0    0    0    0    0
   0    0    0    0    0    0    0    0
   0    0    0    0    0    0    0    0
   0    0    0    0  116    0    0    0
   0    0    0    0    0    0    0    0
   0    0    0    0    0    0    0    0
   0    0    0    0    0    0  -24    0
   0   -7    0    0    0    0    0    0
   0    0    0    0    0    0   -1    0
   0    0    0    0    0    0    0    0
   0    0    0    0    0    0    0    0
   0    0    0    0  115    0    0    0
   0    0    0    0    0    0    0    0
   0    0    0    0    0    0    0    0
   0    0    0    0    0    0  -23    0
   0   -8    0    0    0    0    0    0
   0    0    0    0    0    0    0    0
   0    0    0    0    0    0    0    0
   0    0    0    0    0    0    0    0
   0    0    0    0  114    0    0    0
   0    0   -1    0    0    0    0    0
   0    0    0    0    0    0    0    0
   0    0    0    0    0    0  -24    0
   0   -8    0    0    0    0    0    0
   0    0    0    0    0    0    0    0
   0    0    0    0    0    0    0    0
   0    0    0    0    0    0    0    0
   0    0    0    0  119    0    0    0
   0    0   -1    0    0    0    0    0
   0    0    0    0    0    0    0    0
   0    0    0    0    0    0  -25    0
   0   -7    0    0    0    0    0    0
   0    0    0    0    0    0    0    0
   0    0    0    0    0    0    0    0
   0    0    0    0    0    0    0    0
   0    0    0    0  115    0    0    0
   0    0    0    0    0    0    0    0
   0    0    0    0    0    0    0    0
   0    0    0    0    0    0  -23    0
   0   -7    0    0    0    0    0    0
   0    0    0    0    0    0    0    0
   0    0    0    0    0    0    0    0
   0    0    0    0    0    0    0    0
   0    0    0    0  116    0    0    0
   0    0    0    0    0    0    0    0
   0    0    0    0    0    0    0    0
   0    0    0    0    0    0  -24    0
   0   -7    0    0    0    0    0   -1
   0    0    0    0    0    0   -1    0
   0    0    0    0    0    0    0    0
   0    0    0    0    0    0    0    0
   0    0    0    0  120    0    0    0
   0    0    0    0    0    0    0    0
   0    0    0    0    0    0    0    0
   0    0    0    0    0    0  -24    0
   0   -7    0    0    0    0    0   -1
   0    0    0    0    0    0   -1    0
   0    0    0    0    0    0    0    0
   0    0    0    0    0   -1    0    0
   0    0    0    0  117    0    0    0
   0    0    0    0    0    0    0    0
   0    0    0    0    0    0    0    0
   0    0    0    0    0    0  -23    0
   0   -7    0    0    0    0    0   -1
   0    0    0    0    0    0   -1    0
   0    0    0    0    0    0    0    0
   0    0    0    0    0    0    0    0
   0    0    0    0  119    0    0    0
   0    0    0    0    0    0    0    0
   0    0    0    0    0    0    0    0
   0    0    0    0    0    0  -23    0
   0   -7    0    0    0    0    0   -1
   0    0    0    0    0    0   -1    0
   0    0    0    0    0    0    0    0
   0    0    0    0    0   -1    0    0
   0    0    0    0  120    0    0    0
   0    0    0    0    0    0    0    0
   0    0    0    0    0    0    0    0
   0    0    0    0    0    0  -24    0
   0   -7    0    0    0    0    0   -1
   0    0    0    0    0    0   -1    0
   0    0    0    0    0    0    0    0
   0    0    0    0    0    0    0    0
   0    0    0    0  119    0    0    0
   0    0    0    0    0    0    0    0
   0    0    0    0    0    0    0    0
   0    0    0    0    0    0  -23    0
   0   -7    0    0    0    0    0   -1
   0    0    0    0    0    0   -1    0
   0    0    0    0    0    0    0    0
   0    0    0    0    0    0    0    0
   0    0    0    0  119    0    0    0
   0    0    0    0    0    0    0    0
   0    0    0    0    0    0    0    0
   0    0    0    0    0    0  -24    0
   0   -8    0    0    0    0    0    0
   0    0    0    0    0    0    0    0
   0    0    0    0    0    0    0    0
   0    0    0    0    0    0    0    0
   0    0    0    0  122    0    0    0
   0    0    0    0    0    0    0    0
   0    0    0    0    0    0    0    0
   0    0    0    0    0    0  -25    0
   0   -7    0    0    0    0    0    0
   0    0    0    0    0    0    0    0
   0    0    0    0    0    0    0    0
   0    0    0    0    0    0    0    0
   0    0    0    0  118    0    0    0
   0    0    0    0    0    0    0    0
   0    0    0    0    0    0    0    0
   0    0    0    0    0    0  -24    0
   0   -7    0    0    0    0    0    0
   0    0    0    0    0    0    0    0
   0    0    0    0    0    0    0    0
   0    0    0    0    0    0    0    0
   0    0    0    0  120    0    0    0
   0    0    0    0    0    0    0    0
   0    0    0    0    0    0    0    0
   0    0    0    0    0    0  -24    0
   0   -8    0    0    0    0    0    0
   0    0    0    0    0    0    0    0
   0    0    0    0    0    0    0    0
   0    0    0    0    0    0    0    0
   0    0    0    0  114    0    0    0
   0    0   -1    0    0    0    0    0
   0    0    0    0    0    0    0    0
   0    0    0    0    0    0  -24    0
   0   -8    0    0    0    0    0    0
   0    0    0    0    0    0    0    0
   0    0    0    0    0    0    0    0
   0    0    0    0    0    0    0    0
   0    0    0    0  117    0    0    0
   0    0   -1    0    0    0    0    0
   0    0    0    0    0    0    0    0
   0    0    0    0    0    0  -25    0
   0   -7    0    0    0    0    0   -1
   0    0    0    0    0    0    0    0
   0    0    0    0    0    0    0    0
   0    0    0    0    0    0    0    0
   0    0    0    0  116    0    0    0
   0    0    0    0    0    0    0    0
   0    0    0    0    0    0    0    0
   0    0    0    0    0    0  -23    0
   0   -7    0    0    0    0    0   -1
   0    0    0    0    0    0    0    0
   0    0    0    0    0    0    0    0
   0    0    0    0    0    0    0    0
   0    0    0    0  112    0    0    0
   0    0    0    0    0    0    0    0
   0    0    0    0    0    0    0    0
   0    0    0    0    0    0  -23    0
   0   -7    0    0    0    0    0    0
   0    0    0    0    0    0    0    0
   0    0    0    0    0    0    0    0
   0    0    0    0    0    0    0    0
   0    0    0    0  109    0    0    0
   0    0    0    0    0    0    0    0
   0    0    0    0    0    0    0    0
   0    0    0    0    0    0  -22    0
   0   -8    0    0    0    0    0    0
   0    0    0    0    0    0    0    0
   0    0    0    0    0    0    0    0
   0    0    0    0    0    0    0    0
   0    0    0    0  112    0    0    0
   0    0    0    0    0    0    0    0
   0    0    0    0    0    0    0    0
   0    0    0    0    0    0  -24    0
   0   -8    0    0    0    0    0    0
   0    0    0    0    0    0    0    0
   0    0    0    0    0    0    0    0
   0    0    0    0    0    0    0    0
   0    0    0    0  115    0    0    0
   0    0    0    0    0    0    0    0
   0    0    0    0    0    0    0    0
   0    0    0    0    0    0  -24    0
   0   -8    0    0    0    0    0    0
   0    0    0    0    0    0    0    0
   0    0    0    0    0    0    0    0
   0    0    0    0    0    0    0    0
   0    0    0    0  119    0    0    0
   0    0    0    0    0    0    0    0
   0    0    0    0    0    0    0    0
   0    0    0    0    0    0  -25    0
   0   -8    0    0    0    0    0    0
   0    0    0    0    0    0    0    0
   0    0    0    0    0    0    0    0
   0    0    0    0    0    0    0    0
   0    0    0    0  123    0    0    0
   0    0   -1    0    0    0    0    0
   0    0    0    0    0    0    0    0
   0    0    0    0    0    0  -26    0
   0   -7    0    0    0    0    0   -1
   0    0    0    0    0    0   -1    0
   0    0    0    0    0    0    0    0
   0    0    0    0    0   -1    0    0
   0    0    0    0  121    0    0    0
   0    0    0    0    0    0    0    0
   0    0    0    0    0    0    0    0
   0    0    0    0    0    0  -24    0
   0   -7    0    0    0    0    0   -1
   0    0    0    0    0    0   -1    0
   0    0    0    0    0    0    0    0
   0    0    0    0    0   -1    0    0
   0    0    0    0  122    0    0    0
   0    0    0    0    0    0    0    0
   0    0    0    0    0    0    0    0
   0    0    0    0    0    0  -24    0
   0   -7    0    0    0    0    0   -1
   0    0    0    0    0    0   -1    0
   0    0    0    0    0    0    0    0
   0    0    0    0    0   -1    0    0
   0    0    0    0  118    0    0    0
   0    0    0    0    0    0    0    0
   0    0    0    0    0    0    0    0
   0    0    0    0    0    0  -23    0
   0   -8    0    0    0    0    0    0
   0    0    0    0    0    0    0    0
   0    0    0    0    0    0    0    0
   0    0    0    0    0    0    0    0
   0    0    0    0  110    0    0    0
   0    0    0    0    0    0    0    0
   0    0    0    0    0    0    0    0
   0    0    0    0    0    0  -23    0
   0   -8    0    0    0    0    0    0
   0    0    0    0    0    0    0    0
   0    0    0    0    0    0    0    0
   0    0    0    0    0    0    0    0
   0    0    0    0  115    0    0    0
   0    0   -1    0    0    0    0    0
   0    0    0    0    0    0    0    0
   0    0    0    0    0    0  -25    0
   0   -8    0    0    0    0    0    0
   0    0    0    0    0    0    0    0
   0    0    0    0    0    0    0    0
   0    0    0    0    0    0    0    0
   0    0    0    0  109    0    0    0
   0    0   -1    0    0    0    0    0
   0    0    0    0    0    0    0    0
   0    0    0    0    0    0  -23    0
   0   -8    0    0    0    0    0    0
   0    0    0    0    0    0    0    0
   0    0    0    0    0    0    0    0
   0    0    0    0    0    0    0    0
   0    0    0    0  111    0    0    0
   0    0   -1    0    0    0    0    0
   0    0    0    0    0    0    0    0
   0    0    0    0    0    0  -24    0
   0   -8    0    0    0    0    0    0
   0    0    0    0    0    0    0    0
   0    0    0    0    0    0    0    0
   0    0    0    0    0    0    0    0
   0    0    0    0  111    0    0    0
   0    0   -1    0    0    0    0    0
   0    0    0    0    0    0    0    0
   0    0    0    0    0    0  -24    0
   0   -7    0    0    0    0    0    0
   0    0    0    0    0    0    0    0
   0    0    0    0    0    0    0    0
   0    0    0    0    0    0    0    0
   0    0    0    0  118    0    0    0
   0    0    0    0    0    0    0    0
   0    0    0    0    0    0    0    0
   0    0    0    0    0    0  -24    0
   0   -8    0    0    0    0    0    0
   0    0    0    0    0    0    0    0
   0    0    0    0    0    0    0    0
   0    0    0    0    0    0    0    0
   0    0    0    0  120    0    0    0
   0    0   -1    0    0    0    0    0
   0    0    0    0    0    0    0    0
   0    0    0    0    0    0  -26    0
   0   -7    0    0    0    0    0    0
   0    0    0    0    0    0    0    0
   0    0    0    0    0    0    0    0
   0    0    0    0    0    0    0    0
   0    0    0    0  122    0    0    0
   0    0    0    0    0    0    0    0
   0    0    0    0    0    0    0    0
   0    0    0    0    0    0  -25    0
   0   -7    0    0    0    0    0   -1
   0    0    0    0    0    0   -1    0
   0    0    0    0    0    0    0    0
   0    0    0    0    0   -1    0    0
   0    0    0    0  125    0    0    0
   0    0    0    0    0    0    0    0
   0    0    0    0    0    0    0    0
   0    0    0    0    0    0  -25    0
   0   -7    0    0    0    0    0   -1
   0    0    0    0    0    0   -1    0
   0    0    0    0    0    0    0    0
   0    0    0    0    0   -1    0    0
   0    0    0    0  125    0    0    0
   0    0    0    0    0    0    0    0
   0    0    0    0    0    0    0    0
   0    0    0    0    0    0  -25    0
   0   -7    0    0    0    0    0   -1
   0    0    0    0    0    0   -1    0
   0    0    0    0    0    0    0    0
   0    0    0    0    0   -1    0    0
   0    0    0    0  124    0    0    0
   0    0    0    0    0    0    0    0
   0    0    0    0    0    0    0    0
   0    0    0    0    0    0  -25    0
   0   -7    0    0    0    0    0   -1
   0    0    0    0    0    0   -1    0
   0    0    0    0    0    0    0    0
   0    0    0    0    0    0    0    0
   0    0    0    0  121    0    0    0
   0    0    0    0    0    0    0    0
   0    0    0    0    0    0    0    0
   0    0    0    0    0    0  -24    0
   0   -7    0    0    0    0    0   -1
   0    0    0    0    0    0   -1    0
   0    0    0    0    0    0    0    0
   0    0    0    0    0    0    0    0
   0    0    0    0  116    0    0    0
   0    0    0    0    0    0    0    0
   0    0    0    0    0    0    0    0
   0    0    0    0    0    0  -23    0
   0   -8    0    0    0    0    0    0
   0    0    0    0    0    0    0    0
   0    0    0    0    0    0    0    0
   0    0    0    0    0    0    0    0
   0    0    0    0  113    0    0    0
   0    0   -1    0    0    0    0    0
   0    0    0    0    0    0    0    0
   0    0    0    0    0    0  -24    0
   0   -8    0    0    0    0    0    0
   0    0    0    0    0    0    0    0
   0    0    0    0    0    0    0    0
   0    0    0    0    0    0    0    0
   0    0    0    0  113    0    0    0
   0    0   -1    0    0    0    0    0
   0    0    0    0    0    0    0    0
   0    0    0    0    0    0  -24    0
   0   -8    0    0    0    0    0    0
   0    0    0    0    0    0    0    0
   0    0    0    0    0    0    0    0
   0    0    0    0    0    0    0    0
   0    0    0    0  111    0    0    0
   0    0   -1    0    0    0    0    0
   0    0    0    0    0    0    0    0
   0    0    0    0    0    0  -24    0
   0   -8    0    0    0    0    0    0
   0    0    0    0    0    0    0    0
   0    0    0    0    0    0    0    0
   0    0    0    0    0    0    0    0
   0    0    0    0  121    0    0    0
   0    0   -1    0    0    0    0    0
   0    0    0    0    0    0    0    0
   0    0    0    0    0    0  -25    0
   0   -8    0    0    0    0    0    0
   0    0    0    0    0    0    0    0
   0    0    0    0    0    0    0    0
   0    0    0    0    0    0    0    0
   0    0    0    0  121    0    0    0
   0    0   -1    0    0    0    0    0
   0    0    0    0    0    0    0    0
   0    0    0    0    0    0  -26    0
   0   -7    0    0    0    0    0   -1
   0    0    0    0    0    0   -1    0
   0    0    0    0    0    0    0    0
   0    0    0    0    0   -1    0    0
   0    0    0    0  125    0    0    0
   0    0    0    0    0    0    0    0
   0    0    0    0    0    0    0    0
   0    0    0    0    0    0  -25    0
   0   -7    0    0    0    0    0   -1
   0    0    0    0    0    0   -1    0
   0    0    0    0    0    0    0    0
   0    0    0    0    0   -1    0    0
   0    0    0    0  125    0    0    0
   0    0    0    0    0    0    0    0
   0    0    0    0    0    0    0    0
   0    0    0    0    0    0  -25    0
   0   -7    0    0    0    0    0   -1
   0    0    0    0    0    0   -1    0
   0    0    0    0    0    0    0    0
   0    0    0    0    0   -1    0    0
   0    0    0    0  125    0    0    0
   0    0    0    0    0    0    0    0
   0    0    0    0    0    0    0    0
   0    0    0    0    0    0  -25    0
   0   -7    0    0    0    0    0   -1
   0    0    0    0    0    0   -1    0
   0    0    0    0    0    0    0    0
   0    0    0    0    0   -1    0    0
   0    0    0    0  125    0    0    0
   0    0    0    0    0    0    0    0
   0    0    0    0    0    0    0    0
   0    0    0    0    0    0  -25    0
   0   -7    0    0    0    0    0   -1
   0    0    0    0    0    0   -1    0
   0    0    0    0    0    0    0    0
   0    0    0    0    0   -1    0    0
   0    0    0    0  125    0    0    0
   0    0    0    0    0    0    0    0
   0    0    0    0    0    0    0    0
   0    0    0    0    0    0  -25    0
   0   -7    0    0    0    0    0   -1
   0    0    0    0    0    0   -1    0
   0    0    0    0    0    0    0    0
   0    0    0    0    0   -1    0    0
   0    0    0    0  121    0    0    0
   0    0    0    0    0    0    0    0
   0    0    0    0    0    0    0    0
   0    0    0    0    0    0  -24    0
   0   -7    0    0    0    0    0   -1
   0    0    0    0    0    0   -1    0
   0    0    0    0    0    0    0    0
   0    0    0    0    0    0    0    0
   0    0    0    0  118    0    0    0
   0    0    0    0    0    0    0    0
   0    0    0    0    0    0    0    0
   0    0    0    0    0    0  -23    0
   0   -7    0    0    0    0    0    0
   0    0    0    0    0    0    0    0
   0    0    0    0    0    0    0    0
   0    0    0    0    0    0    0    0
   0    0    0    0  113    0    0    0
   0    0    0    0    0    0    0    0
   0    0    0    0    0    0    0    0
   0    0    0    0    0    0  -23    0
   0   -8    0    0    0    0    0    0
   0    0    0    0    0    0    0    0
   0    0    0    0    0    0    0    0
   0    0    0    0    0    0    0    0
   0    0    0    0  110    0    0    0
   0    0   -1    0    0    0    0    0
   0    0    0    0    0    0    0    0
   0    0    0    0    0    0  -24    0
   0   -8    0    0    0    0    0    0
   0    0    0    0    0    0    0    0
   0    0    0    0    0    0    0    0
   0    0    0    0    0    0    0    0
   0    0    0    0  113    0    0    0
   0    0   -1    0    0    0    0    0
   0    0    0    0    0    0    0    0
   0    0    0    0    0    0  -24    0
   0   -7    0    0    0    0    0    0
   0    0    0    0    0    0    0    0
   0    0    0    0    0    0    0    0
   0    0    0    0    0    0    0    0
   0    0    0    0  123    0    0    0
   0    0    0    0    0    0    0    0
   0    0    0    0    0    0    0    0
   0    0    0    0    0    0  -25    0
   0   -7    0    0    0    0    0   -1
   0    0    0    0    0    0   -1    0
   0    0    0    0    0    0    0    0
   0    0    0    0    0   -1    0    0
   0    0    0    0  125    0    0    0
   0    0    0    0    0    0    0    0
   0    0    0    0    0    0    0    0
   0    0    0    0    0    0  -25    0
   0   -7    0    0    0    0    0   -1
   0    0    0    0    0    0   -1    0
   0    0    0    0    0    0    0    0
   0    0    0    0    0   -1    0    0
   0    0    0    0  125    0    0    0
   0    0    0    0    0    0    0    0
   0    0    0    0    0    0    0    0
   0    0    0    0    0    0  -25    0
   0   -7    0    0    0    0    0   -1
   0    0    0    0    0    0   -1    0
   0    0    0    0    0    0    0    0
   0    0    0    0    0   -1    0    0
   0    0    0    0  125    0    0    0
   0    0    0    0    0    0    0    0
   0    0    0    0    0    0    0    0
   0    0    0    0    0    0  -25    0
   0   -7    0    0    0    0    0   -1
   0    0    0    0    0    0   -1    0
   0    0    0    0    0    0    0    0
   0    0    0    0    0   -1    0    0
   0    0    0    0  127    0    0    0
   0    0    0    0    0    0    0    0
   0    0    0    0    0    0    0    0
   0    0    0    0    0    0  -25    0
   0   -7    0    0    0    0    0   -1
   0    0    0    0    0    0   -1    0
   0    0    0    0    0    0    0    0
   0    0    0    0    0   -1    0    0
   0    0    0    0  125    0    0    0
   0    0    0    0    0    0    0    0
   0    0    0    0    0    0    0    0
   0    0    0    0    0    0  -25    0
   0   -7    0    0    0    0    0   -1
   0    0    0    0    0    0   -1    0
   0    0    0    0    0    0    0    0
   0    0    0    0    0   -1    0    0
   0    0    0    0  125    0    0    0
   0    0    0    0    0    0    0    0
   0    0    0    0    0    0    0    0
   0    0    0    0    0    0  -25    0
   0   -7    0    0    0    0    0   -1
   0    0    0    0    0    0   -1    0
   0    0    0    0    0    0    0    0
   0    0    0    0    0   -1    0    0
   0    0    0    0  121    0    0    0
   0    0    0    0    0    0    0    0
   0    0    0    0    0    0    0    0
   0    0    0    0    0    0  -24    0
   0   -7    0    0    0    0    0   -1
   0    0    0    0    0    0   -1    0
   0    0    0    0    0    0    0    0
   0    0    0    0    0    0    0    0
   0    0    0    0  117    0    0    0
   0    0    0    0    0    0    0    0
   0    0    0    0    0    0    0    0
   0    0    0    0    0    0  -23    0
   0   -7    0    0    0    0    0    0
   0    0    0    0    0    0    0    0
   0    0    0    0    0    0    0    0
   0    0    0    0    0    0    0    0
   0    0    0    0  118    0    0    0
   0    0    0    0    0    0    0    0
   0    0    0    0    0    0    0    0
   0    0    0    0    0    0  -24    0
   0   -8    0    0    0    0    0    0
   0    0    0    0    0    0    0    0
   0    0    0    0    0    0    0    0
   0    0    0    0    0    0    0    0
   0    0    0    0  116    0    0    0
   0    0   -1    0    0    0    0    0
   0    0    0    0    0    0    0    0
   0    0    0    0    0    0  -24    0
   0   -8    0    0    0    0    0    0
   0    0    0    0    0    0    0    0
   0    0    0    0    0    0    0    0
   0    0    0    0    0    0    0    0
   0    0    0    0  109    0    0    0
   0    0   -1    0    0    0    0    0
   0    0    0    0    0    0    0    0
   0    0    0    0    0    0  -23    0
   0   -7    0    0    0    0    0   -1
   0    0    0    0    0    0   -1    0
   0    0    0    0    0    0    0    0
   0    0    0    0    0   -1    0    0
   0    0    0    0  123    0    0    0
   0    0    0    0    0    0    0    0
   0    0    0    0    0    0    0    0
   0    0    0    0    0    0  -24    0
   0   -7    0    0    0    0    0   -1
   0    0    0    0    0    0   -1    0
   0    0    0    0    0    0    0    0
   0    0    0    0    0   -1    0    0
   0    0    0    0  126    0    0    0
   0    0    0    0    0    0    0    0
   0    0    0    0    0    0    0    0
   0    0    0    0    0    0  -25    0
   0   -7    0    0    0    0    0   -1
   0    0    0    0    0    0   -1    0
   0    0    0    0    0    0    0    0
   0    0    0    0    0   -1    0    0
   0    0    0    0  123    0    0    0
   0    0    0    0    0    0    0    0
   0    0    0    0    0    0    0    0
   0    0    0    0    0    0  -24    0
   0   -7    0    0    0    0    0   -1
   0    0    0    0    0    0   -1    0
   0    0    0    0    0    0    0    0
   0    0    0    0    0   -1    0    0
   0    0    0    0  125    0    0    0
   0    0    0    0    0    0    0    0
   0    0    0    0    0    0    0    0
   0    0    0    0    0    0  -25    0
   0   -7    0    0    0    0    0   -1
   0    0    0    0    0    0   -1    0
   0    0    0    0    0    0    0    0
   0    0    0    0    0   -1    0    0
   0    0    0    0  125    0    0    0
   0    0    0    0    0    0    0    0
   0    0    0    0    0    0    0    0
   0    0    0    0    0    0  -25    0
   0   -7    0    0    0    0    0   -1
   0    0    0    0    0    0   -1    0
   0    0    0    0    0    0    0    0
   0    0    0    0    0   -1    0    0
   0    0    0    0  126    0    0    0
   0    0    0    0    0    0    0    0
   0    0    0    0    0    0    0    0
   0    0    0    0    0    0  -25    0
   0   -7    0    0    0    0    0   -1
   0    0    0    0    0    0   -1    0
   0    0    0    0    0    0    0    0
   0    0    0    0    0   -1    0    0
   0    0    0    0  123    0    0    0
   0    0    0    0    0    0    0    0
   0    0    0    0    0    0    0    0
   0    0    0    0    0    0  -24    0
   0   -7    0    0    0    0    0   -1
   0    0    0    0    0    0   -1    0
   0    0    0    0    0    0    0    0
   0    0    0    0    0   -1    0    0
   0    0    0    0  119    0    0    0
   0    0    0    0    0    0    0    0
   0    0    0    0    0    0    0    0
   0    0    0    0    0    0  -24    0
   0   -7    0    0    0    0    0   -1
   0    0    0    0    0    0   -1    0
   0    0    0    0    0    0    0    0
   0    0    0    0    0    0    0    0
   0    0    0    0  119    0    0    0
   0    0    0    0    0    0    0    0
   0    0    0    0    0    0    0    0
   0    0    0    0    0    0  -24    0
   0   -7    0    0    0    0    0   -1
   0    0    0    0    0    0   -1    0
   0    0    0    0    0    0    0    0
   0    0    0    0    0   -1    0    0
   0    0    0    0  118    0    0    0
   0    0    0    0    0    0    0    0
   0    0    0    0    0    0    0    0
   0    0    0    0    0    0  -23    0
   0   -7    0    0    0    0    0    0
   0    0    0    0    0    0    0    0
   0    0    0    0    0    0    0    0
   0    0    0    0    0    0    0    0
   0    0    0    0  116    0    0    0
   0    0    0    0    0    0    0    0
   0    0    0    0    0    0    0    0
   0    0    0    0    0    0  -23    0
   0   -8    0    0    0    0    0    0
   0    0    0    0    0    0    0    0
   0    0    0    0    0    0    0    0
   0    0    0    0    0    0    0    0
   0    0    0    0  115    0    0    0
   0    0   -1    0    0    0    0    0
   0    0    0    0    0    0    0    0
   0    0    0    0    0    0  -24    0
