Shape: torch.Size([1, 144, 64])
Range: [-116, 127]
Mean: 2.8305

量化值陣列:
 -18   -1   95  -62   58   18   51   -6
  24   37  107  -67   19   20   28   44
  71   10   56   -8 -109   39   -2   -8
   2  -33  122  -11  -55  -33  -21   78
  30  -70  -46  -22  -62  -17  -70   61
  17  -71   -9   33   -3   21  -82   11
 -66   49    6    1   20    9  -23  -21
  25   66  -93   26  -75  -20   20   92
 -17   -2   97  -61   56   18   49   -5
  24   37  106  -67   17   19   28   43
  69    9   59   -9 -108   41   -1   -6
   5  -31  123  -15  -55  -33  -21   79
  31  -69  -45  -21  -63  -16  -68   61
  16  -72  -13   32   -6   21  -83   10
 -65   47    9    2   17   11  -23  -19
  22   66  -98   23  -75  -25   23   93
 -17   -3   99  -60   55   18   49   -4
  25   38  106  -67   16   18   28   42
  68    7   61  -12 -108   42   -1   -4
   6  -30  124  -17  -55  -35  -20   80
  32  -70  -43  -21  -64  -14  -67   63
  16  -73  -16   33   -7   22  -84   11
 -64   48   10    3   16   12  -24  -19
  20   67 -100   22  -75  -27   25   93
 -17   -2   97  -60   56   18   50   -5
  24   38  105  -67   17   19   28   43
  69    8   59  -10 -108   41   -2   -5
   6  -31  123  -16  -55  -33  -21   80
  32  -69  -44  -22  -63  -16  -68   61
  16  -72  -13   33   -6   21  -83   11
 -65   47    9    2   17   11  -23  -19
  22   67  -98   23  -75  -26   23   93
 -17   -3  101  -57   56   17   48   -3
  28   39  106  -67   16   16   31   42
  67    4   61  -14 -107   45    0   -3
   6  -31  123  -19  -55  -37  -19   79
  33  -70  -42  -23  -62  -12  -63   65
  14  -74  -19   35   -8   24  -84   11
 -64   50   11    5   16   13  -26  -19
  18   66  -99   20  -74  -27   24   93
 -18   -3  100  -59   55   17   47   -2
  23   37  107  -66   16   16   33   43
  67    7   64  -11 -108   43    1   -4
   5  -30  124  -19  -55  -36  -20   77
  32  -68  -44  -22  -64  -15  -65   64
  16  -76  -18   32   -6   21  -83   11
 -65   46   11    5   15   13  -27  -19
  18   65 -102   19  -75  -28   26   94
 -17   -2   98  -60   55   18   48   -3
  22   38  107  -66   16   18   31   44
  68    8   63   -9 -108   42    0   -4
   5  -30  125  -17  -55  -34  -21   78
  32  -68  -44  -21  -64  -16  -66   63
  16  -75  -15   31   -6   21  -82   10
 -65   46   10    4   16   12  -26  -19
  20   66 -101   21  -75  -27   26   94
 -17   -2   99  -60   55   17   48   -2
  22   38  107  -66   16   17   31   43
  67    7   64  -10 -108   43    1   -4
   5  -29  125  -18  -54  -35  -21   77
  32  -68  -44  -21  -65  -15  -65   63
  16  -75  -17   31   -6   21  -83   10
 -65   46   11    4   15   12  -27  -19
  19   65 -103   20  -75  -28   26   95
 -17   -2   99  -59   55   17   48   -2
  22   38  108  -66   16   17   32   44
  67    8   64   -9 -109   43    1   -4
   4  -29  125  -18  -55  -35  -21   77
  32  -68  -44  -21  -65  -15  -65   64
  16  -76  -17   31   -6   20  -82   10
 -65   46   11    4   16   12  -27  -20
  19   65 -103   20  -75  -27   26   95
 -17   -4  101  -56   54   17   47   -1
  24   38  106  -65   15   15   34   42
  65    5   66  -15 -107   45    2   -2
   6  -30  124  -22  -55  -36  -20   78
  34  -67  -41  -22  -64  -13  -62   65
  14  -77  -22   32   -8   22  -83   11
 -63   46   14    8   13   14  -27  -17
  16   65 -105   17  -74  -31   28   94
 -17   -4  103  -54   54   16   46    0
  25   39  107  -66   13   13   34   42
  63    3   67  -16 -107   46    4    0
   8  -28  125  -25  -54  -37  -20   78
  35  -67  -41  -22  -65  -12  -59   67
  13  -78  -25   32   -9   23  -83   11
 -62   46   15    8   12   16  -28  -18
  13   64 -107   15  -74  -32   29   94
 -17   -4  103  -56   52   17   45    0
  22   38  108  -65   14   14   35   43
  64    6   69  -14 -107   46    4   -1
   7  -27  126  -24  -54  -36  -20   77
  34  -66  -42  -20  -67  -13  -61   65
  15  -79  -24   31   -8   21  -83   11
 -63   43   15    8   12   15  -28  -17
  14   64 -109   15  -75  -33   32   95
 -20   -2  102  -55   56   14   48   -1
  21   42  108  -66   12   13   37   44
  64    0   68  -13 -109   49    3    0
  10  -27  126  -24  -53  -38  -20   75
  34  -65  -42  -28  -63  -12  -61   69
  13  -82  -25   33   -7   23  -85    8
 -63   48   13    7   14   15  -30  -22
  12   62 -108   14  -75  -29   25   96
 -19   -4  104  -56   55   15   48    0
  23   42  108  -67   12   14   34   43
  64    1   68  -13 -109   47    2    0
  10  -27  127  -24  -52  -38  -20   77
  33  -67  -42  -25  -64  -12  -61   68
  13  -80  -24   33   -7   23  -85    8
 -63   48   14    7   14   15  -29  -20
  12   64 -109   15  -75  -31   27   96
 -18   -3  100  -57   54   17   47   -1
  22   38  107  -65   15   15   34   43
  66    6   66  -12 -108   45    2   -2
   6  -29  124  -21  -54  -36  -20   77
  33  -66  -43  -23  -64  -14  -63   65
  15  -78  -20   32   -7   21  -83   10
 -64   46   12    6   15   14  -27  -19
  16   64 -104   17  -75  -29   28   94
 -18   -5  107  -52   54   15   46    1
  28   42  107  -67   11   11   36   41
  62   -1   68  -18 -107   50    4    1
  10  -27  125  -28  -52  -39  -18   77
  35  -67  -40  -26  -63   -9  -56   71
  11  -81  -29   35   -9   26  -85   10
 -61   49   16   10   12   17  -29  -19
   9   63 -108   12  -74  -33   28   94
 -18   -2   99  -59   54   17   47   -1
  17   36  108  -64   16   17   35   45
  66    9   68   -9 -108   43    2   -4
   5  -29  125  -19  -55  -34  -22   76
  32  -64  -45  -21  -66  -17  -66   63
  17  -80  -18   29   -6   19  -82    9
 -65   43   12    6   14   13  -28  -19
  17   64 -107   18  -76  -30   30   96
 -18   -6  106  -51   52   16   44    3
  26   39  108  -65   12   10   38   41
  60    1   72  -19 -106   49    7    2
   9  -26  125  -30  -53  -39  -18   77
  36  -66  -39  -22  -66  -10  -54   69
  12  -81  -30   32   -9   24  -83   11
 -60   45   18   11    9   18  -30  -17
   9   62 -111   10  -74  -36   34   95
 -18   -4  103  -55   53   16   45    1
  21   38  108  -65   13   13   38   43
  63    4   71  -14 -107   47    5    0
   7  -27  125  -26  -54  -37  -20   76
  34  -64  -42  -23  -66  -13  -59   67
  14  -82  -26   31   -8   22  -83   10
 -62   44   16    9   11   16  -30  -18
  12   62 -111   13  -75  -33   32   96
 -18   -4  103  -54   53   16   45    0
  23   38  108  -65   13   13   38   43
  63    3   69  -15 -107   47    5    0
   8  -28  125  -26  -54  -37  -20   77
  35  -65  -41  -24  -65  -12  -59   67
  13  -82  -25   31   -8   23  -83   10
 -62   45   15    9   12   16  -29  -18
  12   62 -109   13  -74  -32   31   95
 -19   -5  104  -52   52   15   44    2
  22   38  108  -64   12   11   41   43
  61    3   72  -17 -107   49    7    1
   8  -27  125  -29  -53  -38  -19   76
  35  -63  -41  -24  -66  -12  -56   68
  13  -84  -29   31   -8   23  -83   10
 -61   43   17   11   10   17  -30  -18
   9   61 -112   11  -74  -34   33   95
 -19   -5  104  -53   53   15   44    2
  22   39  108  -64   12   11   40   43
  61    2   72  -16 -107   49    7    0
   8  -27  125  -28  -53  -38  -19   75
  35  -64  -41  -24  -65  -12  -57   69
  13  -84  -29   31   -8   23  -83   10
 -61   45   17   11   10   17  -30  -18
  10   61 -111   11  -74  -33   32   96
 -19   -5  105  -52   53   15   44    2
  23   39  108  -65   12   11   39   43
  61    1   72  -17 -107   49    7    1
  10  -26  125  -29  -53  -38  -19   76
  35  -64  -40  -24  -66  -11  -56   69
  12  -83  -29   31   -8   24  -83   10
 -61   45   17   11   10   18  -30  -18
   9   61 -112   11  -74  -34   32   95
 -19   -5  105  -53   53   14   44    3
  21   41  109  -65   11   11   40   44
  61    1   73  -15 -108   50    7    2
  10  -25  126  -29  -52  -39  -20   75
  35  -64  -41  -24  -66  -11  -56   70
  13  -84  -30   31   -8   24  -83    9
 -62   45   17   10   10   18  -32  -20
   8   60 -114   10  -75  -34   32   97
 -21   -4  105  -53   54   13   45    3
  19   41  110  -65   11   10   42   45
  61    0   73  -13 -108   50    8    1
  10  -25  126  -28  -51  -39  -20   73
  34  -63  -42  -27  -65  -12  -57   71
  13  -87  -29   31   -6   23  -84    8
 -61   46   16   10   11   17  -32  -21
   7   59 -115   10  -75  -32   31   97
 -19   -5  106  -53   53   14   45    2
  22   41  108  -66   11   11   38   43
  61    1   72  -16 -108   50    6    2
  11  -25  126  -29  -52  -38  -19   76
  35  -65  -41  -25  -66  -11  -57   70
  12  -83  -30   32   -8   24  -84    9
 -61   45   17   10   10   18  -30  -19
   8   62 -113   11  -75  -35   32   96
 -20   -3  103  -54   54   15   45    1
  20   39  108  -64   13   12   40   44
  63    2   70  -15 -108   48    5    0
   8  -27  125  -26  -54  -37  -20   75
  34  -63  -41  -26  -65  -13  -59   68
  13  -84  -26   31   -7   22  -83    9
 -62   45   15   10   12   16  -30  -19
  11   61 -110   12  -75  -32   30   95
 -19   -4  104  -53   53   14   44    2
  20   40  108  -64   12   11   40   43
  61    2   73  -14 -107   50    7    1
   9  -25  126  -28  -53  -38  -20   75
  35  -64  -41  -24  -66  -12  -57   69
  13  -84  -29   31   -8   22  -83    9
 -62   44   17   11   10   17  -32  -19
   9   61 -114   10  -75  -34   32   97
 -19   -5  104  -51   52   15   43    2
  21   37  108  -63   13   10   41   43
  61    3   73  -18 -107   49    8    1
   8  -27  125  -30  -54  -37  -20   76
  36  -62  -40  -24  -66  -12  -55   68
  12  -85  -29   30   -9   23  -82   11
 -61   42   18   13    9   18  -30  -17
   9   61 -112   10  -74  -35   34   95
 -19   -4  103  -54   53   14   44    2
  20   39  109  -64   13   11   40   44
  62    3   72  -13 -108   49    7    0
   8  -26  126  -27  -53  -38  -21   74
  34  -64  -42  -24  -66  -13  -58   68
  14  -84  -27   30   -8   22  -83    9
 -63   43   16   10   11   16  -32  -19
  11   61 -112   11  -75  -33   32   97
 -20   -2   99  -55   55   15   46   -1
  20   38  108  -64   14   13   40   45
  65    4   67  -12 -108   47    4   -2
   6  -29  124  -23  -54  -36  -21   75
  34  -63  -43  -26  -63  -14  -61   67
  13  -82  -22   31   -7   22  -83    9
 -64   46   13    9   14   14  -29  -21
  14   61 -106   15  -75  -28   26   95
 -19    0   96  -58   55   17   45    0
  14   32  110  -62   18   16   41   48
  66   14   67   -7 -109   42    6   -6
   0  -30  123  -18  -56  -33  -23   73
  31  -63  -47  -21  -66  -20  -65   63
  18  -82  -14   27   -3   18  -79   10
 -65   39   10    7   14   12  -29  -20
  18   61 -104   18  -77  -26   29   95
 -19   -4  104  -54   53   15   44    2
  21   39  109  -65   12   11   40   44
  62    3   72  -15 -108   49    7    0
   8  -26  126  -28  -53  -38  -20   75
  34  -64  -42  -24  -66  -12  -57   69
  14  -84  -28   31   -7   23  -83   10
 -62   44   16   10   11   17  -31  -19
  10   61 -112   11  -75  -33   32   96
 -19   -3  102  -54   53   15   44    1
  20   37  108  -63   14   12   41   44
  63    4   71  -15 -107   48    7    0
   6  -28  124  -26  -55  -37  -20   75
  35  -62  -41  -25  -65  -13  -58   67
  13  -84  -26   30   -8   22  -82   10
 -62   43   16   11   11   16  -30  -18
  12   61 -110   12  -75  -32   31   95
 -19   -4  104  -52   53   15   44    2
  21   38  108  -64   12   10   42   44
  61    2   73  -17 -107   50    8    1
   8  -27  125  -29  -54  -38  -20   75
  36  -62  -40  -25  -65  -12  -56   70
  12  -86  -29   31   -8   23  -83   10
 -61   44   17   12   10   18  -31  -18
   8   61 -113   10  -75  -34   32   95
 -19   -4  103  -54   52   15   43    3
  18   37  109  -63   13   11   42   44
  61    5   74  -14 -108   49    8    0
   7  -26  126  -28  -54  -38  -21   74
  34  -62  -42  -23  -67  -13  -57   68
  14  -86  -28   29   -8   21  -82   10
 -62   41   17   12   10   17  -32  -18
   9   60 -114   10  -75  -34   35   97
 -20   -3  104  -53   56   14   47    0
  24   41  109  -66   12   11   39   44
  63    0   67  -16 -108   49    5    0
   8  -28  124  -26  -52  -39  -18   75
  34  -65  -41  -28  -63  -10  -59   71
  12  -83  -26   34   -6   25  -84   10
 -61   49   14    9   14   16  -29  -22
  11   61 -106   14  -74  -28   26   95
 -20   -3  104  -52   56   14   46    0
  24   41  108  -65   12   11   39   43
  63    0   67  -17 -108   49    5    0
   8  -28  124  -27  -53  -38  -19   76
  35  -65  -41  -28  -63  -11  -58   71
  11  -83  -26   34   -7   25  -84   10
 -61   48   14   10   13   16  -30  -21
  10   61 -107   13  -74  -29   26   94
 -20   -4  106  -51   54   14   44    2
  23   41  109  -65   11    9   41   43
  61    0   72  -18 -108   51    8    2
  10  -26  125  -31  -52  -39  -18   75
  36  -63  -40  -27  -65  -10  -55   71
  12  -85  -31   32   -8   25  -84   10
 -61   46   18   11   10   18  -30  -20
   8   60 -112   10  -74  -33   30   96
 -19   -3  103  -54   54   15   45    0
  21   39  108  -65   13   12   39   44
  63    2   69  -14 -108   48    5    0
   8  -27  125  -26  -53  -37  -20   76
  35  -64  -42  -25  -64  -12  -59   69
  12  -83  -26   32   -8   23  -83    9
 -62   45   15   10   12   16  -30  -20
  11   62 -110   12  -75  -31   29   95
 -19   -3  102  -55   54   15   45    1
  18   38  109  -64   14   12   41   45
  63    5   71  -12 -108   48    7   -1
   6  -27  125  -25  -54  -38  -21   74
  33  -64  -43  -24  -65  -14  -60   68
  14  -84  -24   30   -7   21  -83    9
 -63   44   14    9   12   15  -32  -19
  12   61 -111   13  -75  -31   31   97
 -19   -3  103  -53   54   16   45    0
  22   37  108  -64   14   12   39   44
  63    4   69  -17 -107   48    6    0
   7  -29  124  -27  -54  -36  -19   76
  35  -63  -41  -25  -65  -13  -58   68
  13  -83  -25   32   -7   23  -83   11
 -61   45   16   10   12   16  -28  -19
  12   62 -107   13  -74  -31   30   94
 -24    5   88  -61   63   16   52  -10
  19   34  108  -63   23   18   38   49
  74   10   47   -4 -109   40    0  -14
  -6  -38  115   -4  -55  -32  -19   69
  28  -66  -50  -31  -53  -20  -73   63
  18  -75    0   34    1   20  -81    9
 -67   53   -2    0   28    3  -23  -29
  29   60  -79   31  -73   -4    6   90
 -28   -4  112  -49   65    8   58   -6
  34   59  106  -74    6    9   31   41
  67  -21   55  -21 -110   56   -3    1
  20  -30  123  -26  -44  -42  -11   77
  35  -69  -39  -47  -53   -2  -61   79
   5  -83  -31   48   -3   34  -92    4
 -56   71    8    3   22   14  -25  -31
   4   61  -98   19  -72  -18    5   93
 -22    1   93  -56   55   17   43   -1
  12   28  111  -58   21   14   48   50
  67   15   66  -10 -109   44    8   -9
  -4  -35  120  -18  -60  -31  -22   72
  33  -58  -46  -26  -64  -21  -64   62
  18  -87  -13   27   -3   17  -79   12
 -66   39   10   11   14   10  -28  -19
  20   59 -101   19  -76  -22   28   93
 -18   -3  101  -55   54   17   45    0
  19   37  109  -64   14   14   38   44
  64    7   70  -13 -108   46    5   -1
   6  -28  125  -24  -54  -36  -21   76
  33  -64  -43  -22  -66  -15  -61   66
  15  -82  -22   30   -7   21  -82   10
 -63   42   14    9   12   16  -29  -19
  13   62 -109   14  -75  -31   31   95
 -19   -4  103  -55   54   15   45    1
  21   38  109  -65   13   12   39   44
  63    4   70  -13 -108   47    6    0
   6  -27  125  -25  -54  -38  -20   75
  33  -65  -42  -24  -65  -13  -59   68
  14  -83  -25   31   -7   23  -83   10
 -62   45   14    9   13   16  -30  -20
  12   61 -109   13  -75  -31   30   95
 -18   -2   98  -58   53   16   45    0
  16   35  108  -63   16   15   38   46
  65   10   69   -9 -108   44    5   -3
   4  -28  125  -20  -55  -34  -23   75
  32  -63  -45  -21  -66  -17  -64   63
  17  -81  -18   28   -6   18  -82    9
 -65   41   13    7   13   13  -29  -19
  17   62 -108   16  -76  -30   31   96
 -22   -3  105  -51   56   12   46    0
  20   43  108  -65   10    9   42   45
  62   -2   70  -16 -109   51    6    1
  12  -27  125  -29  -51  -38  -19   75
  36  -61  -41  -31  -62  -11  -57   72
  10  -88  -30   33   -7   25  -84    7
 -61   48   16   11   12   17  -31  -23
   6   59 -111   10  -75  -30   26   95
 -20   -1  101  -57   58   15   48   -2
  22   40  109  -66   15   14   37   45
  66    3   64  -11 -109   47    3   -3
   5  -29  124  -20  -53  -37  -20   74
  32  -67  -44  -27  -62  -14  -64   68
  14  -80  -19   33   -4   23  -84    9
 -64   49   10    6   17   13  -29  -23
  16   62 -102   18  -75  -24   22   95
 -20   -2  103  -53   56   14   47    0
  21   41  108  -65   12   12   38   44
  63    1   68  -14 -109   49    4    0
   9  -27  126  -26  -52  -37  -20   75
  34  -64  -42  -27  -64  -12  -59   70
  12  -84  -25   32   -7   24  -83    8
 -62   47   14    9   13   16  -30  -22
  10   62 -109   13  -75  -30   26   95
 -20   -3  101  -54   54   16   45    0
  20   36  108  -64   14   13   40   45
  64    5   68  -14 -107   46    5   -2
   6  -29  124  -24  -54  -36  -20   75
  33  -63  -43  -25  -64  -14  -61   67
  14  -83  -22   31   -7   22  -83   10
 -62   44   14    9   13   15  -29  -19
  12   61 -107   14  -75  -29   29   94
 -20   -2  100  -56   54   16   45    0
  18   36  109  -63   15   13   40   45
  64    7   69  -12 -109   46    5   -2
   4  -29  124  -23  -55  -36  -21   74
  33  -63  -44  -24  -65  -15  -62   66
  15  -83  -21   30   -6   20  -82   10
 -64   43   13    8   13   14  -29  -20
  15   62 -107   15  -75  -29   29   95
 -20   -1  100  -57   57   14   48   -2
  19   40  108  -65   14   14   38   45
  66    3   65  -10 -109   47    3   -2
   7  -28  125  -21  -53  -37  -21   74
  32  -65  -44  -27  -63  -14  -63   68
  14  -82  -20   32   -5   22  -84    8
 -64   48   11    6   16   13  -29  -23
  15   62 -105   16  -75  -25   23   96
 -31    7   78  -60   76   11   69  -29
  34   44   99  -68   28   20   26   45
  86   -6   14   -9 -103   41  -16  -25
  -6  -52  101   11  -55  -33   -9   68
  30  -71  -43  -57  -30  -12  -83   61
  13  -64   12   53    5   26  -89   11
 -64   81  -21   -8   46  -11  -11  -35
  42   62  -42   52  -64   26  -30   81
 -30    9   73  -66   71   12   65  -27
  19   38  103  -66   29   26   24   50
  86    9   24   -3 -107   36  -13  -26
  -7  -50  105   10  -58  -26  -16   70
  29  -67  -48  -48  -42  -23  -87   50
  21  -66   16   43    8   18  -83   11
 -68   67  -17   -9   37  -11  -10  -32
  49   63  -52   53  -70   19  -16   85
 -25   -8  110  -42   54    8   44    3
  25   44  106  -65    5    4   46   44
  58  -11   73  -27 -105   56    9    6
  21  -27  122  -41  -48  -39  -14   77
  41  -56  -35  -38  -60   -6  -48   74
   5  -93  -43   36   -9   31  -86    8
 -54   52   22   15    5   21  -28  -21
  -2   54 -116    5  -73  -35   28   93
 -18   -2  101  -55   55   16   46    0
  20   38  108  -64   13   13   37   44
  64    5   69  -13 -108   47    4   -1
   8  -28  126  -24  -54  -36  -21   76
  34  -64  -42  -24  -65  -14  -61   67
  13  -82  -23   31   -8   21  -82    9
 -63   44   14    9   12   16  -29  -19
  12   63 -109   14  -76  -32   29   95
 -19   -3  101  -56   55   16   46    0
  21   38  108  -65   14   13   38   44
  64    4   67  -13 -108   47    4   -2
   6  -29  125  -23  -54  -37  -20   75
  33  -65  -42  -24  -64  -14  -61   67
  14  -81  -22   32   -7   22  -83   10
 -63   45   13    8   14   14  -29  -19
  14   63 -106   15  -75  -29   28   95
 -19   -3  103  -54   55   15   46    0
  23   39  108  -65   13   12   38   43
  63    2   68  -15 -108   48    5    0
   7  -28  125  -26  -54  -38  -19   76
  34  -65  -41  -25  -64  -12  -58   69
  13  -82  -25   32   -8   23  -83   10
 -62   46   15    9   13   16  -30  -19
  11   62 -108   13  -74  -31   28   95
 -21    0   99  -57   59   15   50   -4
  24   40  108  -66   16   15   35   44
  68    3   59  -10 -109   45    1   -4
   4  -31  122  -17  -53  -37  -19   74
  31  -68  -45  -28  -60  -13  -66   68
  14  -78  -15   35   -3   24  -84    9
 -64   52    7    3   20   11  -27  -25
  18   62  -96   21  -74  -19   18   94
 -21    3   91  -62   63   17   55  -12
  23   38  105  -66   20   22   27   46
  75    8   47   -6 -110   39   -6  -12
   1  -37  120   -6  -55  -31  -21   77
  30  -69  -47  -30  -56  -18  -75   60
  16  -70   -2   36   -1   21  -83    9
 -67   54    0   -1   25    5  -20  -26
  29   66  -83   31  -75  -11    8   90
 -21    1   94  -60   62   17   54  -10
  25   39  105  -67   19   20   28   45
  73    6   48   -9 -109   40   -5  -10
   2  -36  119   -8  -54  -32  -19   77
  30  -69  -46  -29  -56  -16  -73   63
  15  -71   -5   37   -2   23  -83   10
 -65   54    2    0   25    7  -20  -25
  26   65  -85   29  -73  -13   10   90
 -20    0   99  -56   58   17   48   -2
  21   37  109  -65   16   15   38   45
  67    6   61  -11 -109   44    2   -4
   3  -31  123  -18  -54  -35  -20   74
  32  -66  -45  -27  -62  -15  -64   67
  14  -80  -16   32   -4   23  -82   10
 -63   48    9    6   18   13  -27  -23
  16   62  -99   19  -74  -22   22   93
 -21   -1  100  -55   59   16   50   -4
  25   39  107  -66   15   14   36   44
  68    2   59  -14 -108   45    0   -4
   6  -32  122  -19  -53  -36  -19   76
  33  -66  -43  -29  -59  -13  -65   68
  12  -79  -17   35   -5   24  -84    9
 -62   51    9    6   19   13  -26  -23
  15   63  -98   19  -74  -22   19   92
 -22   -1  103  -51   59   13   49   -2
  26   43  107  -66   12   11   39   44
  65   -3   62  -17 -108   49    2   -1
  10  -30  123  -25  -52  -38  -17   76
  35  -64  -41  -33  -58  -10  -60   72
   9  -83  -24   36   -6   27  -85    8
 -61   53   12    8   16   15  -28  -24
  11   61 -101   15  -73  -24   18   93
 -25    0   98  -58   69   14   63  -17
  40   51  100  -74   17   18   21   40
  77  -11   34  -15 -105   44  -15  -10
   9  -39  116   -6  -50  -37  -11   79
  31  -75  -41  -43  -44   -5  -74   69
   8  -66   -8   50   -3   30  -92    7
 -61   75   -3   -4   34    4  -16  -29
  22   67  -73   34  -68   -3   -7   87
 -24    1   95  -58   64   16   54   -9
  20   41  108  -67   16   18   33   47
  72    3   52   -7 -110   41   -3   -8
   4  -33  120  -11  -51  -33  -20   73
  28  -66  -47  -34  -57  -16  -72   67
  14  -79   -7   35    1   23  -82    6
 -61   54    1    0   25    9  -23  -30
  18   61  -89   26  -74  -11   10   90
 -21    0   98  -57   58   15   48   -2
  17   38  109  -64   15   15   39   47
  67    6   65   -8 -110   45    3   -4
   5  -29  124  -19  -53  -35  -21   73
  31  -64  -46  -27  -63  -16  -65   67
  15  -83  -17   31   -3   21  -82    7
 -64   47    9    5   17   13  -29  -24
  16   60 -103   18  -76  -23   23   95
 -21   -2  102  -52   57   14   47   -1
  23   39  108  -64   14   11   41   45
  65    1   65  -16 -108   49    4   -1
   7  -31  123  -25  -54  -37  -19   75
  35  -63  -41  -30  -61  -12  -60   69
  11  -84  -24   34   -6   24  -84   10
 -62   49   13   10   14   15  -28  -21
  12   61 -104   15  -74  -26   24   93
 -20   -2  101  -54   58   15   49   -3
  25   40  107  -66   14   13   36   43
  66    0   61  -15 -108   47    1   -2
   7  -31  123  -22  -53  -37  -18   76
  34  -66  -42  -29  -60  -11  -62   69
  12  -80  -21   35   -6   25  -84   10
 -62   51   11    7   17   13  -27  -22
  14   62 -100   18  -73  -24   21   93
 -20   -2  101  -57   57   15   48   -1
  21   41  108  -66   14   14   36   44
  66    2   65  -11 -109   47    2   -2
   7  -28  125  -21  -53  -37  -20   75
  32  -66  -44  -26  -63  -13  -63   68
  14  -80  -21   33   -5   23  -84    8
 -63   49   11    6   16   14  -29  -22
  14   62 -105   17  -75  -26   24   95
 -22    5   85  -67   67   16   61  -19
  24   41  103  -70   23   27   17   47
  82    9   35   -2 -110   34  -13  -17
   1  -39  116    4  -53  -28  -20   78
  27  -73  -50  -33  -52  -20  -84   56
  18  -62    8   39    2   21  -83    7
 -68   61   -7  -10   31    0  -13  -30
  38   68  -70   43  -74    0   -3   88
 -24    9   81  -68   71   15   65  -24
  27   43  101  -72   24   29   13   47
  85    7   23    0 -111   32  -16  -21
   0  -42  111   11  -51  -26  -18   76
  25  -76  -53  -37  -45  -21  -87   56
  19  -56   17   43    6   23  -83    6
 -69   68  -14  -15   38   -4   -8  -36
  44   66  -56   50  -73   10  -16   86
 -22    6   84  -68   68   16   63  -21
  25   43  101  -71   22   29   13   46
  83    8   32    0 -112   34  -16  -18
   3  -39  117    5  -54  -27  -21   80
  28  -74  -50  -33  -51  -21  -85   55
  18  -59   10   40    2   21  -84    7
 -70   62   -8  -11   31   -1  -11  -31
  41   70  -68   45  -75    0   -6   88
 -22    3   92  -63   66   16   60  -16
  30   43  103  -71   20   23   21   44
  78    2   39   -8 -109   39  -12  -13
   5  -38  118   -3  -53  -32  -18   79
  30  -73  -46  -35  -51  -15  -78   62
  14  -66    0   42   -1   25  -86    8
 -66   63   -2   -4   29    3  -16  -29
  31   68  -76   36  -73   -6    0   89
 -22    2   92  -62   65   16   58  -14
  29   43  104  -70   19   21   24   44
  76    2   41   -7 -109   40   -9  -12
   3  -37  118   -4  -53  -33  -17   77
  29  -73  -47  -33  -51  -14  -76   64
  14  -67   -2   41   -1   25  -86    8
 -66   62   -2   -4   29    4  -18  -29
  28   66  -78   34  -72   -7    1   89
 -30   14   73  -64   77   12   70  -31
  30   44   99  -70   28   26   17   48
  89    2    7   -2 -108   34  -17  -26
  -7  -49  100   18  -50  -26  -13   67
  25  -75  -52  -50  -33  -19  -89   59
  18  -54   26   50   11   24  -83    6
 -68   78  -24  -17   49  -12   -5  -43
  50   62  -34   57  -68   31  -36   81
 -30   13   68  -67   79   11   75  -37
  28   47   97  -72   28   31    7   48
  93    2    4   -2 -107   33  -24  -28
  -2  -51  101   20  -52  -24  -14   71
  29  -75  -48  -55  -32  -20  -93   51
  19  -52   26   52   11   21  -84    9
 -67   80  -27  -19   47  -16   -1  -40
  57   67  -32   64  -68   33  -38   80
 -25    4   78  -67   70   13   65  -25
  26   44   99  -71   25   25   15   44
  84    3   25   -6 -106   37  -19  -21
  -1  -46  109    8  -58  -29  -15   75
  30  -72  -42  -44  -44  -18  -84   49
  18  -59    9   45    3   20  -85   12
 -68   68  -13   -9   34   -6  -10  -26
  47   69  -56   51  -68   10  -11   84
 -27    1   96  -49   67   14   58  -15
  35   43  102  -66   19   12   37   42
  74   -8   42  -26 -105   50   -6  -10
   4  -46  115  -17  -58  -35  -11   79
  40  -63  -36  -49  -44   -7  -66   70
   4  -80  -16   48   -6   29  -89   13
 -59   67    2    9   27    5  -20  -24
  19   65  -76   28  -68   -7   -1   83
 -22    1   99  -54   62   17   51   -6
  25   40  107  -66   15   15   35   45
  69    2   56  -15 -110   45   -1   -5
   5  -34  122  -18  -54  -34  -19   77
  34  -65  -43  -32  -58  -13  -65   69
  11  -80  -15   36   -4   25  -83    9
 -62   52    8    6   20   12  -24  -25
  16   63  -94   21  -74  -19   15   90
 -21   -3  107  -49   59   14   50   -1
  30   45  107  -69   10   11   34   42
  64   -5   61  -21 -109   49    1    1
  13  -29  123  -28  -50  -38  -16   78
  35  -67  -40  -33  -60   -7  -58   73
   8  -81  -27   38   -5   29  -85    9
 -58   54   13    7   16   17  -25  -24
   8   62 -101   15  -73  -26   20   91
 -19   -3  103  -54   57   16   50   -4
  28   41  105  -68   13   15   32   42
  67    0   61  -17 -108   46    0   -1
  10  -31  124  -23  -53  -36  -18   80
  35  -67  -41  -28  -61  -11  -62   68
  11  -78  -22   36   -8   26  -85   10
 -61   51   12    6   16   15  -24  -21
  14   65 -100   18  -74  -28   22   91
 -23    1  100  -56   66   14   58  -12
  34   49  104  -72   14   17   24   42
  73   -7   45  -17 -110   45  -10   -5
  12  -35  121  -14  -51  -36  -15   80
  33  -71  -42  -39  -52   -8  -70   69
   8  -72  -14   44   -4   30  -88    8
 -61   65    3    0   25   10  -19  -29
  20   66  -84   27  -71  -13    3   88
 -27    4   98  -53   72   13   63  -17
  41   51  102  -73   16   15   26   41
  76  -14   31  -19 -108   46  -13   -8
   8  -40  114   -9  -50  -37  -10   77
  33  -73  -41  -48  -42   -4  -71   74
   5  -69   -8   51   -2   34  -91    8
 -59   76   -3   -2   35    6  -16  -34
  21   65  -68   32  -67    0  -12   84
 -24    1   98  -58   66   14   58  -13
  30   49  104  -73   14   18   24   43
  74   -5   44  -12 -109   43  -10   -6
  11  -33  120  -11  -50  -36  -16   77
  31  -72  -44  -39  -52  -10  -72   67
  11  -71  -10   42   -1   28  -88    7
 -62   65    1   -3   27    8  -19  -31
  22   65  -84   30  -72  -10    2   90
 -28   12   78  -63   74   14   65  -25
  26   41  101  -68   25   24   22   48
  84    4   19   -2 -108   34  -14  -21
  -4  -44  106   11  -50  -27  -16   68
  25  -72  -52  -44  -39  -18  -85   61
  16  -60   19   45    7   24  -82    6
 -66   69  -17  -13   43   -6  -11  -40
  41   62  -49   48  -70   19  -23   83
 -33   16   68  -63   79   11   72  -33
  25   41  100  -67   31   26   20   50
  91    4    5   -4 -106   36  -16  -29
 -13  -54   96   19  -52  -24  -12   63
  27  -71  -51  -56  -30  -21  -90   55
  20  -58   28   51   14   20  -82    9
 -67   77  -28  -16   50  -17   -5  -42
  55   61  -28   61  -67   38  -39   80
 -29   11   71  -71   77   11   72  -34
  28   50   96  -76   26   30    3   45
  91    2    3    0 -107   29  -27  -26
   0  -45  102   22  -49  -25  -14   71
  23  -78  -50  -50  -36  -19  -94   49
  20  -46   26   49   10   23  -85    6
 -69   79  -25  -23   46  -13    0  -39
  56   66  -35   63  -66   29  -33   81
 -28    9   78  -69   75   12   69  -29
  30   47  100  -74   26   28   11   46
  88    2   11    0 -109   32  -21  -24
  -3  -45  105   17  -50  -28  -14   72
  23  -79  -52  -45  -39  -19  -91   55
  20  -52   22   48   10   25  -85    7
 -69   77  -21  -19   45   -9   -5  -38
  49   65  -42   58  -69   24  -27   84
 -22    7   84  -67   70   14   64  -23
  29   46  101  -73   22   27   12   45
  83    4   28   -3 -110   35  -17  -17
   4  -40  115    5  -53  -29  -18   79
  29  -76  -49  -37  -47  -18  -83   56
  17  -57    9   43    1   24  -85    7
 -69   68  -10  -12   33   -2  -10  -33
  42   69  -63   46  -73    4  -11   87
 -25    5   89  -63   70   11   64  -20
  27   50  102  -71   18   22   22   46
  80   -4   37   -3 -110   43  -13  -13
   9  -37  119   -1  -52  -34  -18   77
  31  -71  -46  -43  -46  -13  -79   64
  12  -68   -1   44   -1   25  -89    4
 -67   69   -6   -6   32    0  -19  -34
  30   67  -76   37  -73    0   -9   91
 -28   -6  114  -46   60    6   51    1
  29   55  110  -71    5    5   41   43
  60  -19   67  -22 -109   60    5    5
  17  -27  123  -34  -45  -45  -11   71
  35  -65  -37  -45  -59   -3  -53   80
   7  -91  -40   43   -1   33  -89    6
 -54   64   14    8   15   18  -31  -29
   0   55 -107   11  -72  -23   17   96
 -22    0   98  -54   61   15   52   -8
  23   41  105  -65   14   15   36   45
  70    0   57  -14 -109   46   -1   -5
  10  -33  123  -19  -53  -34  -20   78
  35  -63  -43  -34  -56  -13  -66   69
   9  -82  -17   37   -6   25  -85    7
 -62   53    8    6   19   12  -24  -25
  14   63  -97   19  -75  -21   14   91
 -22    0  101  -56   62   14   53   -7
  26   44  107  -68   14   15   33   44
  70   -1   56  -13 -109   47   -2   -4
   8  -33  123  -18  -53  -36  -18   77
  33  -67  -43  -34  -57  -11  -67   70
  11  -79  -17   38   -4   25  -86    8
 -62   56    7    4   21   11  -25  -25
  15   64  -96   21  -74  -19   13   92
 -29    0  104  -46   69   11   59  -12
  39   51  103  -71   12   10   33   42
  71  -18   42  -27 -108   52   -6   -3
  12  -39  116  -21  -49  -38   -9   77
  37  -67  -38  -52  -45   -2  -63   77
   2  -80  -21   51   -2   35  -90    9
 -55   73    3    5   28   10  -20  -32
  11   61  -79   24  -68   -7   -4   85
 -26   11   84  -64   75   13   69  -27
  28   50   99  -73   19   27   12   46
  86   -1   22   -2 -112   36  -19  -17
   8  -39  114    7  -48  -28  -18   76
  27  -75  -51  -45  -41  -16  -87   63
  13  -59   12   47    4   26  -87    2
 -67   74  -14  -15   40   -3  -10  -42
  38   67  -59   46  -73   10  -24   86
 -35   17   64  -61   81   10   75  -37
  27   43   97  -68   30   26   18   48
  93    0   -3   -4 -103   34  -20  -30
 -11  -53   92   23  -49  -23  -10   60
  25  -72  -50  -60  -24  -18  -91   57
  18  -54   32   54   14   22  -83    7
 -64   82  -32  -20   56  -20   -2  -46
  55   59  -20   64  -63   45  -48   76
 -32   12   65  -66   76   11   72  -34
  24   43   98  -70   30   28   12   47
  91    4    4   -3 -103   33  -21  -28
  -8  -51   95   21  -52  -24  -12   64
  26  -72  -47  -55  -32  -20  -91   49
  22  -53   27   50   13   19  -82   11
 -65   77  -28  -19   48  -18   -2  -38
  58   62  -29   64  -64   36  -34   79
 -29   11   70  -70   78   11   74  -36
  28   50   96  -76   26   31    2   45
  92    1    2    0 -107   30  -28  -26
   0  -47  102   22  -49  -24  -14   72
  24  -78  -49  -51  -34  -19  -95   49
  20  -46   27   51   11   23  -85    6
 -68   80  -26  -24   47  -14    0  -40
  57   67  -34   64  -67   30  -36   80
 -28   11   74  -70   77   11   72  -34
  31   51   96  -77   25   31    3   45
  91    0    5    0 -109   30  -27  -25
   2  -45  105   20  -49  -25  -15   75
  25  -80  -51  -48  -36  -18  -93   51
  18  -46   24   50    9   26  -86    6
 -70   80  -23  -23   44  -11    0  -40
  55   67  -38   61  -68   26  -34   82
 -26   10   77  -70   73   13   68  -29
  27   46   99  -74   25   30    8   47
  88    5   15    1 -110   31  -21  -23
   0  -43  108   16  -50  -25  -17   75
  24  -78  -52  -41  -42  -21  -91   52
  20  -51   22   46    8   23  -84    5
 -70   73  -19  -19   41   -8   -4  -37
  50   67  -47   56  -71   18  -24   85
 -20    1   94  -63   63   17   57  -12
  26   42  105  -70   18   23   21   44
  76    5   46   -6 -110   39   -9  -10
   6  -35  121   -6  -53  -32  -19   79
  29  -72  -47  -29  -57  -16  -76   61
  16  -68   -4   38   -1   23  -85    8
 -66   58    0   -4   25    6  -18  -26
  28   68  -85   33  -75  -13    8   91
 -21    0  100  -56   61   16   53   -7
  28   43  105  -69   14   17   29   43
  70    0   54  -14 -109   44   -4   -4
  10  -32  123  -17  -52  -34  -18   79
  33  -68  -43  -31  -58  -12  -68   67
  11  -76  -15   38   -5   26  -86    8
 -62   55    7    2   20   12  -22  -25
  17   65  -94   23  -74  -21   14   91
 -25   -5  111  -45   58    8   48    2
  28   51  107  -69    4    6   41   43
  59  -15   69  -21 -108   56    7    7
  20  -24  124  -35  -45  -42  -14   74
  37  -64  -38  -39  -59   -4  -51   79
   6  -88  -38   39   -5   33  -87    5
 -56   58   17    9   12   20  -30  -28
   0   56 -111    7  -73  -29   20   95
 -23   -2  104  -53   58   11   49   -2
  21   45  107  -66   10   11   39   46
  65   -4   66  -13 -109   50    3    0
  13  -27  125  -25  -50  -37  -19   75
  34  -62  -42  -34  -60  -11  -61   71
  10  -86  -26   35   -5   26  -86    5
 -61   52   12    7   15   16  -29  -26
   8   59 -108   13  -75  -26   21   95
 -27   -5  114  -40   62    7   52   -1
  39   55  106  -72    4    5   37   41
  61  -22   59  -29 -107   57    4    7
  21  -27  119  -36  -42  -43   -9   76
  38  -67  -36  -46  -53    0  -50   83
   3  -85  -39   46   -4   39  -89    7
 -52   67   14    8   16   20  -25  -31
   0   55  -99   11  -70  -22   10   90
 -35   16   70  -61   82   11   77  -36
  33   47   94  -71   28   25   13   45
  93   -4   -5   -6 -102   34  -24  -27
  -6  -51   93   23  -46  -25   -8   62
  24  -75  -50  -59  -22  -14  -92   62
  15  -50   31   58   12   25  -86    4
 -63   87  -32  -22   58  -18   -1  -47
  50   61  -21   62  -62   42  -51   77
 -36   15   66  -62   79   10   74  -35
  24   41   98  -66   32   25   22   50
  92    2    3   -7 -104   37  -17  -30
 -14  -56   93   20  -53  -24  -10   61
  28  -69  -48  -61  -27  -20  -90   54
  19  -59   28   54   14   19  -83   10
 -65   80  -29  -15   52  -20   -4  -41
  56   61  -25   63  -65   42  -41   79
 -35   14   63  -65   80    9   76  -38
  29   47   94  -71   31   25   11   45
  92   -1   -7   -6 -101   34  -25  -30
 -10  -53   89   25  -50  -24   -7   59
  25  -74  -46  -62  -24  -16  -92   51
  20  -48   31   56   15   21  -84    9
 -64   85  -33  -22   55  -21    1  -41
  60   61  -16   68  -59   48  -47   76
 -28   10   70  -69   76   13   72  -34
  25   46   98  -73   27   33    5   48
  91    5   10    0 -108   30  -24  -26
   0  -47  104   19  -52  -23  -16   73
  27  -75  -48  -49  -38  -21  -93   47
  21  -52   24   48   10   20  -83    9
 -68   74  -24  -20   43  -13   -2  -37
  56   67  -39   62  -70   25  -28   81
 -28   11   74  -70   77   12   73  -34
  30   50   97  -76   25   31    4   45
  91    1    5    0 -109   31  -26  -25
   1  -45  105   20  -49  -25  -14   74
  24  -79  -51  -48  -36  -18  -94   53
  18  -47   25   51    9   25  -86    5
 -69   80  -23  -23   46  -12    0  -41
  53   67  -38   61  -69   26  -35   82
 -27   10   75  -69   76   12   71  -32
  29   48   98  -75   25   31    6   46
  90    3    9    0 -109   30  -24  -24
   1  -45  106   18  -50  -25  -15   75
  25  -78  -51  -47  -38  -19  -92   52
  19  -50   23   48    9   24  -85    6
 -69   77  -21  -21   43  -10   -2  -39
  52   67  -42   59  -69   23  -29   82
 -27   11   76  -70   76   12   71  -31
  30   49   98  -76   25   31    4   46
  90    2   10    1 -110   31  -23  -24
   2  -44  107   18  -49  -25  -16   76
  25  -79  -53  -45  -39  -19  -92   53
  19  -48   23   49    8   25  -85    4
 -70   77  -21  -21   43  -10   -2  -40
  51   68  -43   59  -71   21  -30   84
 -20    1   93  -63   62   17   55  -12
  25   40  105  -69   19   23   23   44
  75    8   46   -8 -109   37   -8  -10
   4  -35  120   -6  -54  -30  -20   79
  29  -71  -47  -28  -58  -17  -76   59
  17  -67   -3   36   -1   22  -84    9
 -66   55    1   -3   24    6  -17  -25
  30   67  -84   32  -74  -13   10   90
 -20   -2  103  -54   62   14   54   -7
  36   47  104  -71   13   14   28   40
  69   -7   51  -18 -107   48   -4   -2
  11  -33  122  -19  -52  -39  -15   80
  35  -72  -39  -34  -54   -6  -63   72
   8  -73  -21   43   -7   30  -88    9
 -61   62    7    4   21   12  -24  -24
  15   66  -91   22  -71  -20    9   90
 -21   -1  101  -55   58   16   49   -3
  23   40  107  -66   14   15   35   45
  67    3   61  -14 -109   45    0   -3
   8  -31  123  -21  -52  -34  -19   76
  33  -65  -44  -29  -62  -14  -65   67
  13  -80  -18   34   -4   24  -84    9
 -62   49   11    5   17   14  -24  -23
  15   62 -100   18  -75  -24   22   92
 -22   -5  107  -50   55   12   46    2
  20   43  109  -66    9    9   41   44
  61   -2   73  -18 -108   51    6    3
  14  -25  126  -32  -50  -38  -18   75
  35  -61  -40  -31  -65  -10  -56   72
  11  -89  -32   33   -6   25  -85    8
 -58   47   17   10   10   19  -30  -22
   4   58 -115    9  -75  -33   30   96
 -23   -7  112  -44   55   11   45    4
  26   46  108  -68    5    6   41   43
  58   -9   73  -24 -107   54    8    7
  19  -24  124  -38  -45  -39  -15   76
  37  -61  -38  -34  -64   -6  -50   76
   8  -90  -39   35   -5   31  -84    8
 -54   51   20   11    8   22  -28  -24
  -1   55 -114    6  -74  -34   28   94
 -32   14   67  -67   79   10   76  -37
  28   49   95  -73   28   29    6   46
  93    0    0   -3 -105   33  -26  -28
  -4  -50   97   23  -49  -23  -12   66
  25  -76  -48  -57  -30  -19  -94   51
  20  -48   29   54   13   21  -84    7
 -66   82  -30  -23   51  -18    0  -42
  58   65  -26   66  -65   38  -42   79
 -30   11   69  -69   76   12   72  -33
  25   46   98  -72   28   30    9   47
  90    5    7   -1 -107   32  -23  -27
  -4  -48  101   20  -52  -24  -14   69
  25  -75  -48  -51  -37  -21  -92   48
  21  -51   25   49   12   20  -83    9
 -68   75  -25  -20   45  -14   -2  -37
  57   65  -35   63  -67   30  -31   81
 -30   12   68  -69   78   11   75  -36
  29   48   94  -75   27   31    2   45
  92    2   -1    0 -104   28  -28  -27
   0  -47   98   24  -47  -23  -13   68
  23  -78  -50  -52  -31  -18  -95   49
  20  -45   30   51   12   23  -84    6
 -66   81  -29  -25   50  -16    2  -41
  57   65  -29   66  -65   34  -39   79
 -29   13   71  -70   78   11   73  -34
  28   49   97  -76   26   32    3   46
  92    2    4    1 -110   30  -26  -26
   0  -46  103   21  -50  -24  -15   73
  24  -79  -51  -49  -36  -20  -94   50
  20  -47   27   50   11   24  -84    5
 -70   79  -25  -23   46  -13    0  -41
  57   67  -35   63  -69   29  -35   82
 -28   11   74  -71   77   12   72  -33
  29   49   98  -76   26   32    4   47
  91    3    6    2 -110   29  -24  -26
   0  -45  104   21  -48  -25  -15   73
  23  -80  -53  -47  -37  -20  -94   51
  21  -47   27   49   12   24  -84    5
 -70   79  -25  -24   46  -12    0  -41
  55   66  -37   63  -70   28  -33   83
 -28   12   74  -70   76   12   71  -31
  27   47   98  -74   26   30    8   47
  90    4   10    0 -110   32  -23  -25
  -1  -46  105   18  -51  -24  -16   73
  25  -77  -52  -46  -39  -21  -92   51
  20  -50   24   48    9   22  -84    6
 -70   75  -21  -20   43  -11   -3  -39
  53   67  -41   59  -70   24  -29   83
 -27   10   77  -70   74   13   69  -29
  28   47   99  -75   25   31    7   47
  89    5   12    1 -110   30  -22  -24
   0  -43  107   17  -50  -25  -16   74
  24  -79  -53  -42  -41  -20  -92   52
  20  -49   23   46    9   24  -84    6
 -70   74  -20  -21   42   -9   -3  -38
  51   66  -45   58  -71   20  -25   84
 -20    3   89  -67   63   17   57  -14
  22   41  105  -70   20   26   19   46
  77   10   45   -2 -111   36  -10  -13
   3  -35  121   -1  -54  -30  -22   79
  28  -72  -49  -28  -58  -20  -80   56
  19  -65    1   36    0   20  -83    8
 -69   55   -1   -6   25    3  -17  -27
  34   68  -82   36  -76  -10    7   91
 -22   -1   99  -59   60   15   53   -7
  23   42  106  -68   15   17   31   45
  71    1   56   -9 -109   43   -3   -6
   8  -32  123  -14  -52  -35  -19   77
  30  -67  -45  -30  -59  -14  -70   66
  13  -77  -14   36   -3   23  -86    7
 -63   54    6    1   21   10  -24  -25
  18   64  -96   23  -75  -20   15   93
 -19   -4  105  -54   57   16   49   -2
  30   43  107  -68   13   13   32   41
  65   -1   62  -19 -107   47    0    0
   9  -30  124  -24  -53  -38  -17   79
  34  -69  -40  -28  -62   -9  -61   69
  11  -77  -25   37   -7   26  -85   11
 -60   52   13    7   15   15  -26  -20
  13   65 -101   17  -73  -28   24   92
 -23   -4  109  -49   57   10   48    1
  25   48  107  -68    7    8   39   43
  61   -8   69  -18 -109   54    5    4
  16  -25  126  -32  -48  -40  -17   75
  36  -64  -40  -34  -61   -7  -55   76
   8  -87  -34   37   -7   28  -86    6
 -59   53   16    9   12   19  -30  -25
   3   59 -112    9  -75  -31   23   96
 -25   -4  108  -45   56   11   44    2
  24   41  109  -65    9    5   48   45
  60   -6   69  -23 -107   54   10    2
  12  -29  121  -35  -50  -39  -15   73
  38  -59  -39  -36  -60   -8  -52   75
   8  -92  -34   35   -5   30  -85    9
 -57   51   17   14   11   19  -29  -24
   2   54 -109    8  -73  -28   25   93
 -30   13   69  -69   79   11   76  -37
  29   50   95  -75   27   31    2   45
  93    0    0    0 -106   30  -27  -27
  -1  -48   99   24  -48  -23  -13   69
  24  -78  -50  -53  -32  -19  -95   50
  20  -46   30   53   12   22  -85    6
 -67   82  -29  -24   50  -16    0  -42
  57   66  -29   66  -66   34  -40   80
 -32   16   64  -67   82   10   78  -41
  30   50   93  -75   28   31    2   46
  95    0   -8   -1 -105   30  -30  -29
  -2  -50   95   27  -48  -22  -12   67
  24  -78  -50  -58  -26  -18  -96   50
  19  -44   34   55   14   24  -84    6
 -67   86  -33  -27   53  -19    3  -45
  61   65  -19   70  -64   42  -49   76
 -31   13   69  -69   79   10   74  -36
  30   50   95  -76   27   29    5   45
  92    0   -3    0 -106   30  -28  -28
  -3  -48   97   25  -48  -25  -11   67
  23  -79  -50  -54  -30  -18  -94   51
  20  -44   30   53   12   24  -85    6
 -68   84  -29  -25   51  -16    1  -42
  58   64  -26   66  -64   38  -42   79
 -30   12   70  -69   78   11   73  -35
  30   48   97  -75   27   30    6   46
  92    1    1    0 -107   31  -26  -27
  -3  -48  100   22  -50  -25  -13   70
  24  -78  -50  -52  -33  -19  -93   50
  20  -47   28   51   12   24  -84    7
 -68   81  -26  -23   48  -14    0  -41
  57   65  -30   64  -66   33  -37   80
 -29   11   72  -71   76   11   71  -32
  28   48   98  -75   27   31    5   46
  90    3    6    1 -109   30  -25  -26
  -2  -46  103   21  -50  -25  -15   71
  23  -79  -51  -48  -38  -20  -93   49
  21  -48   26   49   11   23  -84    7
 -69   78  -24  -23   45  -12   -1  -39
  56   66  -36   63  -68   28  -31   82
 -27    9   75  -71   74   12   69  -31
  28   48   98  -76   26   31    6   46
  89    4   10    2 -109   29  -24  -24
   0  -44  105   19  -50  -26  -16   73
  23  -79  -52  -44  -39  -20  -92   50
  21  -48   24   47    9   24  -85    6
 -69   76  -21  -22   43  -10   -2  -38
  53   66  -42   59  -69   23  -27   83
 -27   11   75  -69   75   13   70  -30
  27   45   99  -73   26   31    9   48
  90    6   13    1 -111   31  -21  -25
  -1  -46  107   17  -51  -24  -17   74
  25  -77  -53  -44  -40  -22  -92   52
  20  -52   24   47    9   23  -84    6
 -70   74  -21  -19   42  -10   -3  -39
  52   67  -44   58  -72   21  -27   84
 -22    3   87  -65   66   17   60  -18
  26   41  103  -71   21   26   18   45
  80    7   37   -5 -110   35  -13  -15
   3  -39  117    0  -54  -29  -19   78
  28  -72  -47  -33  -53  -18  -81   56
  17  -63    4   39    1   22  -84    9
 -67   60   -4   -8   29    1  -13  -28
  36   68  -73   40  -73   -3    0   88
 -21    3   93  -61   65   16   57  -13
  27   42  104  -68   19   21   26   45
  75    3   44   -7 -110   40   -8  -11
   4  -36  120   -6  -53  -33  -19   77
  30  -70  -47  -33  -53  -15  -75   64
  13  -70   -3   39   -1   24  -84    8
 -65   59    0   -2   28    6  -20  -29
  26   66  -81   31  -73   -9    3   89
 -23    4   86  -67   65   16   58  -16
  24   38  105  -69   24   26   21   47
  79   11   37   -1 -110   34   -9  -17
  -2  -39  114    3  -53  -29  -19   75
  25  -73  -52  -30  -53  -21  -82   56
  21  -63    8   37    4   21  -82    8
 -68   59   -6   -9   31    0  -14  -29
  38   65  -70   41  -74    0    0   89
 -20   -3  102  -53   55   15   45    1
  20   37  109  -64   13   12   41   45
  63    4   69  -15 -108   47    6    0
   7  -28  124  -26  -53  -36  -20   75
  34  -62  -42  -26  -65  -13  -59   68
  13  -85  -25   31   -6   23  -82   10
 -61   44   15   10   12   16  -29  -20
  10   60 -109   13  -75  -30   30   94
 -25   -4  109  -47   59    7   50    0
  27   51  106  -68    6    7   40   43
  62  -15   67  -19 -107   56    4    4
  19  -26  124  -32  -47  -42  -15   75
  37  -63  -38  -40  -57   -5  -54   78
   5  -88  -36   40   -7   30  -89    4
 -58   59   15   10   14   17  -31  -27
   1   58 -110    9  -74  -28   17   95
