Shape: torch.Size([1, 144, 64])
Range: [-116, 126]
Mean: 0.1004

量化值陣列:
  -8   10  -33   -5   -9   -5  -27   -7
 -23   21   -3   23   16   24  -10   -4
   9  -17    0  -20   26    2   -5   36
   4   41   34  -12  -14    2   68  -42
 -35   -5   11  -10  117   -3   13  -20
   4  -24    8    9  -16  -23   10   -7
  25  -13    6   31  -12   -8   20   -1
  15  -12   -4   -8    4   -1  -56  -40
  -4   15  -38  -13   -3    0  -25   -7
 -21   13   -1   28   22   15   -9  -10
   8  -15   -4  -30   33    4   -2   40
   5   30   17   -1  -24   -3   72  -53
 -23   -5  -14   -8  116    5   14  -20
   5  -17    1   13  -15  -20   14   -6
  25   -9   -6   28  -12   -6   21   10
  16  -13  -18    1    5    1  -50  -42
  -7   14  -31    6    2   -7  -38   -9
  -9   11  -11   18    5   13  -14  -26
   5  -20   -6  -22   28    6    4   44
  14   33   15   -4  -19  -11   75  -42
 -21    0   -1  -15  122   -5    3  -14
   3   -8   -3    8  -21  -19   21   -7
  25    3    0   21   -5   -5   16    6
  13   -5  -16    3    9   -3  -52  -41
  -2    9  -33  -10   -2   -6  -26   -6
 -16   11  -19   34   14   18  -19  -16
   5  -17  -13  -19   29    3    0   27
   8   39   12   -3  -21    7   73  -55
 -30    0   -7  -12  119   -2   13  -12
  -2  -11   10    6  -10  -19   15   -2
  34   -7   -4   12  -22   -1   20   10
  11   -8   -8    0    8    2  -55  -31
  -8    7  -40    0   -9   -9  -36  -12
 -16   16  -14   17   12   14  -20  -10
  14  -27   -6  -21   18   15   -6   45
  10   33    2  -13  -15   -5   85  -36
 -26    5    0  -18  115    4   18  -18
  -2  -14    7    3   -9  -22   13   -1
  35    0    6   34   -6   -3   16    5
   9  -12   -6    4   -6    9  -57  -38
  -5    7  -49   -8    0   -7  -29  -10
 -17    9   -4   15   24   14   -5   -2
   9  -10   -4  -25   12    7   -1   24
   7   24   23  -18  -20  -10   83  -40
 -26   -1   -5  -14  120    3   15  -15
   3  -11    1    5  -12  -19   16    4
  28  -16   -6   30  -14   11   19    5
   7   -8   -4    3    0   11  -56  -42
 -11   11  -48    0    1   -3  -29   -1
 -12   12   -7   11   12   10    1  -10
   8  -15   -2  -15   23    3  -11   35
  -2   21   16   -5  -15  -11   86  -42
 -17   -2    0   -9  119    3    9  -18
   0  -11   10   -4  -12  -18   14    4
  27  -14   -8   35  -16    4   22    5
  14   -9   -7   -2   -1    5  -58  -43
  -1   11  -47   -4   -1   -1  -27   -1
 -14   16  -11    6    8   20   -7  -10
   5  -20  -14  -15   17   -2   -1   31
   0   26   22  -12  -14   -5   87  -35
 -24    0  -12  -13  121    1    9  -18
   5  -10    5   -4  -20  -14   13   -6
  26  -17   -5   31  -16   12   30    9
  10  -14   -1    0    0    6  -54  -30
  -4   10  -45    4   -3    1  -27  -12
 -19   13   -2    3   20   17   -9   -9
   8  -19  -10  -13   10    0   -3   30
  12   16   16   -7  -15   -4   92  -33
 -27   -1  -10  -14  120    5   10  -14
  -2   -8   10    0  -12   -7   12    1
  17  -15  -18   26  -10   21   20   -1
   5   -8    2   -6    3    7  -60  -34
  -4   14  -50   -8    0   -8  -22   -3
 -14   17  -18    7   16    4   -8   -4
  15   -5  -11  -21    5   11   -7   19
  10   21   16   -6   -5  -17   81  -32
 -21  -17   -3  -20  118    1    4  -15
  -6  -13   24  -16   -6  -21    7    6
  20  -18  -10   26   -8   18   21    0
  20   -3    7    2    8   16  -61  -37
   0   15  -47    0    5   -6  -20   -5
  -6   13   -8    5    9  -10   -1    0
   9  -11   -1  -22   11   11   -2   34
   7   11   26   -6  -21  -15   88  -33
  -9   -4  -18  -20  114    6   10  -27
  -6  -18   23  -12  -21   -9   10    4
   9  -19  -16   27  -10   27   28    9
   8  -11   -1   -5    9    6  -61  -37
   1   19  -47   -1   -3    0  -18   -4
  -5    6   -8    5   15   11   -1   -1
   8  -14  -11  -14    1   12   -4   19
  10    2    4   -8   -7  -13   91  -37
 -21  -16   -8  -26  117   11   11  -14
  -9  -15   21  -16  -16  -15   -2   -6
  19   -8  -12   30   -1   26   16   -8
  14   -1    8    5    5   12  -61  -37
  -9    3  -36   19   16   -5   -9   -9
  -9   16   -4   10   15    3   -1    5
  21  -44  -22  -13   13    2    3   12
  13    0   19  -17  -17  -15  102  -28
  -9    2  -20   -2  119    6   -6   -4
   1  -16   12  -10  -17  -18    1   10
  10  -16  -19    9    1    7   11    5
   3   -8    0   -6   12   15  -63  -27
 -10    7  -41   -3    9   -7  -34   -3
 -10   12  -22   17   22   20   -8   -7
  16  -19   -8  -10   11   10   -2   22
  11    7   24  -12  -12  -10   88  -34
 -24    4  -20  -15  121   -2   -6  -12
   1  -15   16    1  -17   -9   15   -1
  19   -1  -11   18  -12   12   19   -1
  12   -4    2    0    5    7  -63  -40
   0    3  -46    5    2   -6   -5   -5
  -7   14   -8    1   12   16   -2   -2
  21  -20  -21  -21    8    6   -4   21
   4   10   16   -1  -13   -8   96  -35
 -14    2  -24  -10  122    0   -1  -15
  -4  -18   14  -10  -11  -29   13    1
   7  -14  -13   18    2   11   18   -4
   7   -1   -4    4    8   20  -56  -28
  -6    6  -45    1    3  -13  -24  -12
 -12    8   -9    6   21   16    4    2
  13  -30  -14  -20    8    4   -7   25
  21   12    7   -6  -16  -14  101  -31
 -17   -7  -18  -18  118    1    4  -14
   2  -15   14   -5   -9  -11   10   -1
  20   -4  -10   16    3    7   15    6
  12    0    1   -1    7   16  -62  -36
  -5   17  -45    3    5   -3  -24   -6
  -8    4   -9   15   21   12   -6   -8
  15  -30  -13  -15    3   14   -2   18
   9    4   21   -7  -16  -19   93  -34
  -7   -8  -16  -15  119   12   -3   -5
 -14  -19   24  -18   -8  -18    9    8
   4   -8  -20   19    0   15   24   -5
   0   -8   13   -6    6   11  -60  -20
  -4    8  -45   -3   15   -8  -16  -15
  -4    9   -9    8    3    7    2   -4
  12  -27  -12  -15    3   13  -14   10
   6    4   14   -9  -19  -18   95  -29
 -17  -15  -12  -21  117    6   13  -16
  -5  -11   23   -7  -10  -12    5    0
  19   11  -13   27   -8   24   26    0
   4    0    6    3    7   18  -62  -39
  -8   19  -49   -1    3    1  -17   -8
 -10    9   -9    2    2    4    2   -5
  14  -16  -25   -8    0    9  -10   14
  13    0   11  -12  -24  -18  101  -28
 -11  -12  -20  -21  115   12   13  -10
  -8  -18   27  -13  -15  -13    6    1
  -3    2  -14   24   -5   36   22    4
   0   -5   15    0   10   19  -54  -28
  -8   11  -52    0    9  -11  -18  -12
  -1   -1    2   11    9    0    0    3
  16  -20  -18   -9    2   11   -4   15
   5    0   14   -6  -22  -14  105  -28
 -11   -6  -15  -16  116    5   10  -12
  -4  -29   24  -14   -9  -10    1    6
  -1    1  -22   15   -4   27   23    0
   3   -2   11   -4   18   17  -55  -39
  -7   13  -48    3    3   -4   -8   -5
  -2   11   -4    8    5   -8   10    4
   8  -22  -15  -11    3   16  -15   11
   6    1   16  -17  -16  -10   98  -27
  -3  -16  -20  -22  119    5    6  -19
  -9  -18   17   -8  -17  -15    5    0
   2   -4  -19   19   -6   25   36    2
  -3   -2   12    8    9   19  -57  -30
  -6   11  -47   -3    8   -2  -12   -5
  -9   14   -7    8    8   -3    4    4
  19  -25  -13  -21    6    5   -6   16
   7   -4   13  -17  -20  -20  101  -26
  -9  -17  -12  -22  117   10    1  -13
   1  -16   19   -9  -11  -21   11   -4
  -2    2  -17   17    2   25   27    8
   1   -7    9    0    8   26  -61  -26
  -2   16  -51    3    4   -5  -10   -9
  -2    9   -7    1    4  -16    2   -2
  15  -30  -22   -5    4   10   -4    2
   7    2    7  -16  -12  -13   99  -32
  -2   -4  -24  -21  118    3    4  -12
  -4  -25   18  -13   -7   -7    4    2
   5    6  -18   18  -10   32   27    5
   4   -2   13    6   12   11  -57  -30
  -4    7  -49    0    3  -10   -8  -12
  -6   12   -5    5    9   -3   15    2
  13  -37  -28   -9    2    9   -9   14
  13   -4   13  -14  -16  -15  105  -26
  -6   -6  -24  -15  114    7    2  -11
 -10  -25   24  -10  -12  -12    1    3
   9    5  -20   11   -1   34   20    3
   8   -5   17    5   10   14  -59  -27
  -7   -1  -47    7   15  -11   -5   -2
  -1   10    6    5   17    7   20    0
  20  -37   -5   -9    2   15   -5   17
  20   -8   22  -16   -9  -19  107  -28
   0   -4  -22  -17  115   -4   -6  -10
   0  -23   11    2  -17  -27   -2   -2
  -6    6  -15    9    1   18   36    2
  -6   -6    0    0   -1    5  -60  -23
  -1    9  -37   -6    8   -2   -7   -7
   0   10  -10   10   10    2    2   -8
  12  -32  -19  -12   -8   13   -5   10
   6   -6   21  -14  -11  -12  102  -23
 -14   -4  -22  -19  119    6   13  -16
  -3  -20   20   -9  -19  -19   -1   -5
  15    4   -9   27  -18   28   23   10
  10   -8   10   -4    0   14  -59  -23
  -8   12  -46   11   15    2   -1   -3
   0   19   -5    0    3    1    8    5
  12  -30  -24  -14    1   18  -13    5
   4   -4   21   -5  -13  -11  104  -35
  -2  -17  -14  -13  116    2   -1   -9
  -3  -19   17  -11  -13  -21    0   -4
  -4   -4  -12   14   -5   25   28   10
   5   -4   14   -2    2   12  -61  -31
  -4   13  -48   13   14   -4   -4  -10
  -7   11  -13    8   12  -15    0    3
  12  -20  -19  -12    0   13  -10    7
  12   -8   14  -11  -14  -15  108  -32
  -8  -10  -23  -23  109    9    5  -11
  -2  -22   18  -13   -5  -19    3   -8
   7   16  -21   22   -8   31   29    2
   0    2   10    3    6   26  -62  -31
   0   10  -42    3    6   -7  -12   -9
   1    7   -9   20   12  -11    7   -1
  16  -27  -28   -3    2    5   -9    5
   7    0    9  -11  -19  -15  101  -26
  -7   -8  -21  -25  115    5    9  -12
  -9  -15   20  -13   -1  -13    1   -7
  -3   11  -12   18   -3   30   26    7
  -3   -7   10    2   12   20  -66  -29
  -6   12  -46    8    6    2   -9   -9
  -7   10  -11    5    7   -8    5    0
  13  -31  -22  -13    3    6  -14    0
   6  -11   14   -9  -23  -12  102  -26
  -6  -12  -22  -10  114    4    2  -22
   0  -19   21   -7   -8  -10    3   -1
   3   17  -15   25   -7   33   30    7
  -1   -2   12    3   11   22  -62  -30
  -5    8  -44   11   12  -10    6   -3
   0   20    1    5    4  -15   -2    1
  11  -35  -25   -5    6    8   -9    0
   5   -3   10  -15  -21   -4   96  -29
  -2  -24  -23  -18  111    5  -12  -14
  -2  -15   23  -20   -1  -17   11    4
   0   -3  -12   31   -5   36   12    6
  -3   -6   16    2   32   21  -69  -29
  -6    2  -38   12   17  -15   -9    8
  -9   19   36   10   -2  -41    6    0
  16  -62  -21  -18    8    5   -7   -2
  -6  -13   13   -5   -9    6   94  -26
  13  -14   -1  -10  115    0  -11   -7
  -5  -12   28   -2   -4  -21   -5   -9
  -8   -5   -5   46  -15   43    5   -3
 -10  -11   14   11   -3    9  -48  -32
  -7   11  -56    0   15    0  -16   -7
  -5   15    0    8    4   -8    8    4
  14  -37  -21  -13   12    5  -11    4
  -5    2    8  -18  -20  -15  106  -23
 -12    0  -23  -14  115    4   -2  -11
 -10  -18   20   -8   -6  -15    0    2
   4    9  -13   22    3   28   22    1
   6   -2   15   11    9   10  -60  -28
  -1    7  -55    8    5  -13  -10  -12
   0    3   -3   12    5   -4   12    1
  11  -33  -20  -10   -1    1   -3   -4
  11    2   14  -22   -9   -5  102  -23
  -3  -13  -16  -14  116    5    9  -10
  -5  -13   10   -8   -6  -16    3  -12
   0    1  -10   17   -1   30   26    7
   5   -8   19    5    7   22  -64  -32
 -10    4  -42    8   13   -4  -11  -10
   0   16    4    9    5  -14   13    3
  18  -27  -19  -12    2    9   -7    9
   4   -5   17   -6  -17  -18  105  -22
  -5   -2  -26  -17  113    0    8   -9
  -3  -17   17  -17  -14  -18    0  -12
  -5    4  -10   22    0   33   29    1
   2   -5    8    5   11   24  -64  -37
  -1   10  -54    4    6   -2  -12  -16
   4   14   -2    9   13  -11    8   -1
  11  -24  -18  -15    4   10  -15    8
  12   -4   22  -10  -21  -19  105  -19
  -6   -3  -17  -15  114    6    0  -10
 -17  -15   23  -11  -11  -18   -2   -2
  -3    5  -17   16   -4   39   25    1
  -2    0   14   -1    1   15  -56  -31
 -15   -9  -33    7   15  -12   -6  -11
 -15   14    5   15   10   16    6    6
  16  -50  -16   -5    8    7   -3   11
   6    6   10   -5  -17   -6  105  -23
 -14   10   -6  -11  123   -5    0   -8
   8  -21    7   17  -18  -24    1   -3
   8   -6   -2   18    0    2   17    0
   2  -11    5   -4    4    9  -60  -29
 -16    2  -31    7   14  -11   -5  -13
 -13   20   13   13    7    3   10    3
  18  -56  -25  -18    5    7   -2   16
  19   -3    6   -6  -11   -6  105  -31
  -2   -3  -17   -9  119   -1    6   -5
   2  -13    4    0  -11  -19   -1   -9
   2   -8   -4   15   -5   20   17    5
   0   -5    0   -2    6   16  -59  -29
  -7   -1  -41   11    3   -4  -15  -11
  -4   13   -3   10    4  -11    2   -1
  18  -39  -12   -6    4   14   -6   10
  19    0   19  -13  -12  -10   98  -31
  -7   -5  -14  -16  117    1  -11  -17
  -5  -18   16   -9  -19  -23    8   -5
   0    3  -13   20   -6   23   31    9
   1    1   11    9    4   23  -67  -18
 -14    0  -51    4   15   -7    2   -8
  -8   10    0    9   11  -13   14   -3
  21  -36  -20  -11    5   10   -8    1
   4    1   10   -9  -15   -7  107  -27
  -6  -12  -16  -24  118    0    9  -18
 -10  -14   11  -12  -14  -12    2   -4
  10   -1   -6   24   -1   25   21    5
  12   -3   12    0   12   19  -56  -27
  -2    4  -47   10   18   -1  -14   -9
  -4   13   -1   13   12  -15   -3   11
  15  -28  -23  -14    7   10   -9   12
   2   -9   18  -13  -18  -12  106  -25
  -2   -1  -16  -15  119    0   -6  -14
  -5  -23   10  -14   -5  -10   -3   -8
   7    0  -14   19   -1   27   26    1
   2   -9    6    4    2   22  -58  -24
  -3    8  -47    2   17   -1   -6   -7
  -7   12   -1    8    2  -10   -2    3
  17  -40  -18    0   -1    9   -6   -1
  10    0   12   -5  -12   -7  104  -13
 -13  -16  -17  -18  118    6    0  -14
  -8  -22   21   -6  -12  -10    9   -2
   1   -3  -16   24   -3   22   16    0
   0   -4    7   -1   16   18  -63  -34
 -22   16  -22    2   28  -27   14   18
 -10   28   53   16  -18  -18    1   13
  12  -78    9   -6  -14   13   -3    5
  -9  -25   42  -28  -41   10   21  -48
  25  -48    6  -13   62   24  -29  -11
  30   15   18    0   -5  -35    4   -3
  -7  -25   34  121  -29   32  -10  -10
 -16  -12  -10    7   43  -16  -46   -5
   0   10   29  -33   28  -22  -12   19
 -28    4   43  -51    2   22   43   20
  75   -8   13  -12  -28   24  -10  -22
  20  -46   19  -16   -4  -20   -7  -18
  97  -23   -8   -3   63   11    0   -6
 -22  -10   39   28  -23  -13  -20  -10
 -20   -1  -11    1  -12   -1  -18   10
 -24   16  -20    0  -36   -5  -22   -6
 -14   11  -27   14   33  -15   -8    1
  -7    9   43    4    9  -55   15   12
  43  -59  -11  -20  -19    7   18  -11
   0  -24   15   22  -25    0   57  -11
  36  -38   23  -18  104   10  -19  -10
  -2  -17   28  -15  -16  -32   -3   -3
 -16   -9   -8   72   -3   37   -8   -3
  -5   -2  -13   -2  -24  -23  -25  -17
  -5   10  -50    7    2  -12   -2    2
  -3   19    6   13    1  -15    6    4
  13  -35  -21  -18    9   12   -2    7
   8   -1   25   -7  -18   -8  106  -28
 -10   -2  -18  -14  113    0   -2  -13
 -12  -18   22   -8  -10  -16    3  -10
   0   -6  -18   22   -3   31   18    4
   8   -7   13    2   10    9  -63  -31
  -9    5  -49   10    9   -7  -20    1
   0   12    4    6   18  -14    9    3
  11  -40   -8  -17    3    0    0   25
   0    4   23   -5  -20   -6  101  -28
   3   -5  -13  -11  119    0    5  -19
  -1  -18   16  -10  -13  -20   -2    0
  -5  -18  -19   21   -9   27   26    5
   2   -3    2    5    0   14  -57  -31
  -6   13  -55    6   19   -5   -6   -1
 -11    8    2   12    0  -12    0    2
  13  -28  -18  -15    2    7   -4   11
  -7   -4   16  -14  -26  -13   99  -20
  -6  -17  -23  -13  115    3   -6  -13
  -3  -15   21  -20   -8  -23    7   -3
   2    1  -10   26   -5   38   29    6
  12   -4   11    5   12   23  -57  -31
 -13   -6  -33   15    7   -2    0   -9
 -26   32   13   17   17    0   17    8
  25  -40  -11  -12   11   17   -3    4
  25   -4   27  -18   -5  -15  105  -26
  -6    3  -29   -9  114  -10  -10  -16
  12  -19    4  -12  -19  -18    0  -19
  -3   -5    0    0   -2   10   29   16
  -4    1    0   -5    2    5  -60  -28
 -11  -11  -33    7   15  -12   -7   -5
 -18   13    7    4    5    0    4    4
  21  -42  -23  -16    9    9   -6   10
  23   -3   24  -10   -9    7  115  -29
  -5    9  -12   -6  117   -7   -9    0
   2  -11    9    8   -7  -18    3   -4
   0   -6   -4   19   -3   13    3   -9
  -1    0    4   -1   -3    1  -66  -22
  -9    0  -36   16   13  -11   -9  -11
 -12   25    5   16    8   -4   10    3
  23  -41  -13   -2   18    9  -12   13
   7    0   27  -10   -2  -13   96  -18
   0   10  -25  -10  120  -16    0  -14
   7  -23    6    0  -12  -26   11   -4
  -2   -5   -7    6   -7   13   19    1
   0   -9   10  -11    0    5  -65  -23
  -8   -3  -38    2    9  -10   -2  -11
  -4   18   12   14    8    0   13   -6
  20  -49  -24  -13    6   12   -7    5
  12    0   31   -7  -13   -4  103  -32
   1  -14  -16  -16  120   -1   -3   -9
  -1  -16    8  -11  -10  -21    9    0
  -8   -3  -10   15    9   10   23    2
  -6   -3    7    1   11    7  -60  -25
  -9   -1  -42   10   16   -5   -8   -5
 -19   13   10   19    6   -1    0    5
  15  -40  -23  -10   11    9  -16    4
   8    0   10   -1  -20   -9  100  -19
  -4    6  -14   -8  124   -2   -4  -12
  -3  -15   11   -1  -14  -20    0   -4
  17   -1   -3   21    9   13   18   -3
  -9   -2    0   -3    6   17  -61  -28
 -19    5  -40   12   15   -5   -7   -2
 -12   23    5    3   -8    0   -5    1
  12  -55  -23    9    0   18  -10    3
   3  -10   16  -13  -28   -3   91  -32
  -3   -6  -25   -8  114   18   -9   -3
   0   -8   10   -5   -9  -20    3    0
  18    1   -3   41  -12   20    7   -3
 -13   -4   18   -1   31   18  -66  -22
 -12   12   15  -51   17   -4  -12    0
   6   19   34  -18   18   44   40   26
  93  -20   -4  -28  -45   21   -6  -20
   5  -38  -18  -21  -44   -7  -55  -55
  38  -37   24   23   13   31  -52   -7
  26   10   10   43  -23  -21   -1   30
 -26  -35   20   55    4  -17    0   21
 -17    8  -22   -8   15   13   -7  -19
  -3   19   18  -37    8  -23  -11    5
  -7   16    7  -30   13  -11   44   26
  98   -1   -1  -23  -23   26   19  -40
 -22  -49  -17   13   10   13  -43  -12
  80  -28   23    2   46   20  -27   -5
  -1   -8   21   19  -28  -21  -26   20
 -26  -29    1   15    8   -8  -14   20
  -8    3  -28  -13  -40   -2   10   -4
  -3   20   -9  -42   13   -6   -3  -10
  -8   15   -4   -8   21   48   35    5
  61   -4    0  -10  -52   13   -6  -25
  41  -20    2  -28    1   -6   29  -20
  47  -27  -15   -5   89   30   12  -22
  -4  -30   36  -14  -27  -21    0    9
 -21   -9  -28   35  -12   10   -2   32
 -10   13  -12   -2  -44  -13  -36  -11
  -9   13  -43    9    4   -7   -2   -7
  -4   13   -2    6    1    5   12  -11
  13  -31  -21  -12   11   11  -11    4
  14   -5   16   -5  -13  -14  102  -23
  -4   -9  -22  -11  118    6    3   -8
 -15  -24   17  -17   -7  -13   -4   -6
  -5   -3   -6   12   -1   33   23    8
   6   -1    9    0    4   12  -63  -29
  -5    6  -46    2   21   -2  -25   -2
  -5   16   -3   16   -3   -1   -4    9
  17  -31   -9  -13    3    5  -16   18
   1    6   32  -18  -13   -7   97  -26
  -8  -17  -25  -18  120   -1   -4   -6
   0   -6   23  -11  -13  -18    5    2
   2  -21   -2   23   -6   28   23    0
   7  -10    9    4    2   -3  -56  -32
  -7    7  -44   11   12  -11  -20   -3
  -8   22    1   10    3   -7    3    2
  14  -33  -14  -12    0    7  -13   18
   1   -2   18  -17  -17  -15   96  -27
  -6  -27  -13  -17  117   -1    4   -9
   3  -10   17   -4  -12  -17   10   -4
  -4  -16    0   27   -2   36   18   12
  11   -7    8   -1   11   12  -64  -30
  -9   -6  -29   14   11  -18  -14   -8
 -27   28   24   -7    9   25    4   11
  34  -65   -1  -17   10    3   -2    3
  11  -12   20    5  -25    2   62  -48
  -6  -26  -20    8  113   -3   -3    4
  30   -6    8   42  -13  -33  -11   -7
   2  -17   20   46   -2    8   12    1
 -12   -9  -11   -1   -4  -14  -54   -9
 -14   -1  -12    0   13  -14  -14   -4
 -29   25   31    9   15   23  -23    1
  56  -36   -7  -30   26   24    2    6
  17   19   21   11  -38  -12   41  -56
  -6  -15    9   12  106  -17  -20  -15
  37   -9   16   52  -15  -24   18  -14
 -11  -33   11   29  -25    8    7   -5
   0  -12  -15   -6   -5  -42  -36  -17
 -16   -3  -15    3   14  -24  -17   -8
 -27   28   29   12    8   -3  -19    1
  42  -61   -8  -25   27   10    5    0
  18   20    4   24  -15   11   26  -38
  -1   -6    1    2  112  -20   -5   -6
  40  -13   -1   68  -14  -37   16    1
   6  -28   20   43  -15   -2   -7    0
   8  -13  -23    3   -9  -46  -31  -25
 -21  -12  -38   11   13  -10  -16   -5
 -15   35   24   16    2  -13   12   -1
  34  -61  -13  -23   17    3   -5    6
  15    1   23    3  -10    8   79  -37
  12    6    1   -3  116   -2   -9   -2
  17  -23   15   21   -3  -34  -20    3
  -1  -10    7   42   -5   12  -14   -4
  -1   -3  -11   -4  -12  -11  -51  -24
 -19   -5  -26    4   23   -8    2   -5
 -22   28   39   10   13    8   11   -1
  42  -55   -5  -17   -5   12    0   17
  12    5   24    5  -31   -1   81  -40
   6  -21  -12    2  109  -16  -12  -21
  32  -13    4   18  -17  -32   18   -8
 -13  -20    4   16    5    6    3    9
   1   -1   -9    0    0  -18  -65   -7
 -26  -13  -28   15   25  -23  -13  -14
 -23   32   20   16   10    0   13    8
  24  -58   -7  -28    0   23   -6    1
  15   -5   15  -12  -27    3   75  -26
   0  -12  -16    3  114    1    2    0
  34  -22    8   11  -15  -18   -1    1
   6  -26   12   32   -6   17    9    8
  -4    9   -6   -9   10   -4  -62  -32
  -5    1   12  -52   -8  -17  -24   -2
 -30   11   21  -46    3   86   29   -8
  60   -5   24   11  -20   37  -19  -14
  22  -19   31   -8  -10    3   -9  -49
  46  -24  -23    3   75   18  -16   -3
   6  -10   41   46  -21  -14  -16   11
  -2  -39    2   25   -3  -22  -12    7
 -24   17  -21   12    1   -1  -50  -13
   2    4   -3  -13   28  -16   -3   23
 -26   13   62  -34   -8    7   51   16
  57  -13    7  -13  -19   16   -3  -11
  18  -47   34   -2  -14   -1    0  -10
  84  -33  -22   15   81   -9   -8    6
 -18  -22   26   26  -16  -28  -22  -12
 -48  -16   -3    4  -42   24  -16   27
 -16   11  -11   -2  -36   -3  -23  -14
  -8   -6  -33   29   16  -14    1   -5
 -31   16   17    4   10   -8   21    7
  19  -73  -20  -14    0   19    1   -2
  18  -10   34   -3  -12   11  103  -24
  11   -6   -8    0  116    0   -4    0
   8  -35    5   -1  -12  -24  -19   -6
  -7   -1   -5   19   -2   18   -3    2
  -3   -2   10   -2   -5   -3  -50  -23
 -11   -8  -34   13    9  -20   -2  -16
 -12   15   24   21   19  -11   10    5
  28  -46   -8  -17    3   12    0   -1
  19    0   23  -11  -18   -9   98  -26
  -1  -11   -3   -2  119   -5  -14  -14
  24  -10    9   -1  -11  -29    4  -13
  -5  -20    0   24   -4    9    0    5
   0   -3    9    4    5    1  -61  -22
 -16   -5  -18   14   23  -14  -13  -21
 -25   36   19   23   20    5    3   12
  42  -42   -2  -21   -3   16   -1    3
  14    0   16  -17  -17   14   69  -42
   3    0    0   -2  117   -7   -2   -8
  20  -21    0   26  -12  -23   15  -18
   3  -28   -3   12   -9    7    9   -8
  11   -3   -8    3   -3  -29  -58  -22
 -15   -9  -30   -4   -4  -16  -20   -8
 -25   38   30    9   17    3   14   -1
  19  -37    1  -19   17    7   -2   21
  16    0   24  -38   -5   -1   68  -32
  -5    9  -13  -11  123   -4   -4   -9
  21  -19   14   14  -12  -22   -1   -4
  17  -30   -1    4  -15   17   29    0
  10   -7    3   -3  -15   -4  -56  -15
 -12   13   13  -17  -14   -4  -33   -6
 -44   16   28   -3    7   59    7   -3
  41  -11    6    1   50   31    3   25
  20   30   29   -7  -26   -4  -22  -40
 -12   -5   -1   -4  101  -24  -18  -12
  11  -19   10   70  -27  -32   -9  -19
 -13  -17   10    0  -35   -5   16   23
  20  -24  -26   17   -2  -37  -32  -21
 -16   12   17  -31  -17  -23  -14   -8
 -47   13   25   -8   18   44   -2   -6
  35  -11   17  -10   58   16    7   19
  15   41   14   -7  -35   17  -25  -61
 -25    7    0   -2   97  -13   -8  -14
  20  -13   21   69    0  -23  -13   -8
 -16  -10   31    9  -30    7   19    8
   6  -19  -26    0   -2  -34  -37  -28
  -8   18   25  -26  -14   -7  -26   -1
 -29    7   30  -10   11   56   10   -1
  39   -4    3    0   48   23   -6   33
  30   34   23  -15  -32  -12  -15  -56
 -23    3    4    8   97   -5  -20  -18
  14  -16   24   68  -27   -8  -11  -17
  -9  -22   16  -14  -37    0   22    6
  17   -9  -36  -12  -11  -43  -38  -23
 -12   -2    4  -21   -7  -23  -24  -18
 -42   22   26  -11   27   46    0    2
  44   -1    8  -12   32   26    6   20
  35   32   35   10  -26   14   24  -45
 -11   -1    3   -4  103   -8  -25  -17
  18  -24    8   57  -34  -23    0  -14
  -6  -17    6  -21   -9   -2   16   27
   1   -5  -29  -11  -28  -34  -46   -7
 -19   -3   -4  -15   15  -30  -18  -14
 -41   35    8    6   22   31   -9    1
  60  -29   24  -33   29   28    0   26
   9   19   37  -22  -37   12    1  -52
  -3   25  -15   29  100  -20  -15  -11
  27  -17    0   49  -11  -38  -15   -8
  -2   -8   17    4  -13    4   15    3
  18   -6  -24   -5  -10  -22  -44  -14
 -14   33   15  -15    9  -24   -7   12
 -24   12   57  -19  -27   -3   14   11
  52  -45   13  -18   -1   23   -9   -1
   7  -33   21  -25  -22   60  -40  -46
  22  -68   20    5   33    6  -57  -19
  58   15  -13   73    0  -45  -13    0
 -18  -32   50   81  -11   15  -18   -6
  -2   -3    0   -7   25  -18  -29  -10
  -5   41   12  -27   14   -9  -24  -10
  -4    8    8  -35    2   51   22   13
  92    3   -7  -29  -17   14   -6  -34
  12  -28   -9   14  -17    0  -79  -36
  43  -53   20    6   28   32  -38  -32
   8   23   33   51   -6  -25  -22   38
 -33  -22   17   10   -3    0    6    4
   0   -5  -27    5   -3    0  -20    2
   5   55   22  -45    6    2  -32    3
  -9   12   -9  -56   12   52   25   -2
  74   11  -14  -26  -24   16   -1  -29
  28  -26  -26   -4   -3   -2  -58  -19
  57  -20    8    0   51   38   -4  -24
   3  -11   40   12  -20  -26  -40   26
 -15  -25   -9   30    5   -8  -15    3
  -1   11  -26   -1  -37   -8    8   -5
 -15    1   18  -11   11  -27   -2    5
 -13    2   42  -16  -10  -13   36   29
 101  -29    7  -16  -10   52   18  -15
   7  -43    0   11    3    8  -26  -24
  64  -52   15   -2   60    7  -14  -24
   8   -2  -13   45  -15  -29  -11    8
 -32  -10   -5   31    6    0  -15   21
 -19   -2  -27    5  -18  -27  -24  -19
 -18    5  -17    2   37  -27   -7   -2
 -21   29   55   -5    8  -20   15   -2
  49  -63  -10  -22   10   22   10  -12
  12   -8   23    5  -15   14   52  -25
  21  -22    3    9  106    6   -9    7
  17  -19    3   35   -9  -37  -20   -4
  -7  -21    8   50  -39    7  -24    5
   3   -6  -17  -11  -18  -37  -37  -22
 -18   -7  -14    0   16  -12  -17   -7
 -32   30   35    9   11   28   26    8
  30  -51   12  -28   22   18    5   18
  35    0   29   10  -22   -9   57  -35
  -1    2  -14    8  112   -1    1   -9
   5  -32   16   33  -26  -20  -21  -20
   1  -24    1  -13   -4   -5    5   22
  -2    5  -13  -17    0  -42  -53  -11
  -9   19  -18    6   26  -19   -4  -10
 -15   24   54    0   24   39    9   -3
  40  -20   27  -26  -22   14   -9   19
  26   -3   54    3  -16    0   31  -28
  -6  -32   -9    5  108    3   -7  -21
   2  -21   23   21  -31  -32  -13   -9
 -24  -41  -13   -2  -33   13   29   12
   8    1  -20   -1  -11  -36  -38  -25
 -12   19    0    7   12   -8  -13   12
 -25   23   49  -41    0   32    6   18
  68  -19   27  -25   14   14   10    4
  26  -17   42  -22  -24   -6   -5  -46
  20  -29  -20    5   83   -8  -13   -9
   8  -12   28   55  -14  -41  -12   -4
 -33  -30    0  -15  -25   -2   15   22
  -2   24  -11  -13  -15  -18  -54   -6
 -13   -1   25  -14   -8  -15  -25  -11
 -42   26   49  -56   16   56   31   18
  61  -25   14  -12   20   31    7   -8
  12  -13   23   -4  -21    6   -2  -48
  37  -28  -16   32   65   -1  -22   -1
   7   -5   13   77  -15  -42  -28   -3
 -18   -6   14    8  -19    7   -2   25
 -26    3  -30   -4   19  -11  -53  -30
  -5   -2    1    4   14  -17  -25   11
 -19   20   40  -35    1   34   15   10
  71  -26   11  -27   32   32    9  -11
  18  -31   22  -18  -27   32    1  -52
  31  -18  -18   12   86  -13  -20   -2
  23  -25    4   74  -33  -41  -11   -3
 -19  -11    0  -15  -23   11  -19   24
  -1   11  -14   -5   -5  -25  -27  -17
 -16    6    5   -6    3  -31   -5   17
 -25   16   56  -27  -31   20   30   10
  34  -49   -4  -14   15   10   -5  -32
  11  -48   22   -3  -26   52  -13  -43
  48  -57   -3   19   48   29  -37   13
  40   -8    5   65   -6  -30  -21  -10
 -31  -19   54   93  -23   -2  -31    3
 -24   -2    0    3   26   -2  -36  -16
 -20   35   25   10   18  -34  -21   20
 -23    0   39  -23   -9  -21   34   19
  64  -51   -5  -27   10   38   18  -40
  12  -35   -9    6  -27   35  -79  -22
  31  -56   24    6   10   17  -49   -6
  43   11  -22   63   -1  -29  -21   19
 -15  -33   23   91    5   14  -21   -7
 -17   -8  -27    4    0  -15    9   -7
   1   43   27  -46   -6    5  -30   10
 -28    9   17  -52   -5   77   12   -3
  45   11   -5  -12   29   28    7    7
  37  -11  -15   -5  -14   12  -73  -47
  22  -37  -16    4   65    2  -15  -21
   3   -2   41   93  -23  -17  -14    5
 -11  -32   22  -18  -27  -10   -6  -24
   7   10  -17   -2  -13  -11   -5  -17
 -10   43   19  -79  -16   -6  -38  -14
 -32    8   43  -36   19   39  -10  -15
  24    9  -11   -2   56   23    0   23
  40   33   19   -2  -26    6  -44  -57
 -18   -1   11    8   59  -13  -16  -22
  22   -7   29   99   -5  -10  -13   -3
 -16  -26   28   -7  -29    0   28    5
  19  -21  -16   -8  -26  -50    0  -12
   0   17   13  -45  -18  -27  -20  -14
 -28   16   37  -38   -3   23    6   -7
  44    0   10   -6   58   22   23    7
  15   28   34   -9  -14    3  -15  -51
 -10    3   -1   12   84    0  -26  -35
   9   -3   18   95  -25  -23  -22   -3
 -19  -30   11  -13  -33    8   18   17
  22   -4  -23   -6  -12  -47  -23  -16
  -5    0    9  -38    7   -7   -6   -3
 -23   27   -2  -26   16   75   27   34
  94    8    1   -3  -16   11   -8  -12
  32  -24   29  -14  -12   -2   -2  -46
  44  -26  -15   11   57    7  -25  -10
  -2  -21   28   34  -25  -29  -11   21
 -12  -39    9   17   -4   -4  -14    4
 -30   17  -25    6   -6    1  -54  -13
   3   11   -2  -20    8  -11  -24   11
 -22    5    8  -45    1   51   55   25
  71  -14   14  -24  -30   25  -21  -17
  47  -41   15  -29    7  -15   22   -5
  74  -34   -1    0   76    9  -10  -11
   5  -14   25    8  -34  -28  -27  -17
 -33    0  -15   23    0    3  -24   16
 -25   13  -11    2  -22   -6  -22  -10
 -13    0  -12   -7   25  -26   11    0
 -23   17   41  -14   11   23   54   19
  88  -32    2  -13  -29   33    5  -20
  25  -17   40   -2  -22  -16   28  -25
  48  -18   -5   -1   78    9  -28  -22
 -14  -17   13    5  -13  -38    4    3
 -33  -12    8    5  -20   24   -6   23
 -10    0  -21   -8  -16  -19  -44  -12
 -16    8  -16   16   13  -23  -12   -6
 -40   28   48   -5   30   26   20   10
  68  -38   19  -29  -19   21   -2   -2
  25  -14   30  -30   -6    6   23  -46
  13   -8    0   -2  102   -5  -18   -7
  20   -4    3   34  -17  -30  -10  -20
 -22  -23   15   -7   -6    5    1   -1
  13    8   -8   -1   -7  -29  -48  -11
 -11   -1   21   -4   -2  -19  -13   -5
 -36   32   44  -26   -2   19   57   21
  93   -4   17  -31   -9   44   -7   -5
  24  -29   16  -29   -1  -20  -13  -42
  48  -16    3    9   60    0  -11  -14
   0  -17   -3   48  -27  -37  -19  -16
 -40  -11   26   -6    5   13   -3   12
 -24   16  -14    0    1   -3  -40   -4
 -14    1   10  -17   16  -24  -18   20
 -34    2   55  -47  -22   47   30   15
  61  -35   16    3   12   29   11   -9
  13  -50   37  -17  -20   31   -8  -42
  53  -38  -31   20   64   12  -32   11
  -4    0   26   56  -22  -30  -27    3
 -20   -4   24   15  -25    1  -28   19
 -17    1  -14  -15   24   -6  -45  -25
 -15    0   26    0   23  -24   -9   27
 -17   10   48  -25  -15   -7   60   17
  67  -36    6  -18  -16   17    6  -45
   2  -44    9  -27  -32   45  -79  -35
  67  -56   12   19    8   12  -56   -6
  14   21    3   42  -15  -27  -20   19
 -21  -27   33   78    0    9  -24    4
 -19   -3   -7    0   25    6  -16   -3
   4   47   34  -37   17   -6  -12   20
 -17   22    6  -49   -9   32   37   12
  74   21  -12  -26  -24   34    1  -18
 -10  -36   -1  -29  -26    8 -103  -22
  67  -43   21    2  -24   16  -29  -24
   4   27   35   14  -25  -17  -28   33
  -7   -6    7    7   13  -16   25  -10
  -6    9  -20   -9   -6   -1   19    4
   0   70   19  -63    1   -3  -30   -2
 -32    9    7  -59    0   89   14  -12
  33   28   -9   -2    9   34    2   12
  39    0   -7  -18  -28   19  -62  -26
  -3  -37  -14    9   53   14  -12  -16
  -1   -2   48   69  -21  -27  -18    4
  -8  -24   19    2  -22  -25   -1   -6
  11    1  -34   -6  -24  -18   21   -8
   0   37   29  -61  -16   -9  -38   -5
 -35    6   24  -27  -14   69   -4  -10
  21   16   -7   14   73   24   17   23
  29   21    4  -17  -39    6  -70  -58
 -27  -16    3   12   61    7  -20  -18
  20  -14   40   88  -21   -9  -12   -4
 -13  -24   32   -6  -24   -2   -7    2
  23  -17  -14   -2    4  -36  -17   -5
 -13   34   12  -54  -17   -6  -27   -9
 -32   25   35  -18    4   44   -7  -12
   9   16   -6    0   55   21    6   38
  34   43   19    7  -36    2  -64  -60
 -35  -10    3   12   62   -1  -14  -36
  10   -5   29  100  -11  -13   -9  -18
   0  -30   35   -3   -6  -19   34   16
  19  -17  -25   -7  -14  -52   -2  -18
  -9   18  -19  -30   -2  -16  -27    0
 -30    9   25  -12   22   53   17   -1
  47   -7   15  -29   31   22    0   21
  27   15   23  -17   12   15   11  -28
 -15   17  -18    7  110   -6  -14  -22
   3  -37   27   53  -26  -35  -10  -15
   3  -18   -5    1  -29  -24   12   -2
  14    6   -4    0  -35  -49  -19  -20
 -18    2   -7   -2   19  -14  -25   -2
 -34   19   44  -14   18   37   12   -2
  37  -14   -3  -24   25   28    4    3
  21   10   44    7  -33    4   48  -31
  12    1  -15    3  113   -4   -4    3
   9  -35   18   37  -30  -15  -13   -4
 -19  -31    4  -21  -24    2    0    9
   7   -2  -14  -11   -6  -32  -54  -20
 -11    0   -3  -11   23  -15   14    5
 -26   32    8  -11   -3   42   28   10
  40  -29    5  -14  -18   16  -12    1
  62  -20   34  -37  -13  -24   56  -24
  25  -17  -33    7  100   11    5  -18
  21  -31   30    1  -23  -25  -17   -1
 -20  -15   -2    7  -23   16    4    5
  -7    5   -5   -9   12  -12  -59  -18
  -2   10  -12   -5   24  -14   10   15
 -37   23   38  -14    2   17   33   19
  43   -6    4  -17  -19   21   -7    5
  50  -28   65  -22  -23  -15   51  -21
  28  -22  -19   -8   90    0  -16  -13
   9  -28   37  -17  -29  -40  -12  -10
 -25  -18  -11   -8  -14   31    5   23
   0    7    0  -15   -7  -13  -55  -22
  -6    9   -4  -12   18  -17   -2    0
 -10   26    8  -41    2   52   51   19
  67   -5   22  -12  -35   22  -19   -4
  46  -15   46  -27   -6  -21   15  -30
  42  -44  -15   -6   76  -10    8  -16
  17  -25   26   12  -18  -42  -14   -2
 -25  -22   -8   24  -15   12  -14   32
 -26   10  -16   -2    0    1  -55   -7
  -8    1   28  -21   14  -33   -4   32
 -35   32   46  -35  -27   22   30   12
  54  -40    5  -25   11   31    9  -16
  18  -43    8  -11  -16   47  -62  -38
  74  -43    0    6   21    9  -62    7
  24   12   15   54  -18  -23  -29   -9
 -21  -10   49   69  -25    4  -48   -1
 -18   -6  -17    7   27   -9  -26   -6
 -13   26   28  -11   20  -21  -26   27
 -20   20   30  -35    2  -24   65   13
  79   -8  -13  -21  -22   31   13  -40
   7  -16   -7   -9  -29   11  -91  -26
  68  -52   12   20  -28   22  -49    2
  10   24   -4   27  -31  -23  -25    2
  -5   -1   25   67   32    2  -27   -9
 -17    5  -13    0    9   -9    2    4
  12   60   32  -62   21   -6  -26   26
 -24   11   20  -65   -9   29   37    5
  50   20  -11  -24  -35   39   10   -7
  15  -24   -8  -31  -20   29 -105  -14
  37  -40    2   -7  -17   16  -22   -6
  -1   29   34   13  -37  -19  -37    9
   7  -16   28   19    9   -2    8  -28
   2   18  -21   -6  -10   -6   26   16
   8   72   14  -45   -2  -17  -29    5
  -9    7   16  -42   -3   79   29    7
  36   29  -21  -26    4   38   -1   -2
  43    9   -5  -23  -14   18  -84  -40
  -1  -20   10   13   49   14   -7  -16
   1   -9   37   54  -22  -27  -23   10
 -21  -39   16   -4  -32  -14  -10  -11
   9    3  -26   -3  -32  -33   21    3
  -6   45   21  -67  -18   -4  -15   -3
 -35   10   21  -28   -8   54  -18  -28
  16    6    0    9   75   32   14   26
  41   35   -7   -7  -23   20  -57  -60
 -19  -10   -4    3   45   -3  -12  -20
   9   -7   32  104  -31   -9  -12  -14
  10  -24   36   -6  -18  -25   15    2
  23  -16  -18  -10  -15  -46   -3    6
  -8   41    1  -55  -19    1  -34    1
 -35    9   39  -12    0   38   -9  -10
  22   -5   16    9   61   30   21   21
  43   39  -10  -12  -41    7  -55  -60
 -32   -4    5   15   60   -2  -17  -24
  26  -24   24  100  -22   -7  -17   -2
   5  -20   28  -27  -19  -13   10   17
  15  -14  -22  -31  -19  -44    8  -10
   0   40    4  -57  -16  -14  -31   -9
 -51    0   12   -6   -4   66    1  -16
  11   -1    0   -2   69   22   13   31
  36   44   13    3  -19    7  -56  -61
 -40    0    0   14   69   -8   -4  -26
  25  -20   25   81  -24   -7   -8  -19
   3  -20   21   -7  -27   -8   10   17
  27   -9  -25    3   -4  -46   -9  -12
  -9   24   -4   -8   14   -3  -27   17
 -40   28   57  -26   -5   25  -12   -2
  28  -24   -2  -22   33   16    8    4
  10   26   27    4  -25    5   23  -28
  -2  -19   -3    1  114    5   -6  -19
  17  -29   29   50  -22  -35   -7   -8
  -4  -23   -8   16  -23   -9  -11   -9
  35   -1  -13   -9  -13  -41  -37  -20
 -20    0    6   -7    8  -32  -30  -14
 -19   30   30    4   13   33    6   10
  55  -32   21  -37   15   12   -6   31
  22    0   44  -17  -14    2   22  -45
  -8   -7   -5    0  105   -3   -1  -11
  34  -21    8   39  -29  -25  -12  -11
  -5  -30   10    2  -31   -6   31   26
  12  -10  -21    2  -11  -31  -46  -13
  -7   -2  -13    1   27   -5   -8   13
 -29   28   42   -1    5    7   24    1
  39  -31    4   -9    0   25    1    5
  25   -5   35    5  -36   -5   63  -28
   1   -1  -20   -2  112   -7   -6  -10
   8  -20   16   22  -29  -41   -6   -8
  -4  -22   -6   -4  -14   28   -1    3
   0   10   -3  -21  -14  -42  -58  -10
  -5    7  -21    0   24  -17    6   13
  -4    5   60  -10   -3   -1   34    7
  49  -33   10  -15  -36   11   -6   -2
  38  -37   48  -30  -29  -10   45   -9
  36  -15  -21   -1  102    0   -6   -8
   8  -16   18    7  -42  -34    5  -11
 -45  -23  -11    4   -9   24   12   26
  11    2   -9   -5  -15  -15  -38  -15
  -1   -4  -15    4   26  -13   -1    2
 -17   18   23    3   -4   34   54   12
  47  -31   13  -19  -27   22   -1    1
  50  -21   31  -39   -6  -25   56  -25
  17  -18  -18  -13   96   -8   -2   -8
  14  -32   39  -14  -19  -32   -5  -13
 -31   -7  -22    4  -26   15    1   22
   0   11   -2   -1    3  -24  -57   -6
   2   67   29  -49    8   -2   -5   23
 -25    1   15  -70   -2   39   41    7
  63   18   -5  -26  -19   31    4    0
  29  -29   11  -30  -15    6  -84  -29
  46  -44   -1   -1    0   22  -35   -8
 -13   19   45   21  -34  -36  -16   -9
  -8   -1   30    3  -10   -7    5  -10
  -2   10  -21   -2   -6   -6   28  -10
   5   87   22  -55   -4    2  -28    8
 -15   14   22  -58   -4   55   27    8
  37   21   -7  -26    0   33   -4    9
  23  -12    3  -35  -34    9 -116  -24
   5  -18   10   11   13    8  -19  -15
 -15   16   47   28  -21  -14  -19    9
 -22  -21   26   -4  -19    0   19   -9
   1    6   -4   -8  -16  -25   29   -9
  13   60   21  -57   -1  -16  -12   13
 -21   26   16  -52  -17   70   10  -15
  33   13   -5  -12   14   22   27   15
  15   -9    2  -29  -30   18 -109  -39
   2  -30  -15    0   37   10  -11  -19
   5   31   51   64  -10  -15  -20    0
  -1  -31   34  -10  -18  -14   11  -15
  13   -7  -18  -10  -12  -34   22  -10
   0   58   17  -57  -16  -13  -31   -1
 -41   10   27  -36   -1   48  -12  -21
   3   17    0    4   61   25   16   20
  30   30   -2  -10  -28   17  -67  -43
 -33  -17    1   18   57    5    0  -14
   9   -4   23  102  -21  -23  -17   -4
 -13  -32   29  -11  -35   -5   19   14
  19  -12  -25   -3  -17  -40    8   -8
  -6   57   16  -57   -7   -8  -41    4
 -34   12   41  -27   -4   46  -13  -21
  23    4  -16  -12   53   21   14   40
  34   26   21  -20  -25   22  -70  -68
 -30  -21   16    6   52   -2  -25  -18
  30    4   19   79    4  -17   -8   -5
   6  -17   20  -21  -38    6   28   -2
  24  -15  -19   -5  -12  -53   -7   -4
   3   61   12  -53  -19    2  -54   -4
 -57    8   41  -25    2   31  -12  -27
  33   -3    6   -3   56   31    3   20
  34   55   -5   -4  -22   -3  -59  -46
 -15    3   -3    3   53    3  -26  -26
  15    7   15   87  -19  -15  -11   -4
  -1  -25   24   -7  -20   -7   14    6
  21  -23  -31   -9   -9  -29   -7    1
  -3   25   16  -38  -13   -3  -28    1
 -42    4   27  -23  -10   25    0  -28
  11    7    7    0   65   22   11   28
  29   36   18   -7  -19   12  -51  -66
 -24   -7    4    2   81   -2  -29  -16
  22   -4   22  105  -17   -6  -10   -4
 -11  -30   28   -2  -47   -8   13    4
  24  -18  -32   -2    0  -35  -12  -16
  -7   31   -1  -21   -9   -9  -23    7
 -41   19   42  -14   25   57  -11    9
  34  -16   -8  -36   42   14   -1    4
  28    1   21    8  -14  -14   -5  -28
 -23  -14   -3   15  106  -11   -7  -24
  28  -44   24   59  -27  -12   -7   -7
  11   -5   20    3  -38   -7    5   12
  16   -1    3   -9  -35  -46  -30  -21
 -14    6  -20  -33    5    3    4   -7
 -33   23   15    1   24   70   10   -9
  34  -27   11  -13  -11    6   10    1
  27   -2   46  -11  -20  -10   31  -53
   7   14  -22   -1  109    4   -9   -9
  25  -18   21   22  -24  -24    6   -8
   8  -29   15   10  -21   -6    1   11
  -1    0   -5   -5   11  -18  -68  -18
 -10   13    4    6   10  -30  -34    4
 -19   16   61  -15   10    9   18    5
  44  -22    7  -18   -2   24   -2   22
  17   -9    4   14   -5   -4   32  -33
   7  -12   -6   -8  115    7  -13  -16
   7  -25   11   35  -29  -34  -18    0
   0  -27   -9   18   -5   -5   15    0
  28   17  -20   -1  -45  -45  -34  -30
 -13    2  -30   -4    7  -15    3  -12
 -18    9    6    0    3   15   26    1
  31  -29   -6  -20   -6   23   -7    3
  46  -16   40  -24    1  -19   86  -31
   8    4  -43   -5  106    4    7   -1
   9  -23   17    8  -16  -36    6   -3
 -17   -3    2    8    1   12    5   16
   2   11    9   -6    3   -8  -67  -31
 -10    1  -25    7   27  -16   15    4
 -19   19   34    5    2   -7   28   25
  51  -55   30  -35  -41    6    6   -7
  31  -14   41  -27  -21  -16   47  -21
  25  -19   -5   -6  102  -13   -8  -16
  14  -23   16   -3  -26  -24   -6  -13
 -32   -9   14   22   -5   26    8   29
  -3   13  -15   -3  -18  -21  -52    1
   5   67   25  -46    1  -10  -21  -12
 -32   13    0  -67    5   70   31  -15
  57   26  -24  -16    0   19   -2   21
  33  -14    5  -31  -25   -1  -89  -36
  27  -28    0    2   25   15   -8  -12
  -5   21   46   42  -14  -34  -14   21
 -16  -28   30    1   -4  -14   -5  -20
  10    7  -29    1    0   -8   10    1
   4   68   23  -30   -3   -5  -18    8
 -26   -3   36  -46   -7   70    8  -12
  33   15   -8  -27   36   31   16   25
  24  -15   -2  -27  -42   28  -91  -42
   1  -42  -12    5   14    7  -33    0
  -2   24   56   72    3  -15  -10    6
 -14  -34   37   -1  -43    6   16  -37
   4   -1  -21  -21    0  -23    0   -7
   5   73   22  -51  -15    3  -18    5
 -21    2   11  -60    1   71    1   -1
  24    3    0  -22   22   31   10   30
  30  -15    2  -17  -24    6  -93  -52
   7  -45   -6    0   29    5  -12  -10
  -4   16   47   69   -7  -20  -27   -7
 -21  -42   44   -6  -26    2   31  -26
   3   -4    0    0    0  -23   20   -4
  -5   68   10  -54  -11    8  -42   -3
 -48   12   29  -17  -22   57    2  -16
  21   10    0   -9   47   22   10   21
  48   34   -7  -29  -17    5  -84  -66
 -32  -18    7    6   36    0  -21  -22
  19   16   18   82   -3   -4  -21    9
   3  -42   31  -13  -18   -1   22   -6
  14    0  -29   -8  -14  -25    9   -6
   1   63   26  -42  -39    0  -25    9
 -32   -7   14  -51    2   48  -10  -22
  21    0  -17   -6   37   25    5   32
  47   23    1  -15  -36   16  -69  -46
 -11  -18    3    7   45   10  -13  -20
  14    7   23   98  -14  -14  -12   -1
 -21  -40   38  -17  -14   -7   41  -10
  28   -3  -39   -4   -8  -39    8   -6
   1   44   12  -51  -17   11  -36    0
 -36   11   19  -16    1   67    1  -30
  12    7   -3  -18   65   19   14   24
  35   23   20  -20  -32   16  -52  -65
 -20  -18   -5   11   60    5   -5  -29
  40   -3   34   92  -24  -10  -14  -10
  -1  -24   23  -11  -39   -8   10   19
  13   -9  -31   -9  -13  -50    0  -15
   0   54   22  -62  -29    0  -14   -3
 -30    0   43  -24   13   34   -2  -29
  23   12    1    2   53   25    3   29
  40   48   13  -12  -28    3  -64  -64
 -17  -13   15    3   48   -7  -23  -30
  34   -3   20   74  -19  -15  -21   -9
 -11  -21   48  -14  -53   14   34   -5
   3  -13  -17   -6    0  -43   -9  -16
  -4   21    3  -28    2   -3  -20    5
 -17   15   54  -31   -7   28   -3  -10
  37  -15   -8  -22   48   20   17   14
  20   19   16   -4  -24   23  -16  -30
 -13   -6    0   11  104   -5    6  -28
   6  -24   19   90  -27  -35  -16  -14
 -16  -15   16  -13  -35  -10    4   11
   3   10  -24   -4  -44  -43   -7  -16
 -23   -1   -6   13    9  -24  -19  -14
 -21   29   46    7   13   47    2    7
  35  -30   12  -12   36   22   -7   13
  26    0   38  -16  -34    8   18  -48
  -5  -18    0    5  100  -14  -22   -1
  42   -6    8   46  -16  -28   -4  -15
  11  -35   31   25  -41   -9    3    7
  -8   -4  -18   -6   15  -35  -59  -32
  -9   -3    3  -53    6  -16  -29    5
 -45   19   47  -10    8   14    1    1
  54  -17   -1  -26   49   13   10   17
  19   17   23    7  -27   13   -1  -36
 -10   20    6   -3  105  -15  -13  -24
  26  -24   38   60  -12  -35  -18   -9
  -8  -26    4    6  -11   10    0  -16
  15   -6  -16   -1  -16  -48  -14  -20
  -9   -2  -39   11    9   -3   -1    0
 -22   28   15    5   11  -17   23   -3
  30  -41  -11  -21    5   14   -2    2
  25   -9   18   -9  -16    0   80  -11
   3   -8  -19  -10  126  -13   -6  -10
  -1  -20   15   -8  -13  -28  -13   -2
  -8  -14   -5    8  -17   19   21   18
   0    1    0   10    0   -7  -48  -26
 -12    0  -13   -4   31  -18   18   -9
 -23   33    2    3    5   56   32    8
  52  -27   12   -7  -39   26   -9    0
  37  -22   35  -47  -14  -30   24  -40
  11  -19  -23    3   90   20  -21  -14
  22   -2   12   -1  -27  -34   17   -6
 -11  -15    8   27  -13    5    4   29
  -5    9  -23   -7   19    1  -68  -21
