Shape: torch.Size([1, 144, 64])
Range: [-57, 127]
Mean: -0.2435

量化值陣列:
  -4  -15  -11   -9   -7  -10  -19   -4
 -11    6   -6    8    7    3    0   -4
   4   -9   -1  -13   25   -7   -9   25
  -2   20    7   -7  -10   21    1  -16
 -12    4   12    0  124   -5   -3   -8
   3  -13    2    8  -12  -10   -4   -7
   6   -4   -5   36    3   -4    4    6
   6   -6  -10   -1    3   -5  -28  -22
  -1  -13  -14  -10   -6   -7  -19   -4
 -11    2   -5    9    9    0    0   -5
   4   -8   -4  -17   28   -6   -8   29
  -3   15    0   -3  -13   19    4  -19
  -7    3    1   -1  124   -1   -3   -9
   3  -11   -2    8  -12  -10   -2   -6
   6   -3  -11   37    5   -3    5   11
   7   -6  -17    3    6   -5  -25  -23
  -4  -13  -12   -1   -2  -12  -24   -4
  -6    2  -10    7    2   -1   -3  -11
   1  -12   -6  -14   25   -6   -5   26
   1   16    0   -5  -12   15    4  -10
  -7    7    7   -4  126   -7   -7   -7
   2   -7   -3    5  -14   -9    0   -7
  11    1   -8   37    8   -3    2    9
   5   -3  -12    2    6   -7  -26  -22
   0  -14  -14   -9   -4  -11  -19   -2
  -9    2  -14   13    6    0   -5   -8
   1  -10   -9  -13   24   -7   -6   19
  -1   20   -1   -4  -13   25    4  -19
 -11    6    7   -1  124   -5   -3   -6
  -1   -8    1    4  -10   -9   -1   -5
  14   -2  -10   34    4   -1    4   11
   4   -4  -11    1    8   -4  -28  -18
  -5  -16  -18   -2   -8  -14  -24   -3
  -9    4  -12    6    4   -3   -5   -4
   4  -16   -6  -13   19   -3  -10   24
   0   16   -6  -10  -11   22    7   -6
 -10   11   13   -7  122   -1   -2   -9
   0  -10    1    2  -10   -9   -4   -5
  20    0   -6   46   12   -3    1    8
   2   -7   -4    2    3   -1  -29  -21
  -2  -16  -22   -5   -3  -11  -21   -4
  -9    2   -7    5    9    0    1   -5
   4   -6   -4  -15   18   -5   -8   20
  -1   11    3  -10  -12   16    9  -14
  -9    5    8   -6  125   -1   -2   -7
   3   -8   -3    4  -11   -9   -1   -2
  11   -6  -11   41    4    4    5    9
   3   -4   -7    4    5    0  -29  -24
  -7  -14  -22   -2   -3  -10  -21    1
  -7    3   -8    2    5   -2    4  -11
   3   -9   -3  -11   23   -7  -12   26
  -5   10    0   -5  -10   16   11  -15
  -6    4   11   -3  124   -1   -4   -8
   0   -8    1    0  -10   -8   -2   -2
  11   -4  -12   43    4    1    6    9
   5   -5   -9    0    3   -3  -30  -24
   0  -14  -21   -3   -4   -9  -20    2
  -8    5  -10    1    3    2    0  -11
   2  -11  -10  -11   18  -10   -7   21
  -3   12    3   -7  -10   17   10  -11
  -9    5    4   -5  126   -2   -4   -8
   5   -7   -1    0  -14   -6   -2   -6
  11   -8  -11   42    3    4    9   11
   4   -7   -5    2    4   -2  -28  -17
  -1  -15  -20    0   -5   -6  -20   -1
 -10    4   -6    0    7    1    0  -10
   4  -10   -8  -11   14   -8   -8   22
   1    6    1   -5  -10   14   13  -11
 -10    2    3   -8  125    0   -3   -7
   1   -6    1    1  -11   -3   -2   -3
   6   -6  -17   41    5   10    6    6
   2   -4   -4    0    6   -2  -31  -20
  -1  -12  -23   -4   -4  -12  -19    0
  -8    7  -14    1    5   -3    0   -8
   8   -4   -8  -15   14   -1  -10   19
   0   10    1   -5   -6    8   12  -15
  -7   -3    7  -10  123   -2   -5   -7
  -3   -9    8   -8   -9  -11   -5    0
   6   -7  -13   43    6   13    7    6
  10   -1    0    5   11    2  -33  -23
   1  -12  -21    1   -1   -9  -18    2
  -4    4   -8    0    2   -9    2   -4
   6   -6   -3  -14   17    0   -8   28
   0    3    7   -4  -14    3   17  -13
  -2    0   -6  -13  122    0   -2  -13
   0  -12    9   -6  -16   -6   -3   -1
  -2   -8  -16   38    3   19   12   11
   5   -5   -7    1   10   -3  -33  -25
   3   -9  -22    1   -6   -7  -18    3
  -3    2   -9    1    4    1    3   -6
   6   -8   -8   -9    6    3   -9   17
   1   -2   -3   -5   -6    3   21  -18
  -8   -5    1  -19  122    4   -1   -6
  -5  -10    9  -11  -14   -9  -10   -5
   5   -3  -14   43    8   21    6    2
   8    0    1    7    9    0  -35  -25
  -4  -18  -13   14    4  -11  -12    7
  -6    6   -3    4    3   -2    5    0
  13  -21  -14  -10   10   -6   -5    7
   3   -7    3   -4  -10    3   17   -4
  -2    7   -5   -9  126    0  -10   -1
  14  -10    2   -9  -13   -9   -7    5
   1  -14  -17   19   10    4    3   11
   3   -3   -6    0    9    0  -33  -16
  -5  -16  -17    0    0  -12  -24    4
  -6    3  -15    5    9    2    0  -10
   8  -11   -6   -9   15   -4   -8   14
   1    1    4   -7   -8   15   11   -8
  -9    8    0  -11  126   -5  -10   -6
   7  -10    3    0  -13   -4   -1   -4
   9   -1  -13   36    6    4    4    6
   5   -2   -3    1    6   -2  -32  -23
   1  -17  -21    6   -2  -11  -11    6
  -4    5   -8    0    2    2    2   -7
  12  -11  -14  -13   14   -6   -9   15
  -1    1    2   -2   -9   11   18  -10
  -5    6   -6  -13  126   -3   -7   -7
   4  -11    3   -7  -11  -15   -1   -1
   3   -7  -14   32    9    5    6    5
   4    0   -7    5    8    4  -31  -17
  -3  -16  -21    5   -2  -15  -20    5
  -7    2   -9    0    8    0    5   -5
   6  -16  -10  -13   12   -7  -11   14
   6    0   -2   -5  -11   11   17   -5
  -6    4    2  -16  124   -3   -6   -7
   8  -10    2   -5  -10   -6   -3   -2
  11   -2  -13   37   14    2    3   10
   5    0   -2    1    8    1  -33  -22
  -1  -11  -21    5    0   -9  -21    8
  -5    1   -8    7    6    1    1  -10
  10  -15   -9   -8    8    0   -8   14
   1   -4    4   -4  -10    1   18  -11
  -1    0   -3  -16  125    5   -8   -2
   0  -12    9  -13  -10  -10   -3    2
  -2   -4  -18   32    8    8   10    5
   1   -4    2    0    9    0  -34  -12
  -1  -14  -21    4    4  -12  -17    4
  -3    3   -9    2   -2   -1    5   -8
   8  -15   -9   -9    9    3  -15    6
   0   -2    0   -6  -13    1   20   -8
  -6   -1    0  -19  123    0    0   -8
   0   -8    9   -8  -11   -7   -5    0
   6    5  -15   44    6   14   10    6
   3    1    1    5    8    3  -35  -26
  -3   -9  -25    5   -3   -6  -18    8
  -7    3   -9    0   -4   -2    4   -8
   9   -9  -18   -5    7    4  -13    8
   3   -5    0   -7  -15   -3   27   -8
  -3   -2   -9  -19  121    5    0   -5
   1  -13   13  -11  -14  -10   -5    0
  -6    2  -15   43    5   25   10    8
   1   -2    6    4   11    3  -33  -19
  -4  -13  -27    5    0  -14  -18    9
  -2   -1   -3    3    0   -5    3   -4
  10  -11  -13   -5   10    2   -9    9
   0   -5    0   -4  -14    1   26   -7
  -4    0   -2  -16  123    0   -1   -6
   2  -18    9  -12  -11   -6   -7    3
  -4    2  -19   37    7   17    9    7
   2    0    4    1   15    2  -33  -26
  -2  -11  -24    8   -3   -9  -13   11
  -2    4   -6    3   -3   -8    9   -3
   7  -11  -12   -6    8    7  -16    7
   0   -5    2   -8  -11   -1   26   -7
   0   -3  -10  -19  122    0   -2  -10
   3  -12    7   -8  -15  -11   -5    0
  -4   -1  -17   35    3   17   17    7
   0    0    4   10   10    3  -35  -21
  -2  -13  -23    4    0   -8  -15   10
  -6    5   -8    2    0   -6    5   -3
  12  -13  -11  -11   13    0  -11   10
   0   -7    0   -9  -13   -3   26   -6
  -3   -1   -3  -20  122    3   -5   -6
   7  -11    8   -9  -12  -14   -2   -2
  -5    2  -16   37    9   14   12   10
   2   -3    2    4    9    7  -36  -19
   0  -10  -27    8   -2  -10  -14   12
  -3    3   -8    0   -3  -12    6   -7
  10  -16  -17   -3    5    3  -10    0
   0   -5   -2   -8   -9   -1   25   -9
   0    1   -9  -19  123   -2   -3   -6
   5  -16    7  -11  -10   -5   -5    3
   0    3  -17   35    3   18   12    9
   3    0    5    8   14   -1  -34  -21
   0  -15  -26    8   -4  -13  -13   12
  -5    4   -7    1    0   -6   16   -2
   9  -20  -21   -5    4    5  -13    3
   3  -10    0   -7  -11   -3   27   -3
  -2    1  -10  -16  121    1   -4   -6
   4  -16    9   -9  -13   -9   -7    4
   1    1  -17   32    7   19    8    8
   5   -2    7    7   11    0  -36  -17
  -2  -20  -20    9    1  -12  -12   12
  -2    3    5    6    4    0   18    0
  18  -17   -6   -6    2    7  -10    9
  11  -13    9   -4   -2   -9   26   -6
   1    3  -15  -16  122   -8   -8   -4
  14  -14    2   -3  -14  -18   -9    0
 -11   -7  -14   16    1   10   18    7
   0   -1   -7    5    0   -7  -34  -13
   1  -14  -15    2    0   -8  -12    9
   0    4   -9    3   -1   -2    6  -10
   8  -16  -13   -7   -2    2   -9    7
   0   -9    4   -6   -8    1   24   -5
  -4    1   -9  -17  125    1    0   -7
   6  -12    9   -9  -15  -11   -9   -3
   4   -1  -12   35   -3   16    9   13
   7   -3    1    2    5    0  -34  -14
  -3  -13  -22   11    3   -5   -9   13
  -1    8   -7    0   -4   -3    8   -2
   9  -16  -17   -7    9    9  -15    1
   0   -8    4   -3   -9   -1   28  -11
   0   -4   -7  -15  122   -1   -6   -4
   7  -13    8  -10  -13  -14   -8    0
  -9   -3  -13   30    3   15   12   12
   4    0    4    3    6    0  -37  -22
  -1  -12  -24   14    1  -10  -12   14
  -6    3  -12    2   -1  -12    6   -2
   8  -11  -15   -6    2   11  -14    0
   2  -11    0   -6  -10   -4   30   -7
  -3   -1  -10  -20  119    2   -3   -6
  11  -15    7  -11  -10  -14   -7    0
   0    9  -18   43    4   17   12    6
   0    3    4    6   10    5  -37  -23
   2  -13  -21    9   -1  -12  -15   14
   0    2   -9    9    0  -10    9   -6
  10  -15  -20   -3    4    3  -13    0
   0   -6   -1   -6  -13   -4   25   -4
  -2    0   -9  -21  121    0   -1   -6
   5  -11    9  -11   -7   -9   -8   -1
  -5    6  -13   38    7   17   11   10
  -1   -3    3    5   12    3  -39  -21
  -1  -12  -22   10   -1   -5  -13   11
  -5    4  -10    1   -2   -8    8   -5
   9  -17  -16   -7    7    3  -15   -2
   0  -12    0   -4  -15   -2   28   -6
  -2   -1  -11  -13  121    0   -4  -12
  11  -12    9   -8  -10   -8   -6    1
  -3    8  -14   39    4   19   14   10
   0    0    5    7   12    5  -37  -22
   0  -14  -18    9    0  -10   -6   14
  -1    8   -3    1   -4   -9    4   -2
  10  -17  -18   -5    5    4  -12   -5
   3  -10   -2   -5  -13   -1   26   -8
   0   -9  -13  -16  117   -1  -10   -6
  12  -10   10  -15   -7  -14   -2    8
 -11    0  -12   39    5   23    5    8
   1   -1    3    8   25    3  -41  -20
   0  -16  -14    3    1  -12  -14   14
  -7    6   17    2    0   -4    7   -2
  14  -31  -15   -6   -2   -4  -12  -10
   3  -17   -1    0   -4    7   29  -16
   9   -6   -1  -11  119    2  -10   -1
  -1   -9    9   -7   -9  -18   -9   10
  -9   -5   -8   41    0   28    2    0
  -2   -4    0   13    1   -3  -29  -21
  -4  -13  -30    5    3   -8  -17   14
  -4    6   -5    2   -3  -10    9   -4
   8  -20  -16   -6   12    0  -14   -3
  -6   -5   -2  -10  -13    0   26   -2
  -5    4   -6  -15  121   -1   -7   -6
   3  -12    7   -8   -9   -9   -8    4
   1    6  -14   42   13   14    7    7
   3    0    7    9   12   -2  -35  -20
   1  -15  -30   10   -2  -15  -14   12
  -1    0   -6    4   -4   -6   12   -5
   8  -18  -15   -6    2    0   -9   -5
   3   -6    0  -11   -7    1   26   -2
   0   -1   -4  -15  122    0   -1   -5
   6   -9    3   -9   -9  -10   -6   -2
  -3    0  -12   35    8   17   11   10
   4   -4    9    7   10    4  -38  -23
  -5  -15  -20   11    2   -9  -14   10
  -1    7   -2    4   -3  -12   12   -2
  12  -15  -15   -6    7    7  -11    2
   0   -9    2   -3  -11   -9   30   -3
  -2    2  -16  -16  119   -4   -1   -4
  11  -11    9  -13  -13  -12   -8   -4
  -8    1  -11   37    6   19   13    6
   2   -1    1    8   10    5  -39  -26
   1  -13  -29    8   -1   -9  -15    8
   1    6   -6    3    0  -11    9   -6
   7  -14  -14   -7   10    7  -16    2
   3   -8    4   -6  -14   -7   29   -2
  -2    0   -8  -16  121    0   -6   -5
   3  -11   11  -10  -12  -12  -10    0
  -7    3  -16   35    5   24   10    7
   0    1    5    3    5    0  -35  -20
  -8  -23  -11    4    4  -15  -10    3
  -8    5   -1    6    1    1    7   -2
  10  -24  -10   -7    8   -4   -9    8
   0   -2    0   -2  -10    9   18   -2
  -4   12    4  -13  126   -6   -6   -3
  16  -12    2    2  -13  -11   -7   -1
   4   -8   -9   24   14    0    4    9
   2   -5   -4    0    1   -1  -31  -15
  -8  -18  -10    6    2  -13  -11    4
  -8    8    9    8    1   -1   11    1
  16  -27  -17  -10    3   -1   -9    8
   9   -9    0    0   -4    0   24   -7
   1    6  -10  -12  125   -5   -3   -2
  12   -9    0   -3  -11  -13   -8   -5
  -2  -13   -9   18    3   11    8    9
   3   -1   -7    3    3    0  -33  -19
  -2  -19  -17    9   -2  -10  -16    8
  -3    5   -5    4   -3  -10    5   -5
  11  -20   -9   -4    8    1  -10    8
   6   -7    5   -6   -8    1   20   -8
  -1    3   -5  -16  123   -2  -11   -8
   5  -11    6   -8  -14  -13   -3   -2
  -4    0  -14   29    3   12   14   12
   2    2    2   10    6    5  -37  -12
  -8  -19  -24    7    3  -11   -7   14
  -5    3   -4    3   -1  -10   12   -8
  12  -18  -14   -5    5    0  -11   -2
   0   -6   -1   -4  -10    4   24   -6
  -1    0   -1  -20  123   -4   -1   -8
   0   -9    3  -10  -12   -7   -7    1
   3   -1  -10   36    8   13    7   10
   7    0    3    4   12    2  -32  -18
   0  -17  -23    9    5   -9  -16   13
  -3    5   -5    5    0  -12    4    0
   9  -15  -16   -6    9    3  -12    3
  -1  -11    2   -7  -12    0   24   -4
   0    4   -4  -15  124   -4   -9   -7
   5  -14    3  -11   -9   -6  -10    0
   2    0  -15   36    8   13   10    7
   2   -4    0    6    8    4  -34  -16
   0  -14  -22    4    4   -8  -11   11
  -5    5   -4    2   -6   -8    2   -3
  12  -20  -13    0    1    3  -10   -3
   2   -6    0   -2   -8    0   27    0
  -4   -3   -6  -17  123    1   -5   -6
   3  -14    9   -7  -12   -7   -3    1
  -3   -2  -15   37    5   13    6    7
   2   -1    0    3   14    3  -37  -24
  -9   12    2  -13    6   -5   -4    5
  -7    8   26   -1  -14   32    2    3
  18  -36   14  -13  -33   -4   -9   -1
   5  -27    7   -5   -9    4   -3  -41
  30  -25    0   -6   93   20  -15    5
   9    7    2  -11    0  -29  -12   15
 -24  -24   15   56  -14   26   -7  -13
  -5   -4  -18   12   24   -2  -27   -3
   7  -10   39  -15    7   -9  -19   10
 -15   -5   47  -23   -6   14   18    9
  52    7   14  -11  -24   13  -19  -11
   8  -34   -3    0    9  -12  -13  -17
  46  -11   -3   -1   93    2   11    5
 -15   -8    7    2   -4  -20  -16   -5
 -27  -12   -7  -12   -9   11   -5   -2
 -11   15  -13    5  -14    9  -19  -10
  -3   -2   -5   -1    8   -7  -16    3
  -4   -2   23   -4    1    7   15    5
  33  -24   -4   -8  -31   -6    1  -13
   8  -26   -5   16   -8    0   15  -14
  24  -18   11   -4  112   20  -12    4
  -8  -13    5  -20   -5  -27   -8   17
 -19  -10   -5   28   -2   25   -7   -8
   0    3  -18    5  -14   -6  -20  -13
  -1  -14  -23    7   -4  -13  -10   18
  -3    8    0    5   -5  -11    8   -2
   9  -17  -15   -9   10    4   -8    0
   2   -8    7   -2  -12    0   27   -9
  -3    1   -8  -15  122   -4   -6   -6
   4  -12   10   -8  -11  -11   -7   -3
  -6   -4  -16   33    6   18    8    8
   6   -2    1    6   10   -3  -36  -18
  -3  -16  -22    8    1  -10  -18   13
   0    5    0    1    4  -10    9   -3
   8  -20   -6   -8    6   -6   -7   21
  -1   -4    8   -2  -12    2   24  -11
   3    0   -6  -13  124   -2   -3   -8
   6  -11    7   -9  -12  -11   -9   -1
 -10  -10  -16   25    2   16   12   10
   3    0   -5    8    4    1  -33  -19
  -1  -12  -26    8    4   -8  -12   14
  -7    2   -3    5   -7   -9    3   -3
  10  -13  -14   -8    6    3   -9    4
  -7   -7    0   -6  -16   -3   26   -5
  -2   -5  -13  -14  121   -2   -8   -5
   8  -11   10  -15  -11  -16   -5    0
  -5    1  -10   37    4   23   13    8
   9    0    3    9   15    4  -35  -22
  -5  -23   -8   10   -3   -7   -9    0
 -14   12   14   13    7   -2   14    5
  23  -17   -8  -10    9    6   -9    7
  11   -8   11   -4    0   -5   21   -6
   0   11  -19  -11  121  -12  -10   -7
  20  -12    0   -9  -15  -12   -7  -11
  -9  -15   -6    5   -1    6   14   15
   1    2  -10    3    0   -7  -31  -18
  -4  -25   -8    3    2  -13  -12    4
 -10    4    7    6    0   -2    8    2
  18  -18  -13  -10    5    2  -11    2
  10   -9    9   -1    0    7   23   -8
   0   11   -6  -10  124   -9  -10    1
  14   -7    0    0   -9  -10   -6   -2
  -3  -16   -9   20    6    7    0    3
   2    1   -6    4   -4   -8  -33  -13
  -4  -20  -11    8    2  -13  -13    5
  -7   10    4   10    0   -5   11    0
  18  -19   -8   -3   13    1  -13    7
   2   -6    9   -3    0   -2   14    0
   2   12  -14  -12  126  -14   -7   -6
  16  -13    0   -4  -11  -13   -2   -3
  -3  -13  -11   14    2    6    6    9
   2   -4   -1   -1   -1   -5  -33  -13
  -2  -21  -13    5    0  -11  -10    7
  -3    7    6    8    0   -2   13   -4
  16  -22  -16   -8    7    2  -11    3
   5   -7   13    0   -7    0   23   -8
   3    0   -9  -15  124   -5   -7   -3
   9  -10    1   -9  -11  -14   -3    0
 -12   -9  -11   20    7    6   11    8
   0    0   -3    7    7   -5  -34  -17
  -4  -21  -16    7    4  -11  -12   11
 -10    5    1    8   -1   -5    5   -2
   9  -20  -14   -6    7   -2  -15    1
   0   -6    0    0  -12    4   16   -2
   0   10   -2  -12  127   -5   -8   -5
   8   -9    2   -5  -11  -10   -8    0
   8   -6   -9   28   15    6    5    7
  -2    0   -4    1    5    2  -32  -16
 -11  -17  -15    7    3   -9  -12   11
  -8   10    0    0   -7   -3    5   -1
  10  -27  -15    0   -2    6  -13   -6
   0  -14    1    0   -9    3   17   -6
   1    2  -11  -11  122   10  -10    0
   7   -6    3   -6  -10  -13   -6    6
   3   -4   -8   39    2   12    2    5
  -3   -1    3    4   19    2  -37  -14
   1  -10   25  -25    0   -2  -16    1
   2   -2   34  -12   -1   25   15   12
  62    3    5  -22  -43    5  -20   -3
  -6  -31  -22   -6  -10    0  -30  -37
  21  -11   13    8   92   19  -22    9
   6   -2   -4   18    0  -12   -7   11
 -30  -27    9    6    1    0    0    0
 -11   10  -11    0   16   18  -12  -17
   8   -2   15  -18   -2  -14  -17    5
  -3   -1   22  -18   -4    6   15    9
  57   12    3  -16  -26    8   -4  -14
 -16  -35  -19    9   15    8  -23  -18
  38  -10   17    0  101   14   -5   10
  -6   -9   -1    2    0  -16  -20    7
 -25  -23    0   -8    1    1   -7    0
  -8    6  -14   -5  -14   15   -5   -8
   5   -8    0  -15    0   -3  -15   -3
  -3   -1    9    1    1   30   22    6
  41   10    2   -8  -46    5  -16  -19
  21  -24   -9   -7   12    5    2  -16
  25  -13  -10   -2  104   22    5   -2
   0  -19    8  -18   -4  -23   -6   10
 -30  -16  -15    6  -10   21   -1    8
  -7   10  -10    5  -17    5  -27   -3
  -4  -13  -18   10   -2  -11  -10   12
  -3    5   -5    2   -5   -1   11  -10
   9  -15  -15   -6   13    7  -14    0
   4   -9    2   -2   -9   -3   23   -3
   0    0  -12  -14  124    0   -4   -3
   1  -15    8  -13  -10   -8  -11   -2
  -8   -4  -10   31    4   19    9   11
   5    0    0    5    6   -1  -36  -17
   0  -16  -16    2    6   -5  -21    3
  -3    6   -3    6   -4   -2    2    1
  13  -13   -6  -10    9   -3  -15   16
  -2   -1   11   -7   -9    0   23  -10
   0   -3  -14  -15  124   -4   -7   -1
   7   -5   11   -8  -12  -12   -6    0
 -10  -15   -7   26    2   19   11    6
   7   -3   -2    9    3   -9  -31  -19
  -1  -15  -16    7    1  -11  -19    7
  -5    9   -2    3   -1   -5    5   -3
  11  -15   -9   -9    7   -3  -14   14
  -2   -6    4   -6  -11   -2   22   -9
   0   -6   -5  -15  123   -5   -3   -3
   9   -7    8   -6  -12  -12   -3   -4
 -11  -10   -6   32    6   21    9   13
   9   -2   -2    5    9    0  -35  -20
   0  -20    4   -2   -4   -6  -18  -12
 -14    8   32   -1    1   16    4    4
  36  -24    4  -19  -10   -3   -9    8
  12  -15    4   16    1   -2    9  -30
   5   -8  -12    0  114   -9   -3   10
  24   -6   -2   20   -2  -22  -17   -5
 -20  -24    4    6    4   11   10    3
   0    0  -16    8   -5   -8  -26   -8
   0  -14   16  -12   -2   -5  -17   -8
 -14    4   27   -2    0   15   -7    3
  37   -8    5  -24    7    3   -5   16
   6    6    2    9  -14    0    1  -33
   5   -3    3    8  116  -18  -16    2
  18   -8    0   31   -4  -11   -4   -9
 -23  -30   -1   -3   -3   10    6   -2
   4   -1  -17    5   -5  -24  -17  -16
  -2   -7    7  -12    0  -12  -17  -10
 -14    5   16   -3   -1   12   -8    9
  32  -21    2  -23   -8   -4   -4    0
  12    4   -7   14   -5   18   -1  -28
   7   -2    0    1  117  -16   -9    7
  17  -11   -3   32    0  -23   -3    5
  -5  -29    2    9    5    6   -2   -1
   7   -2  -23    6   -9  -22  -14  -21
  -8  -23   -7   -2   -1   -8  -16   -8
  -8   12   20    9    1   -1    9    2
  30  -24   -6  -13   -4   -3  -10    0
  12   -8    8    7    2    9   15  -24
  10    8    1   -6  120   -1   -9    3
  14  -14    1    3   -2  -21  -19    5
  -6  -18   -2   14    6    9   -5    1
   3    1  -16    4   -9  -14  -25  -16
  -6  -22    5   -7    2   -5   -9  -10
 -11    9   40    7    5    6    8    0
  37  -19    2  -17   -9    0   -7   21
   9   -3    9    9  -10   -2   16  -24
   9    0   -7   -2  114  -18   -6   -4
  24  -10   -4    8   -8  -18   -2   -6
 -21  -24   -3   -7    5    8    4    7
   6    2  -14    8   -1  -17  -30   -8
 -11  -25    3    2    2  -12  -16  -16
 -12   10   22   13    2    2    8    6
  29  -21   -3  -22  -10    9  -11    7
  12   -9    4    5   -7    3   13  -14
   6    2   -9   -2  117   -6   -2    5
  30  -14    0    0   -7  -17  -10   -1
 -11  -27    0    5    1   14    7    7
   4    9  -13    3    2  -11  -29  -20
   2  -17   18  -24  -12    0  -23    0
 -14   -3   30  -23   -6   37    9   -5
  35    7   19   -4  -17   11  -21   -1
   5  -20    4    7   13    8  -15  -31
  20   -7  -10   -1  107    7   -7    6
   6   -9    7   23    2   -3  -14    1
 -19  -29   -4   -6   -2   -2   -2   -2
 -12    8  -14   10    4    1  -27  -11
  10  -12   20   -8    5   -5  -16   12
 -13    0   61  -17  -11    9   25    6
  40    4   16  -11  -18   13  -13   -4
   8  -32    3    5   -2   -7  -12  -11
  40  -16  -14   10   91  -11    5   13
 -12  -12    6    0   -5  -27  -18   -8
 -42  -19   -4  -17  -22   29   -4    6
  -6   20  -10    6  -15   10  -21  -16
  -1  -22   -2    9   -2  -10  -10    2
 -18    3   22   10   -1   -4   23   11
  29  -32  -13   -9  -13   14   -7  -10
  16  -15   11    6    5    0   26  -13
   8    0   -6    1  117   -1   -4    2
  11  -22   -4   -7   -7  -20  -19    0
 -16  -15   -8    5    0   12    6    3
   2    1   -4    5   -5  -13  -27  -15
  -2  -22   -2    3   -3  -12  -11   -8
  -6    4   24   14    6   -4   10    4
  26  -17   -4  -14   -3    0   -6    6
  13   -8    9    1   -8   -2   23  -14
   5    2   -2   -5  122   -9   -9   -3
  23   -7   -1   -6   -8  -20   -7   -8
 -14  -23   -6    2    1    8    1    7
   5    1   -4   10    1   -7  -30  -16
  -4  -21    9    0    2   -7  -16  -18
 -12   10   26   11    5    5    3    7
  36  -13    2  -19  -12    2   -8   12
  10   -6    4    2   -4    9   10  -23
   8    8    0   -4  117  -10   -5    2
  20  -14   -7    9   -6  -17   -2  -11
 -10  -28   -7   -5    2    9    7   -1
  10    2  -14   10   -4  -21  -26  -16
  -4  -24    0   -4  -11   -6  -18  -11
 -12   11   32    3    6    1    8   -2
  19  -11    0  -15    7   -4   -8   22
   9   -5   10   -5   -2    4    3  -16
   3   12   -8  -10  122   -8   -6    0
  24  -11    0    6   -8  -13   -9   -5
  -3  -27   -7   -4   -2   12   14    5
   9    0   -9    5  -10  -10  -25   -8
   6   -2   30  -18  -15    2  -25   -9
 -21    0   30   -8   -6   27    5   -2
  28    2   13  -10   16    7   -6   28
   9   10    4    0  -11   -5  -25  -25
   2    0   -4    0  110  -22  -16    3
   3  -14   -1   43   -6    0  -17  -14
 -26  -23   -3  -16  -11    9   10    9
  12   -9  -22   15   -4  -23  -15  -19
   8   -1   35  -24  -16   -8  -17   -9
 -22   -2   24  -12   -4   21    1    0
  26    2   18  -14   17    0   -5   20
   8   16   -3   -2  -16    4  -25  -36
  -2    2   -5    2  107  -14  -14    3
   4  -12    7   45    4    2  -20  -10
 -29  -20    6  -12   -8   22   11    2
   5   -5  -22    8   -5  -19  -18  -24
  10   -1   35  -20  -16    0  -21   -6
 -14   -4   27  -11   -4   23    5   -1
  25    4   10  -11   18    3  -12   28
  12   11    0   -3  -13   -4  -22  -32
  -2    3   -1    5  109  -10  -18    0
   6  -13    6   44   -7   12  -17  -13
 -25  -24   -1  -18  -11   15   12    2
   9   -1  -26    1   -8  -25  -17  -19
  -1  -14   21  -18  -14  -11  -20  -15
 -19    1   27  -11    3   18    1    0
  30    4   15  -16   11    3   -6   24
  11   10   10    7   -7    9   -7  -27
   1    6    0   -1  111  -12  -18    0
  12  -16    5   39  -12    1  -11  -11
 -22  -23   -4  -22   -1   15    8   11
   3    0  -23    1  -15  -23  -19  -10
  -1  -20   19  -15   -4  -12  -18  -13
 -17    6   16   -5    2   11   -1    1
  39   -4   18  -22   20    3   -9   29
   2    4    5   -1  -17    8  -18  -27
   4   15  -10    9  111  -18  -14    1
  18  -12    5   30   -7   -9  -18   -8
 -18  -18    0  -15   -2   18    6    2
  10    0  -20    6   -8  -16  -18  -13
   3   21   26  -22   -3  -11  -14    2
 -14   -4   29  -19  -15   10    2    3
  40  -12   17  -22  -29    1  -15   -5
  15  -27   -2   -9    3   29  -27  -35
  19  -25   11    4   89   -3  -34    2
  20   -2  -15   35   15  -20  -20    7
 -24  -31   15   22    3   13   -7   -8
  -1    0   -6   -2   12    1  -11  -13
  10    8   20  -18    1    5  -23   -2
  -2   -5   24  -21  -11   32    9    4
  53   12    4  -21  -27    1  -15   -7
  -1  -26  -17    4   -4   -1  -40  -29
  20  -22    8    3   98   20  -19   -1
  -2    5    3   16    8   -4  -21   12
 -30  -20    5  -13   -4   11    3   -8
  -3    2  -16    7    2   17  -18   -6
  13    8   18  -20   -3    9  -25    5
  -4   -2    3  -28   -4   38    8   -4
  38   16   -5  -16  -23    3  -13  -14
   7  -24  -24    3    1    7  -30  -19
  23   -8    6   -2  109   25   -7    0
   0  -10    6    0    3  -15  -25    9
 -20  -20   -6   -1    1    4   -6   -6
  -5    7  -13    2  -11   12   -7   -6
  -3  -10   22   -8   -2  -15  -14    4
  -6   -8   40   -7  -13    3   12   11
  61   -2   10  -14  -20   25   -5   -3
   0  -32  -10    7   20    3  -19  -20
  29  -17    7   -1  101    2    0    0
  -2   -6  -16   14    8  -15  -15    4
 -28  -17   -4   -5    2    4   -7    0
 -12    2  -16    7   -4    0  -19  -17
  -4   -6    9  -12    6  -13  -15  -10
 -12    4   44   -1    1   10    6   -1
  40  -21   -2  -17  -15    2   -3   -9
  14  -15    0   14    8    7    4  -21
  16   -7    3    1  115    6   -4   13
   5  -14   -9    3    3  -27  -19    3
 -17  -27   -3    6   -8    8   -9    1
   7    0  -21    0  -15   -2  -14  -15
  -5  -23   11   -5   -3   -7  -17  -12
 -16    7   42    4    4   11   13    0
  29  -17   11  -21    9    2   -6   22
  17   -7   11   15    0   -5    2  -21
   4    8   -7   -1  114   -7   -3    0
  15  -18    1   16  -10   -7  -18  -12
 -15  -26   -6  -17    0    3    5   13
   4    6  -17    0   -3  -29  -23   -9
   5   -5   13   -7    2    7  -13  -14
  -8    6   58   -8    3   22    9   -3
  30   -3   26  -21  -28    0  -12   29
  12  -10   17   10   -1   -7   -3  -20
   4  -14   -9    1  105   -3   -3   -1
   1  -13    5    4  -14   -9  -20   -8
 -35  -35  -13  -20  -12   24   17    6
  11    7  -21    9  -11  -13  -19  -18
   1   -6   33   -7   -6    5  -19   -1
 -13    4   54  -25   -9   15    4    6
  46   -1   24  -22    0    0   -5   16
  11  -16   10    1    3  -10  -21  -30
  13  -11  -11    0   98  -13   -3    4
   6  -12    3   25   -3   -6  -20   -7
 -40  -30   -7  -26   -9   14   12   11
   4   19  -13    3  -10   -2  -25  -13
   0  -15   47  -14  -16  -10  -22  -13
 -21    4   50  -30    0   23   13    5
  46   -4   17  -17   -3   10   -8    7
   2  -13    3    4    7   -1  -16  -30
  18   -5   -8    7   96   -9   -9    7
   3  -10   -1   39    1  -11  -24   -7
 -31  -20   -1  -14   -4   16    3   12
  -7    9  -21    5    6   -5  -23  -25
   3  -13   23   -6   -5   -9  -23   -1
  -9    2   42  -20   -7   15    5    2
  53   -4   13  -23    6   10   -6    6
   8  -23    3    2    3    8  -16  -32
  17   -2   -7    0  104  -16  -11    6
  15  -18   -5   32   -4  -15  -16   -5
 -30  -22   -6  -24   -6   14   -4   12
   4   11  -13    5   -4   -7  -12  -16
  -2    0   23  -15   -8  -16  -14    4
 -15    0   38  -21  -17   24   12    2
  33  -14    2  -21   -8   -4  -12  -21
   8  -35    0    5    9   26  -20  -35
  33  -21    1    8   90   14  -17   17
  16  -12   -6   32   11  -25  -23    1
 -35  -27   21   32   -5    6  -13    0
  -9    0   -5    6   15    6  -18  -18
   0   23   28  -11    1  -17  -20    6
 -13   -8   16  -21   -6   15   10    3
  42  -15    5  -26  -17    6    0  -21
  14  -28  -17    3   -8   16  -41  -24
  22  -19   15    4   91    5  -27    8
   8   -3  -19   24   16  -17  -23   19
 -19  -29    1   26    7    9  -11   -9
  -8   -3  -20    1   -2    7    4  -10
  22   12   34  -28  -10    6  -22    0
 -13   -3   17  -26  -12   29    3   -3
  26   11    3  -16    2    6   -5    7
  16  -11  -16    0   -5    3  -38  -31
  11  -12   -5    5  106   -3  -17   -1
  -3   -9    7   44    0    3  -16   -4
 -21  -27    1  -20   -8    8    2  -10
   3    7  -12    2   -6   -5   -4  -17
  20   16   35  -45  -15    0  -26  -13
 -16   -5   28  -23   -6   16   -3   -9
  16    9    0  -12   16    2   -8   18
  20   13   -3   -3  -10    3  -30  -36
  -1   -3    2   15   94  -14  -18    0
   0  -10    5   61    3   12  -19   -8
 -26  -26    3  -18   -9   25   14    0
   8   -4  -17    0  -16  -23   -3  -16
  18    2   32  -29  -17   -9  -19  -13
 -13   -1   36  -23  -13   11    4   -5
  28    6   14  -13   16    2    2   17
   7    8    5   -1   -1   -3  -22  -31
   1    2   -3    7  104   -7  -20   -6
  -2   -7    0   50   -4    5  -23   -8
 -30  -28   -3  -22  -11   23   11    6
  12    7  -20    3   -9  -19  -12  -17
   4  -16   21  -19   -5    0  -17    0
 -12    2   21  -14   -1   35   10   16
  57   17    8  -10  -18    4  -17    0
  11  -24    2    0   13    0  -13  -32
  19  -10   -7    1  100    1   -8    5
   2  -16    1   16    0  -13  -12    7
 -25  -30    2  -11   -4    6   -4   -5
 -15   11  -16    9    5    7  -32  -14
   9  -10   14   -8   -4   -6  -25    6
 -11   -4   23  -17   -6   27   25   12
  51    4    8  -17  -26   17  -25  -11
  25  -34   -3   -5   20   -5    0   -8
  35  -15    0    2   98    0    1    2
   5  -10    1   -6   -5  -29  -19   -4
 -35  -11   -9   -1   -2   11  -10    1
 -12   10   -9    8   -6    5  -19  -10
  -1  -17   15   -6    2  -11  -11    0
 -11    0   56    0   -4   14   25    7
  60   -2   11  -15  -27   18  -11    1
  10  -19    6    5    5  -14   -1  -18
  23   -9   -6    0   96    0    0    1
 -11  -11   -4   -8    0  -22   -8   -1
 -37  -19    1  -20  -13   26   -1    2
  -4    9  -16    5   -3    4  -29  -15
  -1  -11   15   -3   -6  -10  -17  -11
 -20    5   49   -5    4   14   10    2
  51   -9   21  -25  -24    5  -11   13
  14  -16    6    1    7   -2   -7  -29
  13    1    0   -4  105  -12   -9    5
  15   -7   -7   16   -1   -9  -17  -13
 -32  -28    1  -22    0   11    4    0
  11    9  -12    8   -7   -6  -19  -13
   2  -14   34   -5  -11  -12  -18   -6
 -18    6   45  -14   -8    7   23    7
  66    6   15  -22  -13   23  -18    8
   7  -22    0   -7   15  -12  -17  -27
  20    0    1    0   91   -6   -4    1
   0  -14   -9   22   -4  -17  -17  -10
 -37  -18    8  -22    0   18    0    0
 -10   19  -10    6    2    2  -23   -9
  -2  -15   30  -11   -2   -6  -22    7
 -18   -6   60  -25  -17   21   11    4
  43   -5    9   -9    0   13   -6    3
   3  -32    5    1    5   12  -18  -29
  23  -12  -14    4   99    1   -6   13
  -2   -4    1   21    0  -12  -20   -1
 -30  -17    5  -11  -13   11   -8    6
  -5    4  -12    0   15    1  -26  -22
   1   -7   21   -7    5  -12  -17   18
 -10   -5   28  -17  -15   12   24    5
  47   -4    8  -20  -26    6   -9  -25
   1  -35  -10   -8   -5   27  -42  -31
  37  -20   11   10   87    4  -24   10
   1    5  -10   13   10  -24  -18   17
 -24  -26   13   21    2    9  -12   -7
 -13    2   -4    0   21   19  -17   -8
  25   10   25  -21    0    3  -16   14
 -10    0   10  -27  -15   28    9    0
  40   20   -7  -21  -27   12  -13   -9
 -11  -27  -16   -9  -10    9  -45  -25
  28  -13   17    0  101    7  -21    3
  -3   11    0   -3    0  -17  -20   15
 -14  -12    1  -10    1   -3   13  -15
  -9   10   -8   -6    4    9   -3   -3
  18   25   28  -37   -6    6  -22   -5
 -16   -3    7  -29  -10   36    3   -9
  19   18    0  -13   -7    9   -7    4
  16   -5  -13   -5  -14   14  -34  -24
   2  -12   -3   12  104    4  -16    1
  -8   -9   11   35    0   -6  -18   -3
 -18  -25    0  -10   -7    4    2   -4
   4    1  -22    0  -11   -7    6  -12
  26   17   38  -39  -15    0  -26   -8
 -18   -5   18  -16  -20   27   -3   -7
  14   12    0   -6   27    3    0   14
  18    8   -9   -8  -19    3  -39  -39
  -7   -8    2   18   95    0  -19    0
   1  -14    7   56    0   11  -18   -8
 -22  -25    4  -14   -8   22    0   -1
   9   -8  -14    0    0  -20   -9  -13
  20   13   32  -35  -15    2  -22  -10
 -16    1   22  -15  -13   17   -1   -8
   9   11    0  -11   18    1   -6   23
  18   21   -4    0  -19    5  -38  -38
  -8   -4   -4   22   96   -7  -18   -6
  -5  -10    6   64    0   10  -19  -15
 -19  -27    5  -13    0   17   15    3
   7   -6  -21    0  -11  -26   -5  -20
   0   -6    9  -20  -11   -8  -22   -6
 -13   -2   26  -11    0   23    7   -3
  31    2   14  -21    8    2   -8   18
  14    0    1    3    5   15  -14  -19
   0    9   -9   -1  117  -10  -12   -3
   7  -21    8   26   -8   -7  -15  -10
 -13  -23   -9  -11   -8    5    7    0
   9    6  -11    8  -19  -26   -9  -14
  -5  -18   18  -10   -2   -1  -22   -9
 -16    3   48  -10    4   17    7   -3
  26    0    4  -20    8    5   -6   17
   9   -1   15   15   -5    1    0  -20
  10    4   -6   -1  114  -10   -5    7
  12  -20    0   18   -9    0  -16   -6
 -29  -29   -5  -21   -7    8    4    7
   9    2  -17    2   -6  -20  -23  -15
   0  -16   22   -4    0   -6   -6   -2
 -15    8   27   -1   -8   22   16    4
  39   -5    4  -16  -20    8  -16    2
  36  -20   10   -1    8  -14    7  -18
  14   -7  -19    0  104    0    5   -2
  25  -19    4   -7   -7  -25  -17   -2
 -35  -23   -4   -8  -13   21    5    1
   1    7  -11    5    9   -5  -32  -11
   6  -10   15   -3    0   -2   -8    5
 -20    4   50   -7   -5   10   20    8
  36    6    7  -15  -20   19  -14    8
  27  -23   22   -1   -3  -16    6  -16
  16  -11  -12   -5   96   -7   -2    1
  11  -17   12  -18  -13  -31  -15   -7
 -36  -23   -7  -23  -10   37    4    8
   4   10   -6    3    0   -2  -33  -16
   3  -11   20   -7    0   -6  -16    0
  -4    4   28  -17   -6   28   25    8
  52    8   18  -14  -31   13  -23    2
  26  -20   11   -5   15  -13   -7  -22
  23  -19  -10   -4   93  -14   11    1
  16  -16    2   -2   -1  -32  -15   -2
 -33  -24   -5   -7  -11   21   -5    9
 -11    9  -13    8    4   10  -34   -9
   5   -1   30  -19   -1  -19  -12   15
 -21    6   27  -24  -17   17    9    3
  42   -9    7  -25   -8    9   -5  -10
  14  -31   -8    1    4   25  -38  -32
  41  -12    6    2   89    0  -32   15
   6    0   -2   22    7  -21  -23    1
 -26  -21   19   18   -7    8  -22   -5
  -9   -2  -13    5   18    0  -15  -10
  11    5   20  -11    2  -13  -25   16
 -13    0   19  -22   -9    5   25    1
  51    9   -7  -22  -27   11   -9  -21
   5  -19  -18    0  -10   10  -46  -28
  36  -19   12    7   93    9  -30   19
  -1    6  -14    2    0  -23  -19   11
 -15  -14    8   15   13    5  -14  -14
 -12   10   -6   -2   11    4  -10   -3
  31   24   21  -31    2    1  -21   14
 -14   -4   15  -33  -14   20    9   -2
  25   18   -8  -20  -30   14   -8   -4
   9  -21  -18   -7  -11   17  -46  -22
  14  -13    7   -2  100    6  -17    6
  -5   15    0   -3   -5  -16  -22    4
  -7  -17    9   -4   -1    6    6  -21
  -3   12  -10   -5    4    5    0    1
  23   30   21  -30   -8   -1  -20    0
  -5   -4    8  -26  -12   33    9    0
  20   19   -3  -22  -13   10   -8   -4
  19   -4  -12   -7   -7   13  -40  -30
   3   -5    9   12  103    5  -13    2
  -6  -10    5   22    0   -5  -19    0
 -21  -29    0  -13   -9    3   -1   -8
   2    2  -17    0  -15   -7    6   -4
  28   20   32  -41  -16    0  -17   -7
 -18   -5   15  -19  -18   20   -9  -16
  11    7    3   -9   24    6   -1   13
  23   14  -13   -4  -11   13  -34  -39
  -3   -4   -3   16   94   -8  -16    0
  -5   -9    5   64   -5   11  -18  -11
 -12  -25    5  -17   -6   14    8   -2
   8   -6  -17   -3   -9  -25   -4   -6
  18   14   19  -34  -17    1  -24   -6
 -17   -3   26  -14  -13   14   -3   -5
  14    1   12   -8   24    5    1   18
  22   17  -15   -5  -19    6  -34  -39
  -8   -1    0   16   99   -7  -17   -3
   3  -18    7   60   -4   10  -19   -8
 -14  -22    3  -26   -5   19    6    5
   7   -5  -19  -11  -13  -23    0  -14
  25   14   21  -35  -15   -3  -23  -10
 -25   -7   12   -8  -14   26    0   -8
   9    4    3  -12   26    2   -1   18
  20   20   -5    0  -11    9  -36  -38
 -10    0   -2   20  100  -11  -12   -4
   3  -16    5   55   -5   10  -16  -14
 -17  -23    0  -16   -9   18    6    5
  11   -3  -21    5   -5  -26   -6  -15
   4    0   20  -15   -2    9  -22    2
 -19    7   51  -19  -12   16   -1   -3
  22   -3    4  -20    7    0   -1   11
   1    8    2    6  -10    3   -6  -21
   6   -7   -3    2  117    0  -10    0
   3  -17    4   20   -7  -11  -16   -7
 -19  -26  -11   -5   -6    9    0   -3
  23    3  -16    3  -11  -14  -17  -19
  -6  -16   24  -10   -6  -12  -23  -15
 -10    5   37   -5    1   15    3    3
  38   -8   19  -25    3   -2  -12   31
   9   -5   14    3    2    1  -10  -26
   3    4   -4   -1  110  -10   -8    0
  25  -14    0   27  -10   -3  -16   -9
 -21  -28   -2  -13  -10    4   17   13
  10   -1  -21    9   -9  -20  -20  -13
   2  -17   15   -8    2    1  -15   -1
 -15    8   56    0   -2    5   13   -2
  35   -7    7  -12  -11    8   -7   13
  13  -10   12   12   -6   -9    8  -20
   6    4  -10   -5  112  -10   -2    1
  10  -13    0    2  -12  -18  -14   -7
 -21  -27   -9  -19   -4   20    3    3
   6    9  -11   -1   -9  -21  -27   -9
   3  -14    3    0    2   -1  -10    5
  -2   -4   62   -3   -8    3   20    3
  36   -5   10  -12  -31   11  -14    8
  20  -30   13   -4  -10  -12    3   -8
  17   -8  -14   -1  103   -6    4    4
   9   -8    4   -7  -16  -25   -4   -7
 -45  -24   -7  -17   -8   29    9    7
   9    7  -12    7   -4    0  -26   -9
   6  -17   11    5    2   -4  -14   -1
  -9    2   33    6   -9   19   31    6
  42   -5    9  -16  -26   13  -10    3
  32  -21    7   -8    4  -17    9  -18
  10   -8  -11   -5  100  -13    0    3
  20  -19    9  -16   -5  -29  -10   -7
 -38  -18  -13  -12  -14   20    3    8
   3   11   -8    9    5  -12  -32   -4
  19   24   24  -25   -3    4  -12   14
 -14   -8   18  -37  -10   23   15    0
  36   19   -4  -21  -21   12  -11   -1
  14  -25   -9   -7   -7    3  -42  -27
  19  -16    4   -3   98   12  -23    6
 -11    6    8    1   -7  -26  -12   -5
 -17  -11   12  -13   -7    4    5  -13
  -4    9  -10    0    4    6    2  -12
  25   36   26  -33   -9   12  -21    0
  -8   -1   12  -33  -12   26    9    0
  22   16   -2  -22   -9   10  -11    1
  11  -13  -11  -12  -19    3  -57  -24
   3   -8    8   11   95    2  -17    3
 -15    7   10    9   -4   -3  -18    0
 -24  -21    6  -14   -7   14   13   -8
   0    5   -5   -1   -6   -7    6  -14
  36   27   28  -35   -9    1  -13    0
 -11    3   10  -30  -19   26    0  -11
  18   10    0  -17   -5    3    4    3
   9   -9  -10   -9  -15    8  -51  -31
   3  -10   -5   10   99    2  -14    0
  -6   12    9   30    3    0  -19   -4
 -14  -26    6  -16   -5    7    9   -9
   4   -3  -13   -4   -5  -16    6  -14
  29   28   30  -37  -14   -1  -23   -7
 -20   -3   17  -21  -15   18   -6  -12
   5   11    3  -10   17    3    0   11
  19   13  -12   -6  -16    7  -36  -32
  -8   -9   -1   24   94   -2  -11    2
  -5   -6   -2   59    1    4  -21   -7
 -21  -27    2  -17  -12   21   11    2
   8   -3  -21    0  -12  -18    0  -15
  27   30   28  -36  -11    1  -27   -4
 -18   -3   25  -19  -16   17   -7  -13
  15    5   -6  -16   14    2   -1   19
  21   11   -2  -10  -15   10  -39  -42
  -7  -10    4   17   91   -7  -20    0
   4   -1   -1   53    8    6  -16   -7
 -13  -21    0  -23  -13   25   15   -5
   9   -4  -18   -1   -7  -25   -6  -12
  31   22   30  -33  -17    4  -32   -8
 -26   -4   25  -18  -12   11   -4  -13
  19    2    4  -12   14    6   -7   16
  18   24  -13   -3  -13    0  -35  -30
  -1   -1   -6   15   96   -4  -21   -3
  -2    0   -1   55   -2    7  -18   -7
 -19  -25    0  -19   -6   23    8    0
   9   -5  -24    0   -8  -13   -7   -9
  24   13   30  -29  -13    2  -22   -4
 -21   -6   21  -18  -18   11    0  -13
  10    8    7  -10   19    2   -2   18
  16   17   -2   -4  -10    5  -33  -41
  -4   -5    0   13  100   -7  -22    0
   1   -8    0   64    2   10  -16   -7
 -23  -27    4  -15  -16   16    8   -1
  11   -6  -25    1   -3  -19   -7  -17
   5    5   21  -19  -14   -1  -20   -3
 -20    3   41  -13    2   25   -2    1
  23   -1    3  -25   15    0   -7    9
  14   -3    0   10   -5   -3  -19  -20
  -3   -4   -1    6  115  -14  -10   -4
  13  -25    2   33   -8    4  -14   -8
 -13  -18    1  -10  -13    8    6    7
  12    2   -7    3  -21  -24  -14  -19
  -3  -14    7  -23   -8    0  -10  -10
 -18    4   29   -3    9   33    4   -7
  28   -5   12  -17  -13   -4   -3    8
  11   -8   16   14    7    5   -6  -31
   9   10  -11   -4  114   -3  -11    1
  22  -14    3   18   -8   -5   -7   -7
 -16  -30    0  -10   -7    3    4    7
   3    2  -12    5    5  -19  -31  -14
   0   -7   23   -5   -5   -8  -25   -4
  -9    1   63  -14   -3    7    9    0
  28   -4    9  -14  -16    3  -11   21
   6  -15   -3   14    3   -3   -3  -22
   9   -2   -5   -7  114    8   -8    0
   1  -16   -2   11   -7   -6  -19   -3
 -13  -27  -10   -8    0    5   10    0
  18   13  -18    7  -26  -11  -16  -21
  -4  -20    0    2   -7  -10  -11   -8
 -10    0   16    6   -1    8   17    3
  33   -8   -5  -16  -11   15  -12   -2
  25  -17   17    0   13   -7   17  -14
   7    8  -26   -7  113   -4    0    2
  21  -16    1   -1   -8  -28   -6   -2
 -24  -18   -4    4    0   10    4   10
   5    8   -3    5    2  -18  -34  -17
   0  -12    6   -2    1   -4   -4   -3
 -10    4   43    5   -6    0   21   10
  48  -19   25  -27  -38    3   -6    0
  21  -15    9   -3   -1  -18    7  -17
  15   -9   -5    0  101  -17    2    1
  12  -14    1  -11  -13  -19  -14   -8
 -38  -19    6   -9   -4   28    4   12
   4   16  -16    9   -9   -6  -29   -4
  25   21   28  -29   -6    5  -18   -7
 -16   -3    2  -35   -7   33    9  -10
  30   19   -8  -18  -15    3  -10    6
  10  -15   -9  -10  -11    1  -43  -28
  13   -8    3    7  104    6  -14    3
  -9    6    9   16    3  -13  -15    5
 -21  -24    6  -12    0    5    1  -13
   2    4  -18    1    2   -2    1   -5
  30   30   34  -26   -9    9  -18   -2
 -13   -8   21  -27  -15   27    2  -10
  20   12   -2  -23    7    8    0   12
  13  -11  -13  -10  -25   11  -48  -32
   4  -17   -6   11   89    0  -24    8
 -10    9   12   36    9    2  -17   -3
 -23  -29    6  -14  -15   19   13  -18
   2    2  -17   -7   -1   -7   -3  -15
  31   33   32  -33  -14   10  -17   -3
 -10   -6    9  -35  -11   30    0   -3
  17    6    2  -20   -2    8   -3   12
  16  -12  -10   -8  -13    1  -49  -36
   7  -19   -6    9   90    0  -15    5
 -12    6   10   34    2   -1  -25   -8
 -26  -31   12  -15   -8   17   19  -15
   1    0   -5    3   -1   -5    4  -12
  29   32   24  -35  -13    7  -26   -8
 -23   -3   16  -16  -23   20   -1  -11
  13    7    2  -15   10    2   -4   10
  26   13  -14  -13  -11    4  -42  -41
  -8   -8    1   18   90   -5  -19   -2
  -1    5   -3   52    5   11  -21    0
 -14  -30    3  -19   -5   23   12   -6
   4    2  -21   -3   -7  -12    0  -13
  30   34   29  -31  -24    4  -19   -1
 -16  -11   12  -29  -13   17   -7  -12
  14    3   -6  -14    4    3   -4   16
  25    9   -9   -8  -20    7  -36  -33
   0  -11    0   17   88    1  -15    0
  -3    0   -2   58    3    7  -17   -7
 -24  -29    8  -18   -4   16   22   -9
  10    1  -28   -2   -7  -14    0  -14
  25   19   27  -32  -16    8  -25   -5
 -18   -3   17  -13  -11   27    0  -16
  10    8    0  -18   24    2   -1   14
  18    8   -2   -7  -16    9  -34  -40
  -3   -8   -4   17   97   -2  -12   -6
  11   -8    5   59   -1    7  -18  -10
 -19  -25    1  -18  -14   18    7    6
   6   -3  -24    0   -9  -28   -2  -17
  28   29   34  -39  -22    4  -15   -8
 -15   -9   28  -20   -8   13   -2  -16
  16   10    3  -11    9    3   -6   16
  25   18   -6   -6  -11   -1  -38  -41
  -1   -7    5   11   90  -11  -20   -4
   6   -5   -1   50    0    9  -22   -9
 -22  -24   12  -21  -19   27   18   -6
   1    1  -17    0   -3  -17   -7  -18
   9    3   22  -22   -7    2  -18   -4
  -8    0   47  -21  -13   14    0   -7
  27   -1    3  -20   15    2    0   19
   9    4    0    2   -9    5  -22  -21
   0    0   -1    4  112   -9   -5   -5
  -1  -15    0   43   -8   -3  -18  -12
 -24  -22    0  -19  -11    8    6    5
   6   11  -21    5  -26  -15   -5  -16
  -6  -14   17   -5   -5   -8  -19  -15
 -11    5   42   -4    2   23    2    4
  28   -6   14  -16   14    2  -11   19
   9   -4    8    5   -7    4  -11  -29
   5   -1    0    2  113  -17  -17    7
  22   -7   -2   31   -3   -5  -13  -11
 -14  -32    6   -5  -13    2    5    4
   2    1  -19    4    3  -25  -25  -24
   5   -9   24  -32   -6   -6  -22   -3
 -21    1   43  -12   -6    9    3    1
  33    0    7  -20   18   -1   -3   21
   7    5    2    7  -12    4  -17  -23
   2   10    1    0  110  -16  -14   -2
   7  -15    9   34   -3   -5  -20   -9
 -22  -27   -5  -13   -2   21    3   -7
  11    2  -17    7  -11  -19   -8  -18
   0  -20   -5    5   -4    0  -10   -1
 -12    9   27    4    3   -6   15    0
  26  -14   -6  -12   -6    2   -8   10
  16  -13    6    2   -7   -4   16   -7
   6    2  -11   -9  121  -13   -2    0
   7  -12    2  -10   -9  -21  -16   -3
 -18  -21   -7   -4   -7   15   15   13
   6    5   -9   15    0  -12  -25  -16
  -1  -16   11    0    5  -10   -3   -8
 -13    8   18    5   -3   31   15    2
  46   -2   14  -14  -38   15  -17    0
  20  -22    6   -9   14   -8   -3  -25
   9   -4  -14    0  104    8  -12    1
  22   -5   -3   -8   -7  -26    0   -4
 -27  -22    4   -1   -8    9    4   11
   0   10  -18    5   17    0  -38  -19
