Shape: torch.Size([1, 144, 64])
Range: [-113, 127]
Mean: -0.5977

量化值陣列:
  10   12  -48  -11    0    3  -32  -16
  -5   15  -18   12   19  -17  -11   -9
   0  -27   -8  -21   25    0  -10   37
  -9   29    1   -2   -3    9   77  -29
 -31    2   23  -18  117    0    1  -32
  -8  -10   -5   26   -2  -11   15   -1
  -3  -11    8    4   -3  -11    3  -10
  11   -7   14   -8   24   22  -49  -34
  17   15  -52  -18    5    9  -30  -16
  -3    8  -18   21   26  -23  -11  -12
  -2  -24  -14  -28   33    3   -8   39
  -9   19  -13    5  -11    4   80  -37
 -22    2   -1  -14  112   10    2  -33
  -5   -7  -13   29   -1   -8   20    0
  -3   -8   -3   -1   -2   -9    3    1
  12   -7   -2    0   23   24  -42  -35
  12   14  -44   -2    8    0  -39  -18
   9    7  -23    6    7  -24  -13  -23
  -3  -27  -12  -22   27    3   -1   43
   0   20  -12    3   -7   -4   80  -29
 -21    6   10  -23  119   -3   -7  -27
  -7    0  -13   25   -8   -7   23   -1
  -4    0    2   -8    1   -8    1   -3
  10    1    2    7   27   19  -45  -35
  21   10  -47  -13    6    0  -29  -13
   1    8  -30   21   15  -19  -17  -15
  -3  -26  -17  -18   29    0   -4   30
  -3   26  -12    4  -10   11   79  -40
 -27    6    4  -19  118    0    3  -23
 -14   -3    0   22    0   -8   16    1
   2  -12   -2  -20  -13   -3    6    3
   8    0   11    2   25   22  -47  -27
  12    8  -54   -6    1   -3  -36  -18
   3   11  -24    0   12  -21  -16  -11
   3  -31  -11  -20   18   10  -10   45
   0   19  -21   -2   -4    0   87  -24
 -23    9   14  -28  111    8    5  -31
 -14   -4   -4   21    2   -9   12    2
   0   -9    6    1    0   -3    3   -2
   7   -4   17    8   10   26  -50  -33
  12    7  -64  -14    8    0  -32  -17
   1    6  -16   12   24  -19   -6   -5
  -1  -22  -13  -22   16    3   -7   24
  -5   17   -4   -7   -8   -3   85  -28
 -24    5    7  -22  118    7    2  -24
  -7   -5  -16   21    0   -7   18    5
   0  -12   -5    1   -5    5    4    4
   4   -2   16    6   14   29  -50  -37
   0   10  -63   -5    7    3  -33   -8
   4    7  -19    9   14  -24   -2  -12
  -1  -25  -10  -11   23    0  -16   34
 -15   14  -10    3   -4   -4   86  -29
 -17    3   10  -16  117    6   -2  -29
 -10   -5   -3   14    0   -7   15    5
  -1   -8   -6    6   -8   -2    7    4
  10   -4    9    2   12   24  -52  -37
  18    9  -62   -9    5    5  -30   -8
   4   12  -20    1   10  -15   -8  -12
  -3  -29  -20  -12   20   -4   -8   32
 -11   18   -2   -2   -3    0   87  -24
 -23    6    0  -21  120    3   -2  -26
  -4   -5  -10   13   -7   -3   14   -5
  -2  -11   -3   -3   -8    4   15    6
   7   -7   19    5   14   26  -48  -28
  12    9  -60   -3    4    7  -30  -20
   0   10  -13    1   18  -14  -10  -10
  -2  -27  -15  -11   13   -3   -9   31
   0    8   -6    1   -5    0   89  -23
 -25    5    1  -23  118    7   -2  -21
 -13   -3   -5   16    0    3   13    0
  -6   -9  -17   -4   -1   12    6    0
   2   -1   23   -2   12   26  -53  -31
  11   10  -66  -13    6   -2  -25  -11
   4   14  -27    4   15  -20   -9   -6
   3  -19  -16  -17   12    6  -12   21
  -1   16   -3    2    2  -11   83  -22
 -20   -9    7  -29  118    1   -7  -21
 -15   -6    2    3    5  -10    6    6
  -1  -12  -11   -8    0    6    7    1
  13    2   28    7   17   32  -56  -34
  16   13  -63   -7   11    0  -24  -15
  12   10  -18    7    9  -34   -5   -3
  -1  -25   -9  -18   16    7   -8   30
  -6    9    0    1  -12   -9   86  -24
 -11    3   -7  -30  115    9   -2  -33
 -14  -10    1    4   -8    1   13    3
  -6   -8  -16    1   -1   15   10    7
   4   -6   17   -3   17   26  -56  -34
  21   13  -62   -7    3    6  -22  -12
  14    5  -16    5   14   -8   -4   -3
  -1  -25  -15   -9   10    6  -10   22
  -1    0   -9    0    0   -8   88  -27
 -20   -8    2  -37  118    8   -1  -18
 -16   -7   -2    1   -5   -4    0   -5
  -2   -5  -13   -8    6   11    6   -4
   9    5   29   10    9   29  -56  -34
   4    5  -51    4   20   -1  -14  -16
  12   13  -19    7   10  -22   -6    0
   6  -39  -25  -15   19   -5   -3   18
  -6    1    0   -7   -8  -10   95  -20
 -11    8   -8  -10  114    4  -19  -11
  -8   -5   -2    7   -4   -6    2    8
 -10   -8  -21   -7   12   -1   -6    6
   0   -1   26   -2   15   31  -56  -27
   3    7  -54   -9   14   -2  -34   -9
   9    9  -30   15   19  -10   -9   -8
   3  -25  -12   -8   16    4   -8   26
  -2    1    0   -2   -2   -6   86  -23
 -22    9   -8  -23  120   -6  -17  -21
 -11   -7    0   17   -6    1   13    0
  -6   -1  -11  -11   -2    3    6    0
   7    2   25    3   16   24  -56  -36
  19    4  -60   -4    8    0  -12  -13
  12   11  -18    1   10  -10   -5   -5
   7  -27  -25  -21   13    0   -9   23
  -9   11   -4    4   -4   -3   90  -25
 -15    7  -13  -18  121   -3  -13  -23
 -13   -8   -1    6    0  -18   14    1
 -12   -7  -14   -8   10    3    3   -1
   3    4   16    8   14   33  -50  -26
  11    8  -59   -7   10   -9  -25  -19
   8    6  -18    2   16  -11    0    0
   1  -32  -17  -21   14   -2  -12   29
   7    7  -11    1   -6   -9   92  -21
 -16    0   -5  -27  115   -4   -8  -22
  -8   -6   -1   11    1    0    9    0
  -7   -4  -12  -12   11    0    1    6
   6    6   24    2   13   29  -55  -32
   7   15  -61   -4   12    0  -26  -14
  11    3  -17   14   16   -6   -8   -8
   2  -33  -18  -14   12    5   -8   21
  -2    5    3    0   -7  -13   88  -24
 -10   -1   -5  -24  120   10  -15   -9
 -23   -9    2    0    1   -6   10    6
 -10   -4  -22   -6    9    1   10   -2
  -2   -2   35   -3    9   27  -54  -21
  11    7  -60  -11   19   -3  -19  -25
  16    8  -17    7    0  -15   -1   -4
   1  -33  -16  -12   11    4  -19   14
  -5    5   -3    0  -10  -12   89  -20
 -17   -7    0  -31  115    4    0  -21
 -13   -4    3    8    0    0    7    0
  -3    8  -15   -1    2   12   10    0
   0    7   29    8   10   32  -57  -35
   2   14  -65   -9    9    5  -20  -18
   8    9  -17    1    0  -13   -1   -5
   2  -25  -27   -7    8    0  -15   18
   1    3   -4   -3  -15  -13   93  -20
 -12   -4   -9  -31  116   11    0  -13
 -15  -10    4    2   -4   -2    7    1
 -16    3  -15   -2    4   21    7    4
  -1    1   38    4   12   32  -50  -28
   2   10  -66   -7   14   -7  -20  -21
  19    0   -5    9    6  -17   -5    0
   4  -28  -20  -10   10    2  -10   17
  -6    2   -1    1  -12   -9   94  -20
 -12    0   -4  -25  115    2   -2  -17
 -11  -15    5    2    1    0    2    5
 -17    0  -23  -10    4   14    8    2
   0    4   34    0   18   30  -49  -35
   2   12  -63   -7    9    0  -13  -15
  15   10  -13    8    3  -27    2    0
  -1  -29  -19  -11   10    8  -19   14
  -7    5   -3   -7   -8   -5   89  -19
  -6   -8  -10  -32  120    6   -6  -23
 -15   -9    0    5   -6   -5    6    0
  -8    0  -20   -1    3   14   15    2
  -5    3   32   13   11   31  -53  -28
   5    9  -62  -12   13    2  -16  -14
   9   13  -16    7    5  -23    0    1
   6  -30  -19  -20   13   -2  -11   18
  -5   -1   -4   -7  -11  -14   91  -18
 -11   -9   -1  -32  116   12  -10  -17
  -4   -8    0    5    0  -10   11   -3
 -13    5  -19   -2   11   12    8    6
  -1    0   30    3    9   36  -56  -25
  11   14  -66   -6   10   -1  -14  -18
  16    9  -15    0    1  -32   -4   -3
   3  -33  -25   -5   11    1  -10    7
  -5    6   -7   -6   -4   -9   90  -23
  -6    1  -13  -31  119    1   -7  -16
 -11  -13    0    2    2    3    5    1
  -7    6  -20   -5    0   21    9    4
   0    4   35   11   13   26  -52  -29
  10    6  -64   -7    9   -6  -13  -22
  13   11  -14    3    5  -21    5    0
   1  -37  -29  -10   10    0  -13   19
   0   -1   -2   -5   -8  -10   93  -18
  -9    0  -14  -24  114    5   -9  -15
 -18  -13    5    4   -2   -1    3    2
  -4    5  -21  -11    8   23    4    3
   3    0   40    9   11   28  -53  -26
   4    2  -62   -5   18   -6  -11  -10
  19    8   -7    3   13  -16    5   -3
   5  -35  -12  -11   11    5  -10   19
  -3   -6   -1   -6   -1  -12   97  -19
  -4    2  -11  -27  116   -4  -19  -15
 -10   -9   -4   15   -4  -15    0   -1
 -14   11  -18   -6   13    6   12    3
  -8    0   22    3    2   24  -54  -24
  15    8  -52  -12   13    1  -13  -16
  19    9  -18    8    7  -18   -3   -7
   0  -35  -22  -11    0    5  -11   14
  -6   -3    1   -4   -3   -7   93  -15
 -14    1  -11  -29  122    5    0  -21
 -11  -10    0    6   -7   -8    0   -4
  -1    5  -12   -3   -6   15    7    8
   5   -1   32    0    4   29  -54  -23
   2   10  -61    0   18    6   -8  -12
  19   16  -14   -1    0  -19    0    1
   0  -32  -26  -14   10    9  -16   11
  -9   -1    2    2   -5   -6   94  -25
  -5   -9   -4  -22  116    1  -13  -13
 -11   -9    0    4   -1  -11    2   -4
 -17    1  -15   -8    4   12    8    8
   1    1   36    0    3   28  -55  -30
   9    9  -64    1   18    0  -10  -18
  12   10  -21    6    8  -29   -5    0
   0  -26  -21  -11    8    1  -14   13
   0   -7   -1   -2   -6  -10   97  -23
  -9   -3  -12  -34  107    9   -7  -15
 -10  -11   -1    2    5   -8    4   -6
  -7   12  -23   -2    2   18   10    3
  -3    9   33    7    3   36  -57  -30
  17    9  -57   -5   12   -3  -15  -18
  22    8  -16   19    8  -28    0   -2
   4  -32  -30   -3   10   -4  -14    9
  -5    1   -6   -2  -10  -10   91  -18
  -9   -1  -10  -35  113    4   -2  -17
 -16   -6    2    2    8   -2    2   -5
 -15    8  -14   -3    5   17    7    7
  -5    0   33    6   11   32  -60  -28
   7   10  -61   -2   12    7  -14  -18
  11    9  -19    4    4  -26    0   -2
   2  -34  -24  -13   10   -2  -17    6
  -6   -9   -2    0  -14   -7   92  -18
  -8   -5  -13  -18  112    2   -9  -28
  -6   -9    3    6    2    0    5   -1
 -10   15  -16    5    2   21   12    5
  -3    3   33    7   11   34  -58  -28
   8    3  -61    0   16   -5   -3  -13
  20   18   -7    4    1  -34   -8   -1
   0  -35  -28   -5   14   -1  -13    8
  -9    0    0   -5  -12    0   91  -21
  -6  -14  -13  -27  104    1  -23  -18
  -9   -6    3   -2   10   -6   13    1
 -11    2  -14   13    5   22   -1    5
  -6    0   39    7   31   35  -65  -28
   6   -3  -52    3   18   -5  -15    1
   9   17   24   15   -2  -79   -1   -3
   3  -50  -24  -12   16    2  -14    7
 -34  -12    1    1   -1   10   87  -18
   6   -4    7  -16  104   -3  -22  -12
 -24   -4   10   11    9  -10    0  -13
 -13    6   -6   15   -4   38   -4   -4
 -10   -5   34   15    7   29  -41  -29
   5    9  -71   -7   18    3  -18  -15
  14   13   -8    5    0  -28    0    0
   2  -37  -22  -12   18   -3  -14    9
 -17    4   -4   -7  -11  -10   93  -15
 -12    4  -12  -23  112    1  -14  -17
 -18   -8    2    7    3   -5    1    1
 -12    7  -15    0   11   18    6    2
   2    4   38   15   10   25  -54  -27
  14    6  -70   -2   10   -9  -15  -22
  19    3  -11   11    2  -23    3   -1
   0  -35  -24  -10    6   -7   -8    0
  -2    4    0  -11   -2   -1   91  -16
  -6   -5   -6  -22  114    4   -2  -14
 -12   -5   -4    5    4   -5    4   -9
 -11    2  -13   -1    8   18    8    6
   1   -1   41   10    6   33  -59  -30
  -2    3  -56   -3   16    0  -15  -19
  18   14   -4    9    3  -31    2    0
   6  -31  -22  -13   10    0  -11   12
 -10   -3   -2    1   -8  -12   94  -16
  -7    3  -16  -26  112    0   -3  -14
 -10   -7    0    0   -2   -7    1  -10
 -15    8  -12    4    8   20   10    1
   0    1   29   10   10   34  -60  -34
  13    8  -70   -5   11    1  -16  -26
  24   13  -10    8   10  -27    0   -2
   0  -30  -20  -14   12    0  -18   11
  -1   -1    4   -2  -12  -13   94  -13
  -9    2   -7  -24  113    5  -12  -14
 -25   -6    3    3    0   -7    0   -2
 -11    7  -19   -5    5   26    7    1
  -4    6   36    3    0   29  -52  -29
  -3   -2  -48   -1   19   -8  -13  -17
   5   10   -7   12    6  -18   -1    0
   2  -44  -19   -7   12    0   -9   17
 -12    4   -9    1   -6   -3   94  -15
 -13   12    4  -24  120   -9  -12  -21
  -7   -7   -2   29   -7  -13    1    0
 -15   -1   -6    1    8   -1    2    2
   0   -4   31   -1   12   24  -53  -27
  -8    7  -47   -4   18   -6  -12  -21
   7   17   -2   12    2  -24    0    0
   3  -48  -28  -19   10    0   -7   20
  -1   -4  -14    0   -3   -2   94  -22
  -6    2   -7  -18  117    0   -7  -12
 -11   -3   -7   15    0   -8    0   -6
 -12    0   -7    4    5   13   -1    4
  -2    1   23    0   12   30  -52  -28
   5    0  -57   -1   10    1  -19  -20
  15   11  -15    9    1  -34   -4   -3
   4  -39  -18   -7   10    6  -10   13
   2    0   -1   -3   -4   -5   91  -22
  -9    1   -3  -26  113    1  -22  -23
 -14   -8    1    7   -6  -12    9   -4
 -15    7  -15    3    3   13   10    7
  -2    8   34   14    6   36  -61  -19
  -6    0  -66   -6   19   -2   -5  -15
  12    8   -9    7    7  -34    3   -5
   7  -37  -23  -12   12    2  -12    7
 -12    3   -5    0   -6   -2   96  -18
  -8   -5   -4  -36  114   -4   -4  -24
 -19   -4   -3    5   -1   -1    2   -3
  -9    0   -9    0    9   14    4    5
   7    3   37    4   12   32  -50  -26
  14    2  -63    0   21    3  -18  -17
  16   11  -10   12    8  -34   -9    5
   2  -32  -26  -12   14    1  -13   14
 -10   -8    0   -3   -9   -7   94  -17
  -4    4   -5  -24  116   -2  -18  -20
 -14  -10   -5    3    5    0   -1   -7
  -7    2  -16   -1    7   14    9    2
   0   -2   29    8    3   34  -52  -24
  10    6  -62   -7   19    2  -11  -17
  12   11   -9    6    0  -30   -7    0
   4  -40  -22    0    5    0  -11    3
  -5    2   -3    2   -4   -2   93   -7
 -14   -8   -6  -27  116    7  -11  -18
 -16  -11    3    7    0    0   10   -2
  -8    2  -18    5    6    9    0    1
  -3    1   28    2   17   31  -57  -32
 -18   -9  -37   -3   28  -13    0   -4
   6   28   46   33   -7  -90   -4    2
  -9  -66    2    7    5   15  -18   24
 -48   -9   26  -15  -23   14   50  -38
   5  -34   15  -16   32    5  -38   -8
  12   15   -2   17   18  -21   16  -14
 -13    0   34   93   -6   36  -22  -13
 -16  -10   -4   20   66   19  -40   -6
 -11   11   29  -37   34  -25   -8  -21
 -20   10   25  -37   17  -11   17   -1
  61  -17    3  -17  -16   29  -15    6
   6  -22   19  -13   10  -18   14   -7
  50    0   -2  -20   83   -5   -7   -7
 -14  -13   37   45  -15   -1   -7   -1
 -16    2  -30  -37    5  -12  -20   -8
 -13   20  -26   -8  -62   -5   -7    3
  -5  -12  -35    2   32   -1  -13  -12
  13   17   35   26   19 -113   11    5
  19  -52  -16  -17   -3   10   -1    8
 -42  -16    3   19   -4    7   75   -4
  17  -20   37  -23   93  -11  -35  -11
 -15  -10    7    8    1  -23    4  -25
 -31    9  -10   24   15   37  -12   -9
  -6    3   -2   10  -17   11  -18  -12
   6    8  -66   -3    8   -6  -10   -4
  16   16   -3   13    0  -39   -2    0
   0  -38  -24  -16   16    5   -8   12
  -8    0    6    0  -10   -3   95  -20
 -12    4   -7  -23  109    0  -15  -16
 -21   -8    3    7    1   -5    5  -10
 -11    2  -19    1    6   19    2    3
   3   -1   35    6   12   28  -57  -30
   0    3  -65    0   14    0  -23   -6
  20    9   -7    7   17  -37    0   -1
   0  -41  -14  -17   11   -2   -6   24
 -15    5    0    1  -10   -1   93  -20
  -1    0   -3  -20  116    0   -7  -24
  -9   -8    0    6    0   -9    0    0
 -16   -5  -19    1    0   15    8    4
   0    2   23   10    3   30  -52  -28
   5    8  -71   -2   21    0  -13  -10
   7    7   -7   13    0  -33   -5   -1
   2  -34  -23  -11   10    0   -9   14
 -20   -1    1   -4  -16   -8   92  -14
  -8   -9  -13  -21  112    2  -18  -17
 -10   -8    0   -2    3  -13    9   -4
  -8    7  -12    4    3   24   13    4
   6    0   32   11   14   36  -53  -30
  -3    0  -49   -1   13    2   -9  -17
  -4   26   -5   16   13  -31    2    1
   8  -39  -18   -9   17    8   -8   10
   0   -4   -2   -7    3   -9   98  -18
  -9    9  -17  -19  115   -9  -24  -24
  -5   -6   -6    7   -5   -6    2  -14
 -17    2   -4   -9   10    2    4   13
  -7    6   23   -2   11   26  -53  -28
   4   -4  -49   -4   20   -6  -14  -12
   4   10   -7    0    0  -36   -5    0
   3  -37  -26  -14   16    0  -11   20
  -3   -5    4   -2    0    8  102  -20
  -8   13    0  -16  110  -12  -23  -10
 -18    0   -1   22    5   -5    4   -3
 -14    0   -9    5    9    6   -9   -4
  -5    5   30    0    6   24  -56  -23
   5    5  -52    2   17   -5  -16  -18
   8   19   -9   14    5  -37   -1   -2
   7  -40  -17   -3   21    2  -15   18
 -14   -1    0   -1    5   -7   91  -11
  -3   14  -12  -21  116  -16  -14  -25
  -9   -8   -4   16    0  -14   11   -1
 -19    1  -11   -8    3    6    0    3
  -2   -3   36   -9   10   25  -57  -23
   3    0  -54  -11   15   -4  -10  -21
  16   15   -3   13    4  -26    1   -7
   5  -44  -29  -14   14    4  -12   10
 -10    3    6    0   -4    1   94  -22
  -3   -5   -5  -25  116   -1  -17  -13
 -12   -5   -6    5    2   -8   11    1
 -17    4  -13    2   20    0    1    2
  -8    1   30    5   14   26  -53  -25
   5    2  -58    0   20    0  -15  -10
   2   10   -1   18    2  -35   -8    0
   1  -39  -26  -11   16    2  -19   11
 -13   -2   -5    5  -10   -4   92  -13
  -7   10   -2  -18  118   -6  -18  -23
 -19   -3    0   15    0   -8    0   -3
  -5    4   -7    2   17    8    4    0
 -10    3   26   -1   12   33  -52  -27
 -12    1  -57    3   20    0  -13  -10
   9   20   -5    0  -11  -30   -9   -1
   0  -46  -26    2    9    8  -15   14
 -13   -8    4   -3  -19    0   90  -23
  -6    1  -13  -16  105   11  -22   -7
  -8   -1   -2   11    2   -8    5   -3
  -6    4   -6   19    1   12   -2   -3
 -13    1   45    2   33   35  -61  -23
 -23   14   16  -42   20    1   -9  -50
  18   14   13   24   45   28   21    5
  53  -19    2  -28  -38   22  -23   16
  -2    4  -15  -29  -29  -13  -32  -40
  -2  -19   41    9   -5  -18  -49  -17
  57    5    0   50  -10  -17   31   24
 -30  -36   17   52   30  -22   -2    0
   5    2  -53   -7   17   -2   15    1
   2   13   21  -43    6  -20   -4  -39
   0   20   -5    4   30  -34   17    8
  69  -10   10  -27  -11   22    7  -11
 -36  -16  -12    0   35    9  -23    0
  45  -11   36  -12   43  -13  -22  -15
  15  -15   22   26  -15  -19   -4   15
 -22  -24   -6  -23   27  -11  -11    0
  10    3  -56  -16  -59  -15   37   15
   5   12  -24  -38   20   -4   -6  -44
  11   11  -17    4   34   25   18   -3
  41  -14   -8  -20  -36   13   -8   -3
  25   -6   -3  -12   19  -13   53  -10
  20  -10  -12  -15  117    4    2  -28
  -2  -19   12    5  -20   -8    3    9
 -31   -3  -42  -11   10  -10   -6   20
  -7   19    0  -12  -50    5  -26   -5
   0   11  -58   -2   11   -2   -9  -16
  17   11  -11    5    0  -19    1   -9
   1  -34  -24  -12   19    2  -16   11
  -3   -2   -4    2   -4   -8   94  -15
  -7   -1  -11  -19  117    5  -10  -11
 -24  -12    0    1    4   -1   -1   -6
 -17    2   -9  -11    9   18    2    7
   1    4   32    4    6   30  -57  -28
   9    5  -63   -7   22    4  -28  -12
  13   13  -14   18   -4  -29   -7    2
   3  -37  -17  -10   11    1  -20   22
 -13    4    8   -8   -4   -2   92  -18
 -11   -8  -14  -27  117   -1  -18   -9
 -10   -1    2    6    0   -6    8    0
  -8   -6   -5    4    3   15    4    0
   2   -4   31    9   10   20  -51  -31
   5    6  -60   -1   16   -4  -24  -11
  11   18   -9   12    2  -38   -3   -2
   1  -38  -20   -9    8    2  -18   22
 -14   -3   -3   -6   -8   -8   91  -19
  -9  -17   -2  -26  111    0   -9  -12
  -6   -4   -2   12    1   -5   12   -4
 -16   -2   -2    8    6   23    0    8
   5   -2   30    2   18   31  -58  -29
   8   -3  -49    0   18   -4  -24  -20
  -5   23    4    0    9  -43   -6    0
  13  -58  -11  -13   24    1  -11   22
 -26  -12    1    9  -13    4   80  -36
 -12  -10   -8    3  102  -11  -22   -2
   0    3   -5   55    6  -20    0   -7
 -13    0   17   23   15    6   -4   -3
 -13   -6   10    2    9   24  -46  -13
   0   -2  -28   -6   20    5  -29  -22
 -15   18    6   34   25  -54  -29  -13
  24  -39  -13  -28   39   23   -5   28
 -14   14   -6    3  -20    0   72  -42
 -14   -3   22   11   89  -19  -31  -37
  11    2    0   67    1  -13   32  -11
 -20  -14   14    6   -7   10  -12   -6
  -2  -14   -6  -16   14    4  -22  -12
  -5   -7  -28   -1   20   -7  -29  -25
 -14   22    9   35   19  -79  -24  -11
  13  -54  -12  -21   40    9   -2   26
 -18   18  -17   15    0   11   56  -25
  -8    1   12   -2   98  -25  -12  -28
  13    0   -4   77    3  -27   29    5
 -10  -11   23    7    0   -1  -22   -1
   6  -13  -15   -1   10   -3  -19  -17
 -13   -8  -56    1   17    0  -23  -12
   7   27    7   21    2  -67    0   -6
  12  -52  -19  -17   25    0  -13   20
 -22    0    4    8    0    9   84  -26
   4   14   12  -14  106   -4  -25  -12
 -13   -7    4   36   13  -21  -11    1
 -16    1    3   16    7   15  -24   -3
  -4    1   12   -2    2   20  -42  -23
  -8   -2  -44   -9   25    3  -12  -16
   0   19   18   17   14  -44   -4  -10
  15  -52  -17   -9    5    9   -9   30
 -20    3    2    8  -17    6   88  -28
  -1   -9   -1   -7  101  -18  -29  -33
   6   -1   -8   35    2  -18   26   -4
 -27   -4    2   -1   20    0  -13    5
  -3    0   10    2   18   18  -57  -10
 -20   -7  -46   -1   28  -15  -21  -23
   0   24    3   18    7  -49   -2    0
   4  -53  -16  -23   11   16  -13   16
 -20   -3   -1   -4  -16    4   84  -17
  -5   -3   -4   -6  108    0  -16   -5
   8   -7   -1   28    1   -5    4    3
 -15  -11    6   16   10   14   -6    5
  -7   14   19   -6   27   26  -55  -32
  13   16   -3  -50    6  -15  -24  -43
 -20    5    4  -37    9   49    4  -25
  31  -12   19   -8   -6   45  -33   19
  11   -7   27  -15   -1   -6   23  -32
   9    3  -22  -16   91  -18  -17  -11
  21   -3   34   60   -9    5    6   20
  -2  -25   -4  -21   19  -40  -17   -6
  -8   24  -13   -1    0    5  -39   -9
  -1   -3  -18  -23   32   -7   -3  -14
 -16   24   38  -13    9  -41   26   -6
  41  -29   -7  -12   -2   20   -4   19
 -16  -21   33    6    1    6   25   -3
  46  -10  -25   16  102  -33  -21   19
 -10  -23   18   45    2  -21  -11   -8
 -46   -4  -19  -24  -26   10  -23    6
  -8   15  -14   -4  -61    6   -8   -4
   5   -4  -49   12   20   -6   -7  -12
  -7   14    2    4    5  -50    4    1
   2  -58  -24  -16   11   10   -5    9
 -20  -10   15    3   -3   11   96  -16
   4    2    2  -12  111   -1  -21   -5
 -16  -15   -3   15    2  -11  -13   -7
 -17    6  -10    0   11   13  -13    2
  -6    3   37    0    3   23  -42  -24
   1   -3  -51   -1   15  -11  -12  -26
  10   11    7   23   15  -50   -3   -2
   6  -43  -15  -13   11    5   -6    9
  -9   -2    4   -2   -7   -3   96  -18
  -6   -2    7  -12  112   -5  -29  -24
   3    0   -4   16    4  -17    8  -11
 -16   -6   -5    9   10    1  -13    4
  -4    1   34    7   15   27  -53  -23
  -5    1  -36    0   27   -3  -22  -34
  -2   27   -5   30   18  -45   -8    0
  16  -43  -16  -16    4   11   -8   14
 -14   -5   -8  -12   -6   18   82  -30
  -3    9   11  -13  115   -5  -20  -20
  -4   -6  -11   42    4  -11   21  -11
 -13  -13   -7   -1    6    5   -7   -6
   4    0   15    4   12   11  -49  -22
  -5    0  -48  -15    5   -5  -28  -18
  -2   29    0   14   16  -46    0   -9
   0  -39  -14  -13   22    3  -10   27
  -8   -2   -9  -24    5    1   81  -21
 -10   17    0  -23  123   -2  -21  -21
   1   -6    0   31    4   -8    5   -1
   1  -12   -4   -5    0   13    3   -2
   3   -3   28    0    1   27  -48  -18
   2   15    9  -21   -4    9  -46  -30
 -40   11   -6   18   21   -2   -7  -22
  14  -16    3   -9   53   37   -4   47
  -3   32  -12   -4   -8    5   24  -23
 -26    9   13   -8   93  -30  -22  -25
   8   -7    3   85  -19  -21   11   -6
 -18  -14   19  -10  -22  -21  -12   -6
  24  -27  -30    3   17    0  -15  -15
  -4   15   12  -31   -5  -10  -29  -30
 -42    6   -6    2   31  -16  -17  -23
   7  -16   12  -24   61   18   -1   47
  -9   37  -21   -5  -18   27   21  -39
 -37   19   14   -9   86  -14   -9  -29
  15    0   17   77   10  -10    8    5
 -16   -7   40    4  -13  -12   -6  -18
  10  -22  -30  -13   18    0  -20  -21
  12   14   23  -29   -3    7  -40  -24
 -22    0   -1   -1   27   -5   -8  -21
  14  -11    1  -14   53   27  -14   56
   3   29  -13  -12  -13    0   30  -35
 -36   18   19   11   84   -2  -23  -31
   9   -3   24   78  -12    8   12   -2
 -12  -18   25  -24  -18  -21  -11  -24
  19  -13  -47  -25    9   -3  -20  -17
   5    4   -6  -27    3  -11  -35  -42
 -30   16  -13    0   35    0  -14  -15
  16  -13   -1  -19   36   25   -2   38
   9   29   -3    9  -10   24   58  -28
 -23   11   17  -15  106   -9  -33  -32
  13   -8   11   64  -22   -9   19   -2
  -9  -18   10  -28   12  -22  -15   -1
   2   -6  -26  -19  -12    2  -33   -5
  -4    6  -18  -21   22  -16  -34  -29
 -24   20  -22   21   33  -28  -23  -18
  22  -40    9  -35   37   25   -9   51
 -20   19   -3  -16  -18   14   45  -32
 -13   28   -4   19   98  -22  -24  -32
   3    1   -4   63    7  -24    1    7
 -21   -3   21    1    8  -12  -11  -16
  15   -7  -13   -3   16   14  -32  -10
 -14    2   13  -11   16   -5  -12  -23
 -23   17   48   17   -9  -89  -13   -8
  18  -43   19  -15   20   14  -12   38
 -42    3   10  -12   -6   61   -3  -30
   2  -51   41    2   12   -4  -54  -28
  45   12   -4   74   22  -43    9   -7
  -8  -20   54   47   10   15  -31  -24
   6  -11  -19   -5   37   -2   -9    8
  -7   38   16  -27   12   -3  -21  -52
  -1    6   -8    4   11   29    9   -4
  55    7    1  -31   -7   18  -18   -9
   7   15   -3    4    5    7  -54  -19
  14  -37   43   -1    6   12  -35  -53
  32    9   18   58   -3  -23    7   36
 -30  -22   11   -4   15   -5   -2  -15
  17  -18  -68    1  -12  -12   -1   20
  24   36   27  -42    6    8  -24  -43
  -3    1  -14  -28   21   36    2  -14
  54   13    0  -31  -14   25  -10   -3
  28    1  -16    1   19  -17  -33   -1
  25    2   24  -11   56   11    1  -46
  25  -18   31   20  -14  -20  -18   24
 -22  -24  -21  -15   23  -12   -9  -12
  15   16  -50   -9  -58  -19   26   10
 -25   -9   11  -24   18  -19    0  -38
  -1    7   29   22    9  -72   15    4
  68  -40    6  -11    9   51    2   23
 -25   -6   -5   -5   21   14    2  -13
  36  -33   32  -21   60  -21  -15  -31
  22   -2   -7   59    4  -23    9   -9
 -31   -4  -20   -5   31   -1  -22    0
  -5   -5  -44    7  -29  -19   -1   -1
 -12  -11  -26   -3   38   -8  -14  -14
   2   29   33   18   15 -104    0   -8
  22  -56  -14  -17   28   20   -3   14
 -40    3    4   11    1   10   72  -12
   9    0   21    2   90   -2  -31   -1
 -14   -8   -1   52    7  -24   -7  -17
 -26   -4    6    5  -14   11  -34    0
   0   -2   -2   -7  -10    8  -24  -14
  -8    4  -33  -15   22   -2  -26  -19
  -9   23    3   14    8  -23    6   -2
  10  -53   -1  -23   27   12   -3   30
   8   -6   -2   11  -11   -6   77  -26
  -8   13   -3    1  117   -3  -19  -19
 -14  -13    5   49   -9   -6  -10  -11
 -16  -10   -3  -18   15  -12  -15   12
  -6    9    8  -19   14    3  -46  -16
   4   17  -37  -16   30  -10  -20  -39
   1   24   11   20   36   -6   -4  -17
  19  -30    5  -21  -11   17  -20   30
  -1    9   11   -2    0   12   68  -20
 -17  -17   -1    7  124    4  -24  -25
  -7  -12    2   41  -13  -20    2   -2
 -13  -16  -16  -19  -10   -8   -2    4
   3    3  -17    0    3    8  -34  -27
 -13   15  -10  -12   19    5  -23  -21
 -14   27    4  -23   16  -32  -17   -3
  39  -32   17  -31   34   15    8   31
   4    2   21  -11   -8    5   31  -34
   0   -5  -10    4   99  -16  -30  -11
  18   -9   26   70   -2  -32    0   -2
 -32  -17   -6  -27    1  -22  -12    1
  -3   25  -19  -19  -20    8  -45    2
 -16    8   14  -19    8   -2  -24  -59
 -36   35   11  -36   34   -8   -3   -6
  27  -38    0  -32   38   36    0   32
  -9   17   12   -3  -19   11   28  -35
   3   11   -2   26   72  -27  -36    5
  31   -3   21   85    0  -39   -8   -6
 -23   -1    7    7    4   -9  -20   -2
 -11    2  -33  -14   13   -1  -36  -17
   6    2   -8   -5   22   -2  -29  -13
  -7   24    5   -8    9  -35  -12  -10
  41  -34    0  -38   41   32    1   20
  -7  -17    4  -12  -15   31   33  -35
   5    6   -3    6   98  -27  -35   -6
  38  -18    5   81  -22  -35    6   -3
 -24   -2   -4  -32   -2    0  -33    0
   3   11  -15   -6   -7   -2  -10   -8
 -20   -6   -9   -2   16  -19   -4  -16
 -19   26   51    5  -24  -87    1   -7
  11  -51   -6  -14   38    9   -7    3
 -44  -21   16    3  -17   54   18  -33
  18  -33   12   19   35   14  -44   16
  31   -3    8   78   12  -23    0  -19
 -28   -8   59   65   -1   -3  -44  -17
 -12   -6    1    8   34   10  -18   -2
 -29   11   30    6   22  -19  -14  -29
 -19    5   37   21   10  -82    1    0
  27  -44    6  -21   30   27    3   -2
 -34   11   -6    2  -10   37  -44   -9
   3  -34   46    0  -22  -13  -40  -16
  41    4  -17   68   26  -27    4   -4
  -7  -22   23   57   22   26  -21  -26
   2  -15  -54   10   -3  -13   43   14
  24   21   30  -37    2   10  -30  -11
 -31    3    5  -28   -2   20   -6  -15
  25   13    3  -36   33   33   -2   31
  28   -5  -13    0    0   15  -35  -21
  -8  -10    7    0   60  -12  -11  -29
  16   -5   41   89  -22   -8   10   11
 -12  -27   23  -42  -10  -27  -15  -34
  19   11  -37  -11  -20  -12    7   -5
   3   21   21  -59   -3    0  -41  -35
 -31    2   14   -6   29   -6  -22  -23
   3    7   -1  -19   56   21   -9   45
  15   33    1    0   -7   16   -1  -29
 -34   14   35    6   44  -24  -14  -36
  22   -2   27   94   -5   -2    9    3
 -15  -21   33  -10  -11  -18    0  -13
  23  -25  -31  -12  -20  -26   12   -1
  21   12   13  -38   -6  -13  -31  -40
 -23   12   -1   -8   10  -33  -10  -23
  14   -7    9  -15   65   20   13   31
 -10   34    4   -9    3   13   23  -27
 -25   20   16   12   75   -1  -29  -57
   9    0   17   97  -21  -14   -2    0
 -15  -24   17  -27  -15   -7   -4   -8
  23   -6  -35  -11   -4  -15   -5   -4
   0   12   -2  -31   19   -3   -8  -48
 -14   27  -29   -4   34   50   -2    7
  63   -3  -10  -15    0   11  -12   21
  25   -5   22  -10    0   -3   27  -31
   6   -2  -12   -1   83  -15  -31  -23
  11  -15   16   49  -23  -22    1   27
 -12  -35    0   -9   15  -14  -18  -12
 -18   14  -28  -12  -17    3  -42    0
  12   11  -15  -26    8   -5  -23  -28
 -11   13   -9  -33   15   24   35    3
  50  -24    2  -23  -18   26  -24    7
  32  -18   11  -21   24  -15   39   -1
  36  -15    0  -11  108   -3  -22  -10
  18  -15   13   22  -24  -21  -21  -10
 -27    8  -33   -7   18  -14  -27   -3
 -17   20  -12   -6  -39   -1  -10    0
 -18    0  -32  -18   31  -21    6  -46
  -8   22    1   12   34  -17   28   -1
  54  -46  -16   -6  -10   39    0   11
   4   15   25   -1   -8   -6   55  -16
  17   11   -1  -18   96   -6  -49  -25
  -7  -15   -1   25    4  -30   18   -5
 -30    0   -5  -12    6   11  -17    0
  -4   -2  -24   -9  -30    1  -33   -2
 -14    2  -29    0   18   -8  -25  -29
 -26   28   14   18   39  -33   -4   -5
  36  -45    5  -27   -5   19   -7   21
 -12   -3    8  -17    9   15   55  -33
   2   11   12   -9  114   -9  -43  -15
   9    0    0   50   -3  -21    1  -19
 -32  -10   12  -28   19    2  -16  -12
   5    6   -5    0   -4   10  -37   -6
 -15    6    6  -15    9  -13  -13  -52
 -27   35   11   -1   16  -29   25   -2
  63  -22   10  -38    6   48  -11   13
   8   -8    4  -25    6  -14   15  -33
  26   11   17  -10   76  -18  -24  -12
  12  -14    1   64  -15  -33   -3  -12
 -38  -10   15  -12   29    4  -31  -10
 -13   18  -16  -14  -10    5  -23    8
 -25   11    0  -18   30  -19  -16  -15
 -35   11   45  -22  -18  -21   -2   -8
  45  -41   10   -9   24   37    5   32
 -15  -28   37  -18  -13   32   17  -30
  13   -5  -29   17   72  -16  -43   21
  11   -2   27   73  -15  -24   -9    2
 -22    5   21  -12   -7   -6  -32  -12
   0    2  -15  -27   19   -4  -29  -14
 -38  -10   33    3   24  -10   -4  -26
 -14   21   47   15    3  -60   27   -5
  40  -39   12   -9   -2    9   -2  -11
 -33   -4    8  -15  -22   60  -55  -27
  32  -40   24   20  -22  -13  -55  -14
  12   13   10   50    8  -30    1   13
  -9  -19   33   51   12   16  -25  -21
   0  -12  -28    5   25    1   11   16
   5   27   46  -37    7    1   -3  -30
 -15   20   11  -10    1   15   19   -4
  35   17    2  -14  -11   31   -9    6
 -16    9   13  -17   -2    5  -71   -6
  33  -21   33   -1  -60   -3  -19  -44
  24    5   21   19  -13  -14   -6   25
   1   -7   -3  -10   19  -14   26  -26
  12   -3  -53  -17  -24  -16   47   20
  18   37   24  -51    2    2  -26  -26
 -37   -1    6  -36    1   45   -1  -19
  15   29    3  -25   17   44   -6   37
  29    9   -2  -10  -11   13  -30   -2
 -25  -15    1   11   47   10   -6  -23
   3   -9   41   65  -21  -17    5    9
  -9  -22   19  -39   -9  -35    4  -17
  23    2  -58  -19  -31  -20   30    2
  26   23   30  -46   -4   -7  -42  -25
 -35    0   11  -19  -11    9  -17  -20
   4   13    0   -9   67   28    4   44
   7   24   -6  -15  -25    8  -21  -31
 -46    1   25   13   44    2  -16  -25
  21   -7   37   85  -13    1   12    5
 -16  -17   39  -14  -10  -18  -19  -16
  27  -21  -25  -10   14  -15    0   -2
   3   13   13  -36   -6    0  -39  -25
 -28   10   12  -14   18   -4  -20  -24
  -5   10    0  -17   52   25   -4   58
   4   40   -3    6  -16   11  -11  -30
 -45    0   19   12   40   -4   -8  -53
   0    4   26   96   -4   -2   18    0
  -2  -25   46   -8    6  -39    4  -11
  24  -21  -41  -16    6  -20   14  -12
  10   20  -31  -32    6   -5  -39  -19
 -18    0    0   -6   32    2   -4  -18
  21  -17   11  -23   39   19   -7   40
   4   17   -3  -13   27   14   45  -12
 -23   21  -10    1  118  -12  -18  -45
 -13  -16   20   60  -11  -22    6    0
 -10  -18   -2  -29   -7  -29   -6  -15
  11    5   -1   -6  -17  -10   -9  -15
  -7    7  -24  -17   26   -5  -33  -18
 -12   13    5   -8   18  -25   -8  -12
  16  -25  -17  -21   32   25   -6   23
  -9   10   10    8  -21    5   74  -19
  -1   16   -2   -3  118  -12  -23   -1
  -4  -16   11   52  -12    0   -1    0
 -25  -13    1  -32   -1   -5  -22    1
   2    0    5  -12    7   10  -46  -23
   0    4  -26  -25   31  -14    3  -18
  -4   29   -7  -12    0    6    7    0
  18  -37   -8  -13    0   12  -17   19
  29  -12   13  -26   -4  -21   78  -18
  11    0  -29    0  117    2  -10  -19
  10  -17    7   20  -10   -8  -11    0
 -20    0  -15  -16    1   -6   -7    0
  -9   10   16  -13   21   18  -55  -20
   5   11  -31  -26   26  -10    1  -12
 -23   28   12   -7   12  -16   12    6
  23  -20  -19   -9   -3   24  -14   19
  17  -16   39  -12   -8   -5   75  -17
   8   -1  -20  -16  111   -4  -36   -9
   5  -22   13    3  -12  -28   -5   -6
 -16    3  -24  -25   12    5  -10    7
  -1   11   14  -17   -6   18  -55  -24
   0   11  -19  -21   21  -12   -8  -44
   7   30  -13  -33   19   24   28    2
  39  -21    4  -13  -19   27  -22   20
  21    3   29  -16   12  -13   44  -24
  14  -24  -18  -18  103  -28   -5  -17
  25  -20    4   33   -2  -35   -7    2
 -20   -7  -24    4   10  -12  -20   14
 -23   11  -15  -19   -5   20  -50   -1
  -7  -11   28  -17   22  -26   -1   -1
 -38   42   41   -2  -14  -54    0   -9
  30  -40   12  -25   26   33    6   19
 -30   -9    8   -3   -4   52  -35  -27
  42  -22   15   -4    2  -13  -62    5
  16    8   23   63   -2  -19   -9   -2
 -14   -4   51   40  -12    8  -54  -24
  -1  -13  -34    7   27   -9   -2   11
 -27   25   33  -14   16  -10  -15  -24
 -18   25   28    4   15  -49   31   -7
  46   -9    0  -16   -8   23   -4   -7
 -13   33    0  -10  -13   14  -62  -15
  33  -30   22   18  -63   -9  -45   -6
  21    7   -1   31   -9  -24   -1  -11
   2    3   20   46   44    8  -21  -32
   3    1  -38    0   -1  -19   31   23
  28   29   42  -55    9    3  -16  -15
 -26   11   24  -31   -2   12   18   -7
  21   17    4  -14  -25   41    1   13
  10   14    3  -17    0   23  -73    0
  11  -17   10  -10  -50    6  -14  -14
  13    7   20   16  -23  -15  -21   11
  16  -14   19    5   12   -1    1  -40
  19   17  -51  -16  -29  -19   46   28
  33   35   16  -36   -2  -11  -25  -19
  -8    0   16   -5    0   40    8   -4
  21   28   -6  -42   15   46   -9   18
  32   26    0  -12    5    8  -47  -17
 -23    1   30   16   37   11   -1  -25
   5  -16   35   53  -15  -18   -4   17
 -20  -39   14  -42  -21  -25   -7  -23
  22    3  -53  -15  -40  -31   29   16
  16   25   23  -44   -6   -4  -25  -17
 -33    0   10  -22    0    3  -27  -32
   2    5    8  -15   64   32    0   48
  15   34  -18   -3  -11   22  -11  -28
 -36    4   17   -2   34  -13   -8  -31
   7    0   29   92  -20    0   12   -2
   0  -22   43  -13   -3  -40   -1  -19
  28  -20  -32  -11   -3  -24    8    8
  11   22    1  -36   -7    5  -41  -12
 -32    0   17   -4   10   -6  -20  -21
   9   -4   21  -12   55   31    7   43
  18   37  -26   -8  -25   11   -9  -31
 -43    6   25   13   49   -7  -14  -38
  25  -11   22   96  -12    1    8    8
  -5  -14   37  -30   -6  -32   -8  -10
  21  -16  -35  -34   -4  -20   15   -4
  30   23    3  -40   -6   -8  -40  -24
 -50   -8    0   -9    7   15  -12  -26
   0   -2    7  -22   61   28    3   50
   9   40   -5    3   -2   13   -9  -35
 -50    9   14   15   55  -13    0  -42
  16   -7   21   83   -9    3   16   -1
 -11  -22   34  -18  -14  -19   -9  -11
  32  -11  -37   -5   14  -18    4   -8
   8   14  -18  -14   21   16  -39    3
 -29   24   26   -9    3  -59  -20  -16
  10  -30   -6  -27   42   19    1   24
 -19   24    4    3   -9   12   59  -18
 -12   -4    9    0  105   -1  -19  -36
   0  -15   21   68   -4  -25    8   -2
 -18   -7   -6  -22   -7  -10  -27  -15
  29    0   -5  -12    2    4  -25  -18
 -13   10   -5  -24   16  -23  -42  -38
  -2   24   -7   23   21  -15   -7   -8
  23  -41    8  -43   24   11  -15   46
  -2   -3    1  -11    1   10   58  -34
 -17    6    6   -6  112    0  -16  -19
  29   -7    1   56  -12  -13    3   -2
  -8  -16   12   -1  -10  -15   -3    4
   7  -12  -14   -3    6   11  -40  -13
   6    0  -31  -14   29    7  -20    0
  -9   23   10    7    7  -49    1   -9
  19  -38   -7   -9   10   22   -6   17
  -8    2   10    7  -23   -1   82  -19
  -7   12  -10  -10  117  -13  -27  -12
  -7   -9    2   39  -11  -28    3   -7
 -11   -3   -9  -17    6   21  -18   -1
  -5   13   14  -22   -4    4  -52  -14
  -4    6  -35  -21   22   -6   -1  -19
  15   12   22    9   10  -40   16   -6
  27  -41  -18  -11  -20   14  -11   11
   5  -20   14  -20   -8    0   69   -4
  13    7  -24    0  125  -12  -21   -4
  13  -14   -5   27  -26  -23   15   -8
 -38    1  -22  -11   18   -3   -2    7
  10    3   -4    5  -18   13  -34  -12
  11    0  -39  -13   29  -11   -9  -25
   4   17    8    9    1    4   30    1
  25  -39   -3  -15  -10   19   -5   11
  12  -11    5  -26    5  -16   76  -21
   4   -2  -16  -26  116  -16  -18   -6
   4  -20   16    6   -2  -18    0   -7
 -23    8  -37  -15   -2   -9  -14   12
  -3   16   17   -3    9    8  -54   -9
   4   42   40  -50    0    7    1  -16
 -31    3   19  -42    1   20   25   -7
  39   19    4  -26  -11   40   -7   17
  27    5   21  -21    6    8  -60  -15
  15  -25    7   -4  -27   21  -28  -14
   0    2   29   23  -32  -36    7    0
   0    0   24  -11   -2  -11    2  -28
  14    6  -51   -9  -21  -18   45    4
  25   42   32  -52   -9   10  -23  -22
 -18   14   27  -22   -1   20    9   -4
  20   24   10  -35   13   39  -15   24
  15   15   12  -23  -13   10  -78   -3
 -17    5   30   20  -16    2  -12  -24
  -9    0   41   31  -18   -4    2   17
 -13  -16   24  -28  -10  -16    9  -24
  16    7  -32  -18  -26  -28   40    5
  40   25   30  -46   -6   -9  -10   -8
 -25   21   16  -25  -16   25   -2  -23
   9   17    8  -27   18   27   21   34
   5    9    8  -16  -12   16  -67  -15
 -21   -7   -1    3   12    4   -5  -28
  16   14   47   60   -1   -4    4    8
   5  -24   36  -37  -10  -30    0  -27
  26  -10  -46  -18  -18  -32   38    1
  22   27   20  -35   -6  -10  -34  -15
 -44    5   11  -15    6   -6  -23  -25
  -8   15   16  -18   55   27    6   37
   6   31  -10   -1  -11   21  -22  -16
 -47    2   26   22   41   -1    3  -23
   8   -2   25   95  -16  -18    6    4
 -18  -28   36  -12  -22  -24   -3   -7
  26  -15  -45  -11  -12  -23   23    2
  11   26   20  -39    1  -10  -45   -9
 -39    7   25   -6    3   -1  -22  -25
   7    8    0  -40   50   23    4   55
   8   26   10  -12   -6   26  -23  -40
 -45   -3   42   12   32   -7  -20  -29
  34    5   21   80    0  -10   17    3
   3  -15   30  -22  -25  -11    6  -22
  29  -20  -40  -13   -5  -28    4    3
  30   34   17  -33   -8    7  -53  -19
 -60    4   17   -3   11  -12  -21  -31
  12    1   16  -22   52   31   -5   36
  11   55  -19    0   -5    0  -13  -18
 -32   23   22    5   26   -4  -23  -38
  20    7   10   85  -17   -9   12    4
  -4  -21   34   -7   -8  -25   -5  -16
  27  -26  -50  -22   -2  -11    9    9
  20   11   14  -30   -2    6  -34  -15
 -39   -1    2  -14   -1  -29  -13  -34
  -7    3    8  -16   61   25    1   48
   1   37   -2   -5   -3   17   -4  -39
 -37    6   22    0   61   -3  -23  -26
  19    1   16   97  -12    5   14    7
  -7  -21   36   -8  -31  -24   -7  -19
  27  -20  -41  -11   15   -8    5  -10
  11   26  -10  -19    0    4  -39   -9
 -36   12    4   -3   40   -8  -21  -10
  16  -23   -9  -42   49   14   -5   26
   6   -4   -8   13    4   -5   35  -15
 -29   -5    8   19  110  -16  -15  -48
  18  -24   21   73  -15   -1    7    3
  -9   -6   24  -23  -23  -16   -9   -2
  12   -3    7  -15  -22   -5  -17  -14
  -1   12  -38  -37   13   10  -10  -28
 -17   13   -8    6   29   25   -4  -18
  13  -32   -1  -17    3    4    0   21
   7    4   22   -7   -9   -8   58  -37
  -4   26  -15  -10  121  -10  -21  -16
  14   -8    2   35   -9   -7   18   -1
  -4  -12   14   -9    1  -22  -13    2
  -3    0    5   -4   28   12  -63  -19
   3    0    0    0   14  -14  -44  -10
  -3   14   18    8   22  -49    0   -9
  21  -32    2  -28   16   22   -9   45
  -8   -9  -18    6   15   -4   62  -21
   0    2    7  -12  117  -12  -32  -33
   1  -14   14   56  -18  -27   -6    0
 -20  -12  -10  -15   11   -5    2   -7
  20   19  -16    0  -40   -1  -24  -21
  -3    8  -50  -17   14  -12   -6  -29
   3    5   -9   -4    1  -15    5   -3
  10  -32  -15  -20    7   14  -12   15
  12   -9   13  -13    7  -15   88  -21
   0   13  -32  -16  114   -1   -8   -2
  -1   -8    0   22   -3  -19    7    0
 -18    5   -5   -6   19    0  -12   10
  -2   16   33   -5   14   18  -59  -31
   0    0  -48  -18   26   -9    3  -28
   0   20   10   18   15  -47   10    9
  23  -60    9  -25  -23    7    0    8
  -7    0   17  -17   -4   -5   71  -18
  11   -2   -4  -14  117  -21  -27  -15
   0  -15   -3   18   -4   -9    1  -11
 -25   12    4   10   21    4   -8   14
  -6   16   -8    4  -13   12  -52    0
  21   36   32  -39   -1   -1  -17  -48
 -39    5   -2  -34   10   36   11  -24
  31   28  -12  -32    9   28   -9   37
  31    7   14  -21   -7   -4  -56  -14
   1   -4   16    0    0    8    0  -21
   8    7   33   41  -14  -28   14   31
  -9  -23   27  -23    6  -22   -8  -33
  26    7  -60  -13   -7  -16   22   15
  22   38   25  -21    0    1  -19  -11
 -34   -7   27  -11   -6   17   -7  -21
  13   18    6  -38   37   37   10   33
  17    2    2  -17  -30   34  -50  -16
 -24  -20    5    9  -14    0  -27   -3
   8   10   53   65    0   -3   18    9
  -4  -27   40   -8  -35   -5   -2  -43
  16   -6  -49  -39   -4  -20   21    4
  29   34   27  -42  -11    7  -18  -16
 -27   -2    0  -36    3   18  -11  -12
   4   11   13  -46   33   42    3   49
  26   -1    9   -9   -8   14  -54  -27
 -17  -25   15    0    7   -2   -6  -14
  10    5   42   68  -12  -10    0   -1
 -17  -37   48  -27  -14  -11   10  -35
  15   -7  -20   -8    0  -21   37    7
   9   30   17  -36   -6    4  -42  -19
 -53    7   19   -2  -15   13   -9  -19
  10   14   18  -35   45   26    2   34
  26   39   -9  -16   -5    6  -36  -34
 -47    1   31   15   13   -7  -18  -30
  23   10   18   79   -3    5    2   16
   2  -33   41  -16   -7  -23   -2  -23
  22   -3  -56  -15  -10  -13   24    0
  22   30   30  -27  -27    1  -26   -6
 -35  -10    0  -24    9    0  -21  -26
   4    4   -2  -27   38   25   -3   46
  27   32    0   -4  -21   18  -28  -18
 -32    3   27    7   23    3   -8  -26
  20    2   25   88  -11   -5   12    5
 -15  -30   42  -23   -2  -27   13  -26
  35   -5  -65  -10   -5  -29   21    3
  32   23   12  -37   -6   14  -41  -14
 -37    1    6  -12    9   17  -11  -34
   0    8    5  -44   58   27    2   40
  14   21    4  -16  -15   20   -9  -38
 -38   -2   14   13   42    2    2  -40
  44    1   29   89  -13   -1   12    3
 -12  -17   34  -14  -24  -20   -6  -10
  20  -12  -47  -18   -1  -25   11   -9
  27   23   28  -47  -17   -1  -25  -22
 -32   -6   26    0   25  -11  -15  -34
   4   11   13  -17   53   25   -6   50
  15   56   -2   -7   -9   10  -17  -36
 -35    4   40    3   26  -15  -18  -42
  36    0   18   76  -18   -8    3    1
  -9  -12   60  -17  -38  -10    4  -23
  11  -19  -38  -11   12  -20    1   -6
  13   12    1  -22    8   14  -30  -14
 -12   10   13   -7    6  -32  -14  -23
  15  -19   -5  -30   54   18   11   36
   0   21   -7   -3   -5   26   20  -13
 -22    4   13   14   99  -12    0  -50
   5  -14   23   91  -19  -29    0   -8
 -27  -13   20  -36  -22  -17   -6   -6
   4    9  -33   -9  -39  -10    8   -5
 -18    3  -22    2   16   -8  -35  -37
  -6   22   26   28   22  -27  -12  -10
  13  -38    3  -17   49   22  -14   39
  -4    3   11  -12  -20    9   54  -37
 -15   -6    8    1   91  -27  -35  -14
  25    4    0   62    4  -17   12   -4
  -9  -16   36    9  -23  -12  -17   -8
  -8   -7  -13   -6   38    8  -51  -29
   6   -3   -3  -47   13    1  -41  -13
 -41   12   10   19   21  -51  -13  -18
  23  -23   -1  -27   58   12    3   40
  -8   16   -2    0  -10   20   37  -19
 -23   31   21   -8   90  -21  -18  -47
  17  -11   36   70    0  -26    1    0
 -15  -17    7  -17    2    5  -13  -23
  14   -8  -18  -12   -4   -7    4  -12
   0    0  -56   -5   14    5  -10  -10
   0   24   -8    9    9  -56    5   -7
  12  -40  -20  -21   13    9  -10    9
  -4   -5   -7   -3   -6    4   85   -6
  -3    3   -8  -18  127  -17  -22  -14
 -17   -8    1   10    3  -14   -5   -2
 -14    1   -8   -8    0    9    0   12
  -3    6   23   17    8   22  -42  -27
   0    6  -36  -13   33  -15    6  -44
  -4   28  -25   11   14   28   14   -3
  28  -36   -1  -12  -20   27  -17   19
  20  -10   24  -39   -2  -32   51  -33
  -3   -2  -26   -7   96   -3  -34  -16
  23    3   -4   16   -8  -20   29    2
 -24    0    0   11   13   -9   -7   10
  -3   11  -15   -8   33   24  -66  -21
