Shape: torch.Size([1, 144, 64])
Range: [-102, 127]
Mean: -0.0305

量化值陣列:
   4   14  -29  -10    0    4  -27  -10
  -8   10  -11   13   14   -7  -12  -13
   0  -32  -14   -5   30   -1  -11   39
 -12   32    3   -1   -8    8   69  -38
 -26    3   19  -14  118   -2    4  -27
  -6  -11   -3   26   -5  -10   12   -1
  10   -6    2   10   -8  -10    3   -3
  11  -13   11   -2   22   25  -58  -29
  10   17  -31  -16    4    8  -25  -11
  -5    4  -11   21   19  -14  -12  -18
  -2  -29  -19  -10   35    1   -8   43
 -12   23   -8    3  -16    3   70  -47
 -18    4   -6  -12  113    6    6  -27
  -3   -4   -8   29   -4   -8   17    0
   8   -1   -9    6   -7   -8    2    8
  12  -14   -1    3   21   27  -50  -30
   5   17  -27   -2    8    2  -32  -12
   6    3  -15    7    4  -13  -15  -29
  -3  -31  -20   -6   30    1   -2   44
  -3   24   -7    2  -13   -5   71  -37
 -17    7    6  -18  121   -5   -2  -22
  -5    3  -11   24  -10   -7   21    0
   8    7   -2    0   -3   -7    0    4
  10   -3    1    4   25   21  -53  -30
  13   13  -28  -12    6    2  -24   -8
  -1    4  -20   21   11   -7  -19  -21
  -4  -31  -25   -5   31   -2   -4   31
  -6   30   -7    2  -15   10   70  -50
 -23    6    0  -15  119   -2    6  -19
 -10    1    0   21   -2   -7   14    4
  16   -6   -8   -4  -17   -4    6    9
   8   -6    8    1   23   24  -56  -24
   5   11  -33   -5    1    0  -31  -12
   0    7  -16    3    8  -11  -18  -15
   3  -36  -19   -6   22    7  -11   43
  -4   23  -15   -1  -10   -1   77  -32
 -19    9   10  -22  113    4    8  -26
 -10    0   -2   21   -1   -9   10    6
  14   -2    0   11   -5   -4    3    5
   6  -10   12    4   10   30  -59  -29
   9    9  -39  -13    7    1  -27  -11
   0    2  -10   10   19  -11   -7   -9
  -1  -26  -17   -7   18    1   -7   28
  -8   18   -1   -5  -14   -5   76  -37
 -20    6    3  -17  118    4    6  -19
  -5    0  -10   21   -3   -7   16   10
  12  -11  -11   10   -9    2    4    9
   3   -7   12    4   13   34  -59  -32
  -1   13  -37   -4    7    4  -27   -3
   2    4  -12    7   10  -14   -1  -16
  -1  -30  -15   -2   25    0  -17   37
 -17   15   -5    2  -10   -5   77  -38
 -13    4    7  -12  118    3    1  -23
  -6    0   -1   13   -2   -7   15   10
  10   -8  -11   14  -12   -2    8    8
  10  -10    7    1   11   28  -61  -32
  14   12  -37   -8    5    5  -26   -3
   1    8  -13    0    6   -5   -9  -17
  -4  -34  -27   -2   21   -6   -7   33
 -14   18    0   -1   -9   -1   78  -31
 -19    7   -4  -16  120    1    1  -21
  -3    0   -6   13  -10   -3   13   -1
  11  -12   -8   10  -12    1   17   10
   7  -14   14    3   14   30  -57  -25
  10   11  -36   -2    5    7  -25  -14
  -2    6   -7    0   14   -6  -11  -14
  -2  -32  -22   -2   16   -4   -9   32
  -3    9   -2    1  -11    0   81  -30
 -21    7   -2  -18  118    4    2  -16
  -9    2   -3   16   -3    2   12    6
   4  -10  -22    6   -5    8    7    2
   0   -7   19   -1   12   31  -64  -27
   9   13  -40  -12    6    0  -21   -5
   2   11  -18    2   11  -13  -10  -10
   4  -23  -23   -5   12    4  -12   23
  -4   15    0    2   -2  -12   76  -29
 -16   -4    4  -23  118    0   -2  -16
 -10   -2    4    2    2   -9    6   12
   7  -14  -16    5   -4    3    8    3
  15   -1   23    4   17   38  -67  -30
  16   16  -38   -6   11    2  -20   -8
  10    7  -11    4    7  -29   -4   -6
   0  -30  -13   -6   17    6   -8   35
  -8    7    4    1  -17  -10   78  -31
  -8    5  -10  -23  114    6    2  -28
 -10   -8    4    4  -10    1   12    8
   0  -10  -21    9   -5   10   12    9
   4  -11   13    0   17   31  -67  -29
  19   16  -38   -6    4    7  -18   -6
  12    2  -10    2   10   -5   -3   -6
   0  -29  -22   -1    9    4   -9   22
  -3    0   -4    1   -4   -9   81  -35
 -16   -4    0  -29  117    6    3  -14
 -11   -4    1    1   -7   -4   -1   -2
   5   -7  -18    7    2    7    8   -3
  10    2   23    6   10   35  -67  -30
   3    7  -31    5   20    1  -11  -10
  10   10  -11    4    7  -15   -4   -1
   7  -46  -35   -4   18   -6   -2   17
  -7    0    3   -5  -12  -11   87  -26
  -7    9  -12   -8  114    4  -12   -6
  -5   -2   -2    7   -7   -5    0   17
  -1  -10  -26    0    8   -2   -6    8
  -1   -6   21   -1   16   38  -68  -23
   2   10  -33   -8   13    0  -29   -4
   6    6  -21   11   15   -2   -9  -13
   4  -30  -20    0   16    3   -7   25
  -4    2    4   -1   -8   -6   78  -31
 -18   10  -12  -18  120   -4  -11  -17
  -7   -2    0   18   -8    1   13    4
   5   -2  -16    3   -6    1    7    4
   7   -1   20    2   16   29  -67  -31
  16    6  -36   -3    9    2   -9   -7
  10    8  -11   -1    7   -4   -5   -8
   9  -31  -33   -7   14    0  -10   24
 -11    9    0    3   -9   -3   82  -32
 -11    8  -17  -14  121   -2   -7  -18
  -9   -6    0    6   -2  -16   13    6
  -5   -9  -18    1    6    1    4    0
   2    1   13    5   15   40  -60  -23
   8   10  -36   -6   10   -4  -21  -12
   5    3  -11    0   13   -5    0   -3
   1  -38  -25   -7   14   -3  -11   27
   4    7   -6    1  -11   -9   84  -28
 -13    2   -9  -21  116   -2   -3  -17
  -5   -2    0   11   -1    0    8    4
   2   -6  -16    0    7    0    2   10
   7    3   20    1   13   36  -66  -28
   7   17  -37   -3   12    2  -21   -8
   9    1  -10   10   13   -4   -8  -11
   3  -38  -25   -3   10    3   -8   22
  -5    3    7    0  -12  -15   82  -32
  -7    1   -9  -19  119    8   -9   -5
 -16   -7    4   -1   -1   -6    8   13
  -3   -5  -27    4    5    0   12    0
  -4   -7   29   -1   10   32  -66  -19
   9    9  -37  -10   18    0  -16  -18
  14    5  -10    3    0  -11    0   -7
   2  -39  -23   -2   10    3  -19   15
  -8    3    0    0  -15  -13   82  -27
 -13   -3   -3  -24  114    4    4  -16
  -9    0    4    8   -2    0    5    5
   4    9  -20    8   -1    9   12    2
   0    4   23    5   11   39  -69  -30
   3   18  -39   -7   10    6  -16  -11
   6    6  -10   -1   -1  -11    0   -8
   3  -30  -36    1    7   -1  -15   18
   0    1    0   -2  -20  -14   86  -27
  -9    0  -13  -24  115    9    5   -8
 -10   -9    6    1   -7   -2    5    5
 -10    4  -20    8    0   16    9    6
  -3   -3   31    2   13   39  -60  -24
   4   12  -40   -6   14   -2  -16  -14
  17   -3   -1    6    5  -15   -1   -1
   5  -32  -28   -1    9    1   -9   19
  -7    0    2    1  -17  -10   87  -26
  -8    2   -7  -19  114    1    2  -13
  -7  -17    5    2   -1    0    1   11
 -13    0  -28   -1    1   10   10    4
   0    1   28    0   18   37  -60  -30
   4   14  -38   -6   10    3  -10   -8
  13    7   -6    5    1  -25    6   -1
   0  -34  -26   -1    9    7  -20   16
  -9    3    1   -5  -13   -6   83  -25
  -4   -4  -13  -25  119    4    0  -18
 -10   -9    1    6   -8   -4    5    3
  -5    0  -24    3    0   10   18    4
  -8    0   26    8   12   39  -64  -25
   6   11  -38  -10   13    4  -13   -8
   7   10   -9    4    3  -21    1    0
   7  -35  -24   -6   12   -3  -11   19
  -7   -2    0   -4  -16  -15   85  -25
  -8   -4   -4  -25  115    9   -4  -12
  -2   -6    1    5   -2   -9   10    0
  -9    6  -23    2    7    9   10    9
  -3   -5   24    2   10   44  -67  -22
  12   17  -40   -5   11    1  -10  -12
  14    6   -9   -2    0  -29    0   -6
   5  -39  -33    1   10    0   -9    8
  -6    4   -2   -4   -9  -10   83  -30
  -3    4  -16  -24  117    0   -1  -11
  -7  -15    1    1    0    3    4    6
  -4    7  -24    1   -3   16   11    6
   0    0   28    7   14   32  -63  -25
   9    9  -39   -6   10   -1   -9  -15
  11    8   -7    0    3  -17   10   -1
   2  -43  -39   -1    8   -1  -14   18
  -1   -3    1   -3  -13  -11   86  -24
  -6    3  -17  -18  113    4   -3  -11
 -12  -14    6    4   -4   -1    1    7
   0    6  -26   -2    4   17    5    5
   3   -3   32    6   12   34  -65  -23
   5    2  -38   -4   18   -1   -8   -4
  17    5   -2    0   10  -15   12   -5
   7  -41  -18   -2   10    4  -10   21
  -1   -6    2   -4   -5  -13   90  -25
  -1    5  -15  -21  115   -5  -13  -10
  -6  -10   -2   17   -6  -13   -1    1
 -11   13  -22   -1    9    4   15    5
 -11   -4   18    2    3   30  -66  -21
  14   10  -32  -11   13    3  -10   -9
  17    6  -11    5    5  -15    0  -11
   1  -41  -31   -2    0    4  -10   15
  -8   -4    5   -2   -8   -8   86  -20
 -11    4  -14  -22  120    3    4  -16
  -7   -9    1    6   -9   -7   -2   -1
   4    6  -16    7  -10   11    9   11
   5   -6   26    0    5   35  -66  -21
   3   12  -37    0   18    7   -5   -6
  17   13   -7   -3    0  -15    4    0
   1  -38  -35   -3    9    8  -17   10
 -10   -3    5    2   -9   -6   87  -33
  -2   -4   -7  -17  115    1   -7   -8
  -7   -8    0    3   -4   -9    0   -1
 -12    1  -19    0    1    9   10   11
   0   -1   29    1    5   34  -67  -26
   9   12  -39    2   18    2   -7  -12
  10    7  -13    3    6  -27   -2    0
   2  -31  -30   -2    7    0  -15   12
  -2   -7    2   -1  -11  -11   90  -30
  -6    0  -15  -26  105    7   -1  -10
  -6  -11    0    2    2   -7    2   -4
  -3   15  -28    5   -1   14   12    5
  -5    7   27    5    5   45  -69  -26
  16   11  -35   -4   12    0  -11  -11
  20    5   -9   15    6  -25    3   -5
   5  -37  -38    2    9   -5  -14   10
  -5    0   -1   -1  -15  -11   85  -24
  -6    1  -14  -27  112    2    2  -12
 -11   -4    3    1    5   -2    0   -4
 -12   10  -19    1    2   13    9    9
  -8   -4   27    4   12   39  -73  -24
   6   13  -37   -1   12    7  -10  -11
   9    7  -12    1    3  -23    2   -4
   3  -40  -33   -2    9   -2  -18    7
  -8   -9    2    0  -19   -8   86  -25
  -5   -1  -16  -14  111    2   -3  -22
  -3   -9    3    6    0    0    4    1
  -6   18  -21    9   -1   16   15    8
  -5    0   27    5   12   42  -70  -24
   7    5  -37    1   16    0   -1   -6
  18   14   -2    1    0  -28   -5   -3
   0  -41  -38    2   13   -2  -14    7
 -10   -1    4   -3  -17    0   84  -27
  -3   -9  -17  -21  104    4  -17  -13
  -6   -5    3   -4    6   -5   12    8
  -6    2  -19   16    2   17    0    7
  -9   -4   32    4   31   43  -78  -25
   4    0  -32    4   18   -1  -11    6
   7   14   22   12   -3  -68    1   -6
   5  -59  -32   -2   14    1  -12    5
 -34  -13    4    1   -5   10   81  -25
   7    0    5  -13  105    0  -15   -7
 -16   -4   11   12    5   -9   -1   -8
 -13    8  -11   14   -7   29   -4   -3
 -14  -11   28    9    8   36  -50  -25
   4   12  -43   -6   18    5  -15   -8
  12   10   -3    2    0  -22    4   -1
   3  -43  -31   -2   17   -4  -15    9
 -18    2    0   -5  -16  -11   87  -21
  -9    6  -15  -18  111    1   -7  -12
 -12   -7    2    7    0   -4    0    7
  -7    9  -20    6    7   13    8    4
   1    0   31    9   11   30  -66  -23
  13    7  -42   -1   11   -3  -11  -15
  17    1   -5    8    1  -21    8   -3
   1  -41  -31   -1    6   -8   -8    3
  -3    3    3   -7   -6   -1   85  -21
  -3   -1   -9  -17  113    2    2  -10
  -8   -3   -3    5    1   -4    3  -10
  -8    2  -17    1    4   14   11    8
   1   -6   33    6    7   41  -71  -26
   0    5  -34   -2   16    3  -11  -12
  17   11    0    6    1  -28    8   -1
   7  -36  -30   -3    9   -1  -11   14
 -11   -4    1    1  -13  -13   88  -21
  -4    6  -20  -20  111   -2    1   -9
  -6   -7    1   -1   -5   -7    0  -10
 -12    9  -17    7    5   15   13    3
  -2   -2   24    6   12   43  -72  -29
  13   10  -42   -3   12    4  -12  -19
  22   10   -4    5    8  -24    4   -4
   1  -35  -29   -3   11    0  -19   13
  -1   -2    7    0  -17  -14   87  -18
  -6    5  -10  -18  112    3   -6   -9
 -17   -6    4    3   -2   -6   -2    0
 -10    8  -24    0    1   20    9    3
  -7    4   29    2    1   36  -62  -26
  -4   -3  -29    0   18   -3   -9  -10
   3    7   -2    9    4  -11    2   -1
   3  -51  -28    0   14    0   -9   16
 -13    2   -3    1  -11   -3   87  -20
  -9   13    2  -18  120   -7   -6  -16
  -4   -6   -3   32   -9  -11    0    4
  -7   -2  -10    5    4   -1    3    5
  -1   -9   25    0   13   30  -64  -23
  -8    8  -28   -2   18   -1   -9  -14
   5   13    1    8    1  -19    4   -2
   5  -55  -37   -6   11    0   -7   20
  -1   -5   -8    1   -8   -3   87  -29
  -3    5  -10  -14  117   -1   -1   -7
  -7   -1   -7   16   -2   -7   -1   -5
  -6    0  -12    5    1    9    0    7
  -4   -2   19    0   13   38  -63  -24
   5    1  -35    0   10    3  -15  -14
  13    8   -8    6    0  -30    0   -6
   6  -46  -24    0   11    5  -11   15
   0    0    2   -2   -8   -5   84  -29
  -6    4   -6  -20  113    0  -15  -18
  -9   -7    1    7   -8  -11    8   -2
 -11    8  -20    6    0    9   13   10
  -4    5   28    8    8   44  -74  -17
  -4    0  -40   -4   19    0   -3   -9
  11    5   -3    4    5  -30    8   -8
   8  -44  -32   -2   12    1  -13    8
 -12    1    0    0  -10   -3   89  -24
  -5   -1   -7  -28  113   -4    1  -19
 -13   -1   -3    6   -4   -1    2    0
  -5    0  -13    5    5   10    5    8
   8    0   30    3   13   39  -60  -23
  13    5  -38    0   20    5  -14  -10
  14    8   -4    8    6  -30   -5    4
   4  -38  -35   -3   13    0  -14   16
 -12   -9    4   -1  -14   -8   88  -23
  -2    6   -8  -19  115   -3  -11  -15
  -9  -11   -4    3    2    0   -3   -4
  -4    2  -21    3    3   10   11    4
  -1   -7   24    5    4   42  -63  -21
  10    8  -37   -6   19    4   -8  -10
  10    8   -4    3   -1  -27   -4   -1
   5  -47  -29    4    6    0  -11    5
  -7    1    0    2   -9   -3   87  -11
 -10   -3   -9  -21  114    5   -5  -13
 -10  -11    3    8   -3    0    9    0
  -5    3  -22    8    3    7    0    3
  -5   -1   24    2   18   39  -69  -28
 -21  -12  -24   -3   26   -7    0    0
   3   23   39   26   -9  -69   -4    0
  -1  -79   -4    8    3   13   -8   19
 -51  -10   26  -12  -29   18   46  -50
   8  -27   11  -13   37   19  -31   -5
  11   23    5   18   13  -20   13    4
 -11   -1   30   79  -11   26  -26  -14
 -23  -18   -3   11   64   23  -50   -7
  -5   10   15  -34   32  -14   -5  -14
 -22    8   23  -36   13  -10   30   -3
  66  -20   -2   -5  -15   28  -15    2
   8  -16   20   -9    5  -19   13  -11
  50    3   -5  -15   85   -6   -1   -3
  -9  -17   31   48  -16   -1   -9   -2
 -16    2  -34  -23    1   -9  -22   -7
 -18   20  -20   -4  -57   -7   -8    1
  -9  -14  -22    6   28    1  -11   -6
  10   12   29   20   14 -102   14    3
  31  -59  -24   -5   -4    7   16    4
 -43  -16    5   26  -10    6   66   -8
  22  -14   33  -18   95   -6  -27   -7
 -10  -14    9    7   -2  -20    1   -2
 -32   10  -15   15    9   26  -13   -9
 -10   -1   -2    5  -15   12  -22  -12
   6   11  -40   -2    9   -1   -7    0
  14   13    0    9   -1  -33    1   -1
   1  -44  -33   -4   15    4   -8   13
  -8   -2    9    1  -15   -4   88  -27
  -8    6  -10  -17  109    0   -9  -12
 -14   -8    4    7   -1   -4    4   -8
  -7    3  -24    6    3   14    3    4
   3   -6   28    4   13   34  -69  -26
   1    6  -39    0   14    2  -19    0
  18    7   -2    4   13  -34    5   -3
   0  -48  -20   -5   10   -3   -6   28
 -16    3    4    2  -15   -2   86  -26
   0    3   -6  -15  115   -1   -1  -19
  -5   -8    0    6   -3   -8    0    4
 -15   -7  -24    3   -3   11   10    6
  -1   -1   19    6    4   37  -62  -24
   5   12  -43   -1   20    3  -10   -4
   5    4   -2    9   -1  -27   -2   -3
   3  -40  -31   -1    9   -1   -9   15
 -22   -2    5   -2  -21   -9   85  -20
  -6   -4  -17  -16  110    2  -12  -12
  -6   -7    2   -3    0  -11    8    0
  -4    8  -16    9    0   18   16    6
   7   -3   26    6   14   44  -64  -26
  -3    0  -30    0   13    4   -6  -10
  -5   22   -1   12   10  -25    9    0
  10  -46  -26   -1   18    7   -9   12
   0   -5    1   -5   -1   -9   91  -24
  -6   11  -21  -14  115   -9  -17  -19
  -2   -6   -6    7   -7   -6    0  -15
 -11    3   -9   -6    7    1    6   16
 -10    3   19    0   12   33  -64  -24
   0   -4  -30   -3   19   -2  -10   -6
   3    7   -2   -1   -1  -25   -1   -2
   5  -44  -36   -4   16    0  -12   16
  -3   -6    7   -1   -5   11   95  -26
  -5   14   -3  -12  111   -6  -16   -5
 -12    2   -3   24    2   -5    3    0
  -7    0  -13    8    5    4  -10   -2
  -7    2   25    0    7   29  -68  -20
   3    6  -31    3   17   -1  -12  -11
   6   16   -3   11    3  -31    5   -4
   9  -47  -26    2   22    1  -16   18
 -14   -2    4    0    0   -8   84  -16
   0   15  -16  -16  116  -15   -8  -20
  -5   -8   -5   17   -2  -13   10    1
 -14    2  -15   -5    0    4    1    5
  -4   -7   30   -4   11   31  -69  -20
   4    0  -33   -9   15    0   -7  -14
  15   12    1   10    3  -23    6  -10
   7  -51  -36   -3   14    3  -13   12
 -10    1    9    0   -9    0   87  -29
  -1   -1   -8  -19  116   -1  -11   -8
  -8   -4   -5    5    0   -7   10    4
 -12    5  -17    4   16    0    2    4
 -12   -2   25    4   15   33  -64  -22
   3    3  -35    0   19    3  -11   -4
   0    7    2   14    1  -26   -4   -2
   2  -46  -35   -1   16    1  -21   11
 -14   -3    0    4  -15   -4   86  -17
  -4   12   -5  -13  118   -4  -11  -17
 -13   -1    0   16   -3   -8   -1    1
   0    4  -11    6   13    5    6    1
 -14    0   21    0   13   41  -64  -24
 -13    4  -35    3   19    2  -10   -4
   6   17   -1   -2  -11  -18   -9   -3
   0  -54  -36    8    8    6  -16   10
 -16   -9    7   -2  -24    0   82  -30
  -4    3  -17  -12  106   17  -15   -3
  -5    3   -4   11    0   -7    3    3
   7    5  -11   25   -3    8   -2    0
 -18   -3   36    1   32   43  -74  -21
 -25   12    6  -39   18    2   -7  -41
  14    9   12   17   35   23   23    3
  67  -22   -5  -11  -35   28  -16   11
  -6    4  -10  -10  -34  -15  -29  -51
  -1  -13   36    6   16    6  -40  -13
  40    8   -4   52  -12  -15   28   60
 -31  -43   11   37   23  -18   -3    0
   4   -2  -41   -4   15   -4   15    0
  -4   11    9  -29    6  -11   -3  -30
  -3   14   -1    0   22  -31   24    6
  79   -2    2  -11  -11   31   17  -14
 -37  -13   -7   14   26    7  -19   -2
  38   -7   31   -9   58  -12  -16  -11
  10  -20   13   24  -16  -17   -7   46
 -23  -28  -11  -22   19   -9  -13    0
   9   -1  -41   -9  -52  -19   39    9
   8   11  -16  -36   19    0   -4  -35
   8    8  -10    0   28   23   27   -6
  44  -16  -14   -7  -34   12   -5   -7
  30   -7    0   -9   14  -15   48  -15
  25   -6  -16  -12  113    1    7  -23
  -1  -27   15    5  -21   -7    0   17
 -33   -4  -47    7    6   -9   -6   23
 -11   18    0   -1  -47    5  -32   -5
   1   14  -36   -1   11    1   -6   -9
  15    8   -5    2   -1  -14    6  -13
   2  -40  -33   -2   18    1  -17   10
  -3   -3    0    2   -9   -9   87  -21
  -5    1  -14  -14  116    4   -4   -7
 -16  -13    0    0    1   -1   -3   -3
 -12    2  -13   -2    5   13    4    9
   1    1   26    3    8   37  -69  -25
   8    8  -38   -6   21    5  -23   -6
  11   10   -8   13   -5  -23   -7    1
   4  -44  -23    0   11    0  -22   22
 -16    2   10   -5   -9   -3   85  -24
  -8   -3  -18  -21  117    0  -11   -5
  -7    2    3    6   -2   -5    6    6
  -1   -8   -9    8    0   11    5    1
   2   -9   25    5   11   25  -61  -27
   5    8  -36    0   16    0  -20   -5
   9   14   -4    8    1  -31    0   -5
   2  -44  -27    0    9    1  -19   22
 -16   -4    0   -4  -12   -9   84  -25
  -6  -11   -5  -20  112    0   -3   -8
  -3   -1    0   12   -1   -5   11    0
 -10   -3   -7   11    2   17    0   11
   6   -7   25    2   18   38  -70  -25
   2   -3  -30    1   17    0  -20  -13
  -7   19    6   -2    6  -22   -6   -2
  17  -68  -20   -2   22    0  -11   17
 -24  -13    4    7  -19   11   74  -47
  -9   -6  -12    2  106   -2  -16    0
   5    5   -3   60    2  -19   -2   -3
  -4    0   13   24   11    3   -4    0
 -18  -12    8    1   10   28  -56  -13
  -5   -3  -17   -5   18    5  -23  -15
 -16   14    7   26   19  -38  -32  -17
  36  -44  -21  -11   39   20   -3   27
 -17   17   -2   10  -25   -1   63  -51
 -11    0   18    8   97  -16  -23  -31
  10    3    3   69    0  -11   29   -7
 -21  -17    8    1  -11    6  -13   -5
  -4  -21   -4   -3   13    4  -26  -11
  -9   -8  -17    0   18   -2  -23  -17
 -15   17   10   27   14  -62  -26  -16
  25  -61  -19   -7   37    7    1   20
 -20   21  -11   19   -4   13   49  -32
  -5    3    9   -2  106  -21   -6  -22
  13    0   -4   79    0  -24   27   12
 -11  -13   17    2   -4   -1  -24    0
   5  -20  -11    3   10   -5  -22  -15
 -15  -10  -34    2   17    2  -18   -6
   5   23    9   17    1  -53    3  -10
  17  -60  -28   -5   24    0  -12   16
 -19   -2    7    7   -5   14   77  -34
   5   14   10  -11  108   -1  -18   -8
  -6  -10    3   39    9  -19  -14    9
 -14    1    0   13    3   10  -27   -2
  -6   -2   10    0    3   24  -51  -20
 -11   -4  -27   -7   24    5   -8   -9
  -1   16   17   13   11  -32    0  -14
  23  -60  -25   -1    9    8   -8   28
 -21    2    5    7  -22    7   82  -36
   1   -4   -4   -5  102  -15  -22  -27
   6    0   -8   38    0  -16   26   -1
 -24   -5   -1    0   16    0  -15    7
  -5   -3    9    2   18   22  -68   -9
 -21   -9  -28    0   27   -7  -17  -17
  -1   20    6   13    5  -34    3   -2
   7  -62  -25   -8   12   15  -14   12
 -17   -4    2   -2  -20   10   78  -24
  -2    0   -7   -4  111    2  -10   -1
   8   -8   -4   30   -1   -5    2    8
  -7  -14    2   16    5   10   -6    9
 -11   12   15   -3   27   31  -67  -27
   4   14   -4  -47    5   -9  -21  -35
 -23    1    4  -37    4   60    7  -34
  33  -16   12   11   -7   41  -37   12
  11   14   25  -12   -8   -2   19  -42
   8    3  -27  -14   94    0  -13   -8
  15   -5   26   61  -12    3    2   23
  14  -32  -10   16   12  -32  -21   -6
 -14   22  -11    2    0    4  -43  -10
   3   -4  -12  -21   30   -2   -1   -7
 -17   20   33  -14    7  -34   40  -10
  45  -33  -15   -2   -2   18   -4   14
  -6  -19   31    5   -3    6   23   -6
  43   -5  -28   13  104  -28  -14   21
  -6  -32   18   48    0  -18  -14   -9
 -46   -5  -23  -22  -28    7  -26    9
 -12   13  -10   -1  -56    7  -10   -5
   2   -4  -30   13   20   -2   -5   -6
  -9   11    5    1    3  -40   11    0
   4  -68  -34   -4   10    9   -5    6
 -16  -10   17    3   -8   15   90  -22
   5    5    0   -9  110    1  -14   -1
  -9  -21   -5   16    0  -10  -16   -2
 -15    7  -14    1    8    9  -14    4
  -9    0   31    0    5   29  -51  -22
   0   -4  -31    0   15   -5   -9  -19
   9    8    9   18   12  -43    2   -4
  11  -51  -23   -3   13    5   -5    8
 -10   -3    8   -1  -12   -3   89  -24
  -3    1    4   -9  112   -4  -21  -18
   3    2   -5   18    1  -15    6   -8
 -15   -8   -9    7    6    1  -14    6
  -7   -2   28    4   16   34  -64  -20
  -8    0  -23    0   26    0  -18  -26
  -4   23   -1   25   15  -36   -6   -1
  23  -50  -21   -4   10   10   -8   16
 -13   -6   -3   -6  -11   20   76  -39
  -1   11    9  -10  116   -6  -13  -15
  -2   -6   -9   45    1  -10   20  -13
 -10  -15  -11   -1    2    3   -8   -4
   4   -4   13    3   13   12  -59  -20
  -5   -1  -29  -14    5   -1  -23  -11
  -4   24    2   10   12  -34    3  -13
   2  -46  -19   -3   26    1  -11   29
  -7   -3   -4  -18    0    5   74  -28
  -7   17   -4  -18  124   -3  -15  -16
   2   -5    1   33    0   -7    3    1
   8  -15   -8   -3   -3    9    4    0
   3   -9   22    0    2   32  -57  -16
  -5   15    1  -19   -4    6  -37  -22
 -39    5   -3   15   12   13   -8  -28
  20  -20   -5    5   57   29   -5   45
  -8   48   -8   -4  -15    1   18  -29
 -21    7    6   -8  105  -25  -16  -20
   4  -10    1   80  -12  -18    6  -11
 -10   -2   10  -12  -25   -7  -15    6
  23  -36  -22   10   13   -3  -18  -14
 -10   14    3  -28   -5   -5  -24  -22
 -41    1   -3    3   21    0  -19  -29
  13  -20    3   -1   62   13   -2   40
 -13   54  -15   -5  -24   23   17  -47
 -30   15    8   -8   99  -14   -5  -24
   9   -1    9   74   12  -10    3    2
  -9    1   31   -1  -17    4   -8   -3
   8  -30  -22    0   14   -2  -24  -19
   2   16    8  -26   -4    5  -32  -18
 -23   -3    0    3   17   11   -9  -27
  17  -15   -7    5   55   20  -15   51
  -2   53   -9   -9  -19   -3   24  -43
 -29   13   11    5  101   -5  -17  -25
   4   -5   12   74  -11    5    6   -8
  -3   -7   16  -21  -22   -4  -14  -10
  18  -21  -34   -8    6   -7  -24  -15
  -1    2   -6  -25    3   -5  -29  -32
 -30   11   -8    0   26    7  -16  -20
  21  -16   -9   -1   43   20   -3   35
   4   47    0    5  -16   21   49  -35
 -19    9   11  -12  114   -9  -25  -26
   8  -11    3   63  -18   -9   15   -5
  -4   -5    3  -26    5   -4  -17   10
   0  -13  -19   -7  -11    0  -39   -6
  -8    3  -12  -19   19   -9  -28  -22
 -25   15  -14   15   25   -9  -25  -24
  32  -45    2  -12   39   21  -10   42
 -20   29    0  -12  -24   21   39  -40
 -10   24   -8   13  107  -20  -17  -26
   4    2   -9   65    4  -21   -1    7
 -11    0   15   -2    2   -1  -13   -4
  15  -14  -10   -1   15   15  -38  -10
 -17    0    5  -10   15   -2   -9  -17
 -25   13   39   11  -10  -71  -14  -12
  36  -50   13   -5   17   22  -10   31
 -44    5   11   -9  -11   66   -3  -39
   3  -40   38    0   27    5  -45  -23
  37   17   -6   79   16  -38    6    6
 -10  -25   49   34    5   15  -36  -24
   6  -18  -15   -1   35   -4  -11    4
 -11   35    6  -24   11    0  -17  -40
  -4    2   -3    0    7   23    9   -7
  70    6   -6  -12   -7   20  -17  -10
   3   16    0   15   -1    5  -46  -24
  13  -27   37   -1   27   17  -26  -44
  22   12   14   58   -2  -19    3   69
 -30  -25    5   -7    8   -3   -3  -14
  17  -25  -50    2  -10  -15   -2   13
  14   42   13  -38    6    8  -19  -34
  -5    0   -8  -28   16   32    9  -19
  56   13   -7  -13  -13   22   -7   -7
  23   14  -10    0   12  -18  -29   -3
  23    4   20   -8   65    7    5  -34
  18  -25   21   20  -16  -18  -22   52
 -23  -28  -25   -1   17  -10  -10  -11
  16   14  -38   -5  -53  -24   38    6
 -25  -11    3  -13   15  -10    0  -28
  -4    2   22   14    4  -62   15    1
  83  -41   -1   -2    6   52   19   15
 -26   -6   -2   13   13   11    2  -17
  29  -23   25  -16   76  -12   -9  -24
  14   -3  -11   56    0  -20    5   19
 -30   -5  -24   -8   21   -2  -24    0
  -9  -11  -31    3  -25  -23   -3   -3
 -15  -14  -17   -2   35   -4  -11   -8
   0   24   28   13   11  -85    4  -12
  32  -65  -23   -5   24   20    6    9
 -38    1    7   13   -3   20   65  -18
  12    1   17    1   97    0  -24    1
  -4  -10   -2   56    3  -22  -10   -6
 -28   -6    1    1  -18    7  -39    0
  -1   -8   -1   -4   -9    8  -29  -13
 -11    2  -20  -13   21    0  -21  -13
 -11   19    5   10    5   -8   11   -5
  11  -61   -8   -9   32   10   -2   28
   9   -2    1    9  -16   -1   70  -33
  -5   14   -6    0  119   -1  -12  -14
  -9  -17    3   52  -11   -6  -13  -16
  -8  -13   -7  -11   10  -10  -17   18
 -10    6    7  -10   14    3  -55  -14
   2   16  -22  -14   27   -5  -16  -30
  -1   19   11   15   29   -1   -2  -23
  26  -35    7   -7   -2   15  -21   39
  -2    9   12    6   -5   11   60  -27
 -13  -11   -5    5  124    1  -17  -20
  -5  -16    6   42  -15  -18    0   -5
 -13  -20  -20  -16  -14   -7   -3    5
   2    0  -13    3    3    9  -40  -23
 -15   14   -7  -10   18    6  -19  -14
 -15   23    6  -23   12  -16  -12   -5
  47  -37   12  -10   37   13    9   27
   5   10   21   -8  -13    5   28  -44
   1   -1  -14    3  104  -15  -23   -7
  13  -12   18   75   -5  -28   -1   -4
 -31  -21  -10  -25   -2  -14  -13    6
  -5   25  -14  -10  -18    9  -53    0
 -19    6    5  -17    7    0  -20  -48
 -37   28   10  -35   26   12    3  -10
  34  -44   -8   -7   39   32    0   25
  -8   29   13   -2  -24   15   24  -45
   3   11   -7   19   83  -23  -28    7
  22   -5   12   88   -4  -34  -12  -10
 -14   -2    1    1    0    4  -23    5
 -17   -2  -26   -8   12   -3  -42  -15
   0    0   -7   -4   20    0  -24   -8
  -9   19    6  -10    6  -15   -7  -14
  49  -39   -6  -14   44   28    1   14
  -6   -1    6   -9  -20   39   29  -44
   6    7   -7    4  104  -24  -27   -3
  27  -25    0   85  -22  -31    3   -7
 -21   -3   -9  -29   -7    7  -37    6
   2    8  -11   -3   -6   -4  -13   -8
 -23   -9   -8   -2   14  -12   -3  -11
 -22   21   41    0  -23  -46    0  -11
  18  -61  -15   -4   32    8   -9    0
 -31  -20   16    2  -23   75   15  -43
  16  -26    7   14   44   30  -37   17
  33   -5    4   83    7  -22   -5  -18
 -22  -12   53   62   -6   -4  -51  -15
 -18  -13    0    4   31   10  -23   -4
 -30    8   13   15   18  -11  -12  -22
 -21    1   28   13    5  -74    0   -3
  46  -50   -1   -8   24   40   20   -6
 -36    6   -3   13  -17   34  -39  -14
   2  -26   39   -2   -2    3  -32  -13
  37    5  -18   68   17  -24    0   39
  -9  -27   16   39   14   17  -24  -26
   0  -23  -41    4   -4  -18   46    8
  12   32   13  -35    1    7  -25   -7
 -33    0    5  -21   -5   37   -6  -22
  25   12   -4   -7   32   31   -3   27
  22   26   -9   -1   -6   12  -31  -29
  -6   -7    1   -1   78  -13   -7  -25
  10   -8   28   91  -23   -8    6   10
 -10  -33   16  -25  -15   -9  -18  -34
  19    6  -29   -6  -19  -17   18   -7
  -3   24    8  -53   -3    1  -34  -27
 -32   -1   12   -9   20    3  -24  -30
   7    5   -9    0   53   22  -11   41
  10   52    3    1  -14   13   -2  -36
 -27   12   29    3   65  -21   -9  -30
  14   -3   16   94    0   -3    5    1
 -17  -22   26  -12  -16    3    0   -9
  24  -34  -24   -5  -18  -32   19   -3
  10   10    4  -34   -5   -6  -25  -31
 -24    7    0  -10    6  -18  -11  -29
  20   -9    1   -1   61   20   13   31
 -13   51    5   -2   -3   10   19  -34
 -20   17   10    8   91   -4  -22  -48
   6    0    8   96  -16  -12   -6   -2
 -17  -20   10  -25  -18    7   -6   -2
  24  -12  -26   -2   -3  -19   -7   -5
  -5   11   -3  -30   18    0   -6  -39
 -16   22  -19   -6   27   50    3    6
  72   -5  -18    1   -1    9  -13   16
  28    5   22   -8   -5   -4   24  -40
   6    0  -17   -1   84   -7  -24  -19
   8  -21   12   53  -24  -20   -1   34
  -6  -42   -5    9   10  -12  -20  -11
 -25   12  -22   -3  -16    3  -48   -2
   9   10  -10  -23    9   -1  -18  -20
 -12   10   -4  -31   12   23   48    2
  56  -28   -3   -8  -16   25  -25    4
  35  -16   13  -15   19  -16   36   -3
  38   -9   -1   -8  105   -4  -15   -5
  14  -20   11   23  -24  -18  -24  -14
 -28    9  -37    2   14  -11  -30   -1
 -22   19   -8    0  -35   -1  -12   -1
 -19   -2  -19  -16   28  -11    7  -35
  -9   17    3    8   27  -15   37   -3
  67  -52  -23    0   -9   35    4    7
   1   11   24    6  -12   -7   48  -21
  18   12   -5  -13   99   -5  -38  -19
  -4  -20    0   25    0  -25   15    6
 -30   -1  -10  -12    2    7  -19    1
  -6   -7  -17   -4  -26    0  -38   -3
 -16    1  -18    0   17   -3  -20  -21
 -26   23   14   13   32  -25    3   -8
  47  -51    0  -10    2   17   -7   21
  -9    0   10  -11    4   19   49  -41
   3   12    9   -6  116   -9  -33  -10
   7    1   -3   53   -6  -18   -1  -26
 -32  -12    7  -25   14    0  -18  -11
   5    2   -3    0   -2   11  -44   -6
 -17    4    1  -13    9   -6  -10  -41
 -27   29   11   -3   12  -22   34   -4
  75  -25    4  -15    9   44  -11   11
   5    2    7  -18    1  -14   14  -40
  23   12   13   -7   83  -15  -17   -8
   9  -18   -2   66  -16  -28   -6  -17
 -38  -12   10  -12   22    8  -34   -6
 -17   16  -12   -6   -8    5  -27    5
 -27    9   -2  -17   27  -11  -14  -10
 -37    7   36  -24  -18   10   10  -14
  49  -49    2    4   27   34    5   26
  -4  -16   33  -14  -20   46   15  -39
  12   -2  -35   12   80   -2  -36   22
   7   -3   18   78  -17  -23  -13    0
 -14    4   15   -5  -12   -5  -38   -5
  -4   -3  -12  -16   17   -7  -37  -14
 -36  -12   16    3   22   -4   -3  -19
 -16   16   39   10    0  -50   34   -8
  56  -46    6   -1   -3   17    4  -14
 -35   -5   10  -11  -27   61  -49  -35
  29  -30   20   15  -10    1  -45  -10
  13   19    5   52    4  -27   -1   40
 -10  -23   28   37    6   11  -28  -21
  -2  -19  -21    2   23    0   12   11
   0   35   24  -31    7    3   -2  -22
 -17   16   11  -12    0   13   22   -7
  46   18   -4   -4  -11   38   -7    2
 -19    6   14  -11   -7    4  -64  -10
  30  -15   30   -1  -40    0  -13  -32
  18    8   13   19  -15  -13  -10   64
   0   -9   -8  -12   14  -12   29  -27
  13   -8  -42   -9  -22  -21   57   14
   8   52    9  -46    1    2  -22  -19
 -37   -4    5  -29   -1   55    0  -25
  14   28   -5    1   12   37   -8   28
  22   38    0   -8  -17   10  -26   -6
 -21  -10   -3    6   61    5   -3  -19
   1  -13   28   63  -21  -15    0    8
  -4  -27   11   -7  -14  -27    2  -17
  24   -3  -43   -7  -28  -26   50    0
  14   27   13  -42   -4   -3  -35  -19
 -36   -4    9  -14  -12   32  -19  -27
   4   11   -7    9   66   24    3   37
   2   45   -3  -12  -30    5  -19  -40
 -38    2   19    8   63    0  -11  -21
  13  -10   24   85  -12    0    8    3
  -6  -16   31  -10  -15   -3  -23   -8
  29  -30  -19   -3   12  -20   -1   -5
  -4   20    3  -34   -6    0  -33  -19
 -30    5   10  -10   11   13  -23  -32
  -4    8   -8    4   53   22   -5   50
   0   59   -1    3  -23    8  -10  -39
 -38    0   12    6   63   -6   -5  -45
  -1    4   15   97    0   -3   13   -3
   3  -20   38  -11    0  -17    3    0
  25  -31  -32   -4    4  -26   14  -12
   2   20  -19  -29    5   -1  -32  -12
 -19   -2    2    0   24   11   -1  -24
  21  -20    5   -8   40   16   -7   38
   1   34    0   -9   20   13   39  -17
 -19   18  -14    0  124  -12  -12  -37
  -9  -22   12   61  -12  -19    3   -2
  -7   -8   -7  -16  -11  -22   -7  -11
  11    0   -1    0  -15  -13   -9  -14
 -11    7  -16  -15   24   -1  -27  -12
 -14   10    7  -10   13   -5   -2  -17
  18  -30  -26   -7   36   22   -6   19
  -4   15   11    6  -26   11   66  -26
   0   16   -5   -3  122   -8  -17    1
  -2  -23    5   55  -14    0   -4    0
 -18  -16   -3  -22   -6   -5  -25    6
   0   -4    4   -6    7   11  -55  -20
  -3    3  -17  -24   29   -7    4  -12
  -6   24   -3  -14   -1   12   15   -3
  19  -43  -17    0   -1   10  -18   14
  38  -12   14  -20  -10  -16   71  -24
  11    2  -34    0  117    9   -5  -15
   7  -23    9   21  -12   -8  -15    2
 -11   -2  -20    0   -2   -5   -8    1
 -13    6   13   -6   21   21  -66  -18
   9   10  -19  -24   25   -5    2   -6
 -24   23   12   -9    8  -14   25    5
  26  -24  -22    0   -2   22  -15   21
  28  -16   37   -9  -13   -6   69  -23
  11    1  -24  -12  107   -5  -28   -5
   4  -30   18    3  -13  -25   -8   -9
 -17    3  -29  -18    7    3  -11    9
  -3    9   11   -6   -4   22  -65  -21
  -4    9  -13  -20   20   -6   -5  -35
   5   25   -7  -33   14   21   40    0
  48  -24    0    2  -18   24  -24   15
  29    3   27  -12    7  -14   39  -31
  16  -17  -22  -14   99  -20    0  -13
  19  -28    7   34   -5  -31  -11    1
 -20   -9  -29   14    5  -10  -23   16
 -30    9  -11   -3   -3   23  -60   -3
 -11  -14   13  -16   20  -16    0    3
 -40   36   35   -5  -14  -24    0  -13
  40  -48    6  -10   26   34    6   14
 -22   -4    9   -3  -10   65  -32  -36
  38  -16   12   -3   12   -2  -53    8
  14   13   19   67   -5  -17  -13   -3
 -13   -6   46   35  -16    5  -62  -25
  -3  -21  -27    4   26  -13   -4    7
 -28   24   16   -6   14   -5  -12  -18
 -20   20   24    0   11  -46   39  -12
  64  -12   -8   -5   -8   34    4  -10
 -17   27    2    0  -19   13  -57  -22
  30  -23   19   13  -48    3  -38   -3
  17   11   -6   32  -12  -23   -5   20
   0    2   14   33   37    5  -25  -34
   1   -4  -30    0   -1  -26   35   16
  18   44   22  -51    9    4  -13   -8
 -27    7   21  -30   -4   11   22  -11
  26   18   -2   -3  -24   42    2    8
   7   17    6  -12   -4   22  -65   -2
  11  -11    7   -8  -32    2   -8   -8
  10   10   15   16  -23  -14  -25   29
  15  -17   14    0    7   -2    1  -41
  22   15  -39   -8  -26  -24   66   20
  19   49    5  -33   -2   -6  -20  -13
 -10   -3   13   -8   -3   43   14   -8
  20   27  -14  -10   11   40  -10   15
  25   49    2   -9   -1    5  -40  -22
 -18    2   24   10   55    5    1  -20
   3  -22   22   52  -16  -16   -8   20
 -21  -45    7  -18  -24  -15   -9  -22
  22   -2  -39   -6  -36  -38   53    9
   6   30    9  -41   -6   -1  -21  -12
 -34   -3    8  -15   -3   23  -30  -41
   1    3    0    5   64   30    0   40
  10   57  -13   -3  -17   19  -10  -37
 -30    4   11   -3   54  -13   -4  -26
   4   -1   18   93  -21   -2    7   -6
   7  -20   35   -9   -9  -18   -3   -9
  30  -29  -25   -5   -3  -31   11    4
   2   28   -2  -32   -6    4  -34   -7
 -33   -4   14   -1    5    9  -22  -27
   8   -7   13    6   55   29    6   36
  12   59  -19   -6  -30    8   -8  -39
 -35    5   19    8   68   -9   -9  -32
  16  -16   11   95  -12    0    3    5
   0  -14   29  -27  -11   -9  -11   -2
  21  -24  -27  -16   -5  -25   23   -6
  16   28   -1  -36   -6   -4  -33  -18
 -49  -11    0   -1    2   33  -14  -33
  -1   -5    0    2   62   22    1   43
   3   60   -2    0   -9    9   -8  -44
 -41    8    8    8   72  -13    1  -35
  10  -10   10   80  -11    1   11   -5
   0  -13   25  -14  -18   -6  -11    0
  33  -19  -28    2   10  -24    5   -9
   1   17  -12  -13   19   12  -32    7
 -30   18   22  -10    0  -34  -22  -21
  12  -34  -14  -11   46   16    1   24
 -21   30    6    5  -14   13   52  -24
  -9   -1    5    0  112   -2  -13  -30
   0  -21   19   70   -6  -22    5   -1
 -15   -5  -11  -14  -11   -9  -31  -12
  33   -4   -3   -6    2    3  -30  -16
 -16    7   -5  -21   14  -13  -35  -29
  -4   18   -3   16   15   -7   -8  -12
  32  -46    1  -15   30    9  -15   44
  -5    9    4   -8   -4   12   50  -42
 -13    6    1   -5  119   -2  -10  -14
  20   -9    0   56  -13  -11    0   -5
  -4  -13    6   -4  -14  -10   -4   15
   6  -19  -10    2    5   11  -46  -12
   4    0  -19  -13   28    7  -16    5
 -11   19   11    3    5  -37   10  -13
  21  -45  -13   -1   15   21   -7   19
  -5    0   12    7  -28    2   75  -26
  -5   13  -14   -7  118  -11  -20   -7
  -4  -12    3   42  -13  -25    1   -5
  -8   -4  -14  -14    2   15  -20    0
  -8   11   12  -12   -2    4  -62  -13
   2    4  -22  -20   21   -2    0  -13
  12    9   20    5    7  -37   28  -10
  34  -48  -16   -2  -19   12  -12   17
  13  -19   15  -11  -13   -1   63   -8
  17    8  -28    0  122  -12  -15    0
  10  -19    0   28  -26  -20   13  -10
 -39    0  -27  -12   13   -3   -2    9
  11    0   -3    3  -16   15  -41  -11
  13   -1  -24  -12   28   -5   -6  -18
   2   14    9    5    0    4   43    0
  28  -45   -6   -4  -10   17   -4   13
  22  -11    8  -20    0  -17   69  -27
   6    1  -19  -20  111  -15  -12   -2
   3  -27   20    6   -5  -16   -2  -10
 -24    9  -42   -7   -6   -8  -15   14
  -5   15   13    0    9    9  -65   -9
  -1   59   19  -45    0    6    1   -9
 -31    0   17  -39    0   16   30  -11
  44   20   -2   -7  -10   36   -7   17
  22   12   20  -15    0    7  -52  -20
  14  -17    3   -3  -11   14  -20  -10
   0    3   27   23  -29  -30    4    2
  -1    0   18  -12   -6   -9    2  -28
  15    2  -38   -5  -18  -23   67    1
  13   62   14  -46   -8    8  -19  -16
 -19    9   21  -23   -4   25   13   -7
  19   23    2   -9    9   38  -16   25
  10   31   11  -17  -19    7  -67   -7
 -14    5   24   13    3   -1   -7  -19
  -7    0   28   29  -19   -5   -1   23
 -15  -19   17  -18  -14   -8    8  -23
  16    3  -24  -10  -23  -34   68    1
  26   42   13  -43   -6   -5   -9   -4
 -26   15   13  -20  -16   40   -3  -30
   9   17    0    0   18   26   21   29
   0   31    8  -12  -18   13  -59  -22
 -17   -5   -6    1   31    0   -1  -23
  10   18   33   60   -5   -5    0    7
   7  -29   29  -22  -15  -18   -2  -25
  28  -18  -35  -10  -17  -41   58   -1
  10   33    7  -32   -6   -5  -28  -10
 -44    0    9  -12    1   14  -25  -32
  -9   13    8    3   55   26    5   34
   1   52   -6   -2  -18   17  -19  -23
 -39    2   19   14   61   -4    4  -19
   4   -3   14   94  -14  -16    1    1
 -15  -29   28  -13  -26   -2   -5    0
  27  -24  -34   -4  -12  -29   31   -1
   2   35    7  -36    0   -5  -38   -6
 -40    1   19   -7    0   14  -25  -33
  10    5   -8   -7   50   22    3   51
   3   49    9  -10  -13   22  -20  -50
 -37   -2   35    6   55   -9  -15  -24
  21    5   10   78    7  -10   11    0
   4  -15   22  -22  -28    7    4  -13
  29  -30  -31   -4   -6  -36   11    0
  16   40    6  -30   -7    5  -44  -13
 -57    0   13   -7    5    1  -23  -38
  17   -1    8   -1   50   31   -7   36
   5   72  -13    1  -12   -2  -12  -24
 -27   18   15    2   53   -7  -18  -32
  12    8    2   83  -12   -9    7    1
  -4  -21   25  -10  -13   -3   -7  -10
  28  -35  -37   -5   -3  -16   13    3
   9   17    4  -28   -2    4  -29  -10
 -40   -5    3  -11   -4   -6  -15  -43
  -5    1    0    3   61   21    0   43
  -2   54    0   -5  -10   14   -4  -49
 -31    5   16   -1   80   -6  -18  -22
  12    1    9   98   -5    2    9    4
  -2  -17   28  -10  -34   -6  -10   -7
  29  -29  -32   -1   12  -13    3  -11
   3   26   -8  -17    0    5  -32   -4
 -36    7    6    2   31    7  -23  -15
  17  -27  -18  -18   52   12   -6   25
   2   13   -3    9   -1   -7   31  -21
 -24   -2    4   13  117  -15   -9  -41
  13  -33   12   76  -16   -1    4    2
  -2    3   18  -14  -26  -10  -10    3
  13   -9    5   -7  -19   -8  -21  -13
  -5   10  -24  -35   11    8   -8  -21
 -19    9   -4    1   23   36   -4  -25
  14  -38   -9    0    4    2    1   17
   6   11   21   -5  -15   -1   51  -47
  -2   23  -20   -9  123    0  -16  -12
  10   -7    3   36  -12   -7   15   -2
  15  -16    8    4   -3  -18  -16    9
  -6   -5    3   -1   26   13  -75  -17
  -2   -1   -1    1   13   -6  -35   -4
  -5   10   16    4   16  -43    6  -13
  27  -34   -4  -11   13   23   -7   41
 -11    1  -11   19    9   -4   54  -26
   2    4    3   -9  124  -11  -23  -26
   1  -18    7   57  -18  -23   -9    3
 -20  -14  -14  -15    6   -4    3   -6
  23   18  -11    0  -35   -3  -28  -18
  -5    7  -31  -15   14   -6   -4  -21
   1    2   -4   -6    0   -9   14   -6
  12  -37  -23   -5    6   13  -13   11
  18  -10   14  -10    2  -12   81  -28
   1   14  -37  -13  113    3   -3    0
   0  -11    0   23   -6  -17    6    0
 -11    5  -10    2   14    0  -13   14
  -4   14   26   -2   15   21  -71  -27
  -3   -2  -29  -17   25   -3    5  -21
  -2   16   11   14   11  -43   19    9
  34  -70    8   -9  -22    6    3    7
  -4   -1   18  -10   -9   -6   65  -24
  15    0   -7  -10  115  -19  -20  -10
   1  -21    0   19   -6   -8   -1   -8
 -26   14    0    5   17    2   -8   17
  -8   14   -5    2  -11   15  -62   -1
  10   54   14  -35   -1    0  -14  -38
 -39    0    0  -34    5   42   15  -31
  34   27  -21   -3    5   24  -10   36
  24   28   13  -16  -13   -6  -49  -20
   1   -2   10   -2   21    5    2  -17
   4    8   25   40  -16  -25    9   36
  -9  -28   20  -11    0  -16  -10  -33
  27    2  -45   -4   -7  -21   43    9
  12   54   11  -19    0    2  -15   -6
 -35   -9   22  -12   -8   33   -8  -27
  14   18    0  -13   37   36   10   34
  12   20    3  -13  -35   31  -44  -22
 -20  -14    0    5    4   -2  -21   -1
   5   13   42   65    3   -3   14    8
  -6  -32   33  -10  -37    2   -4  -43
  16  -12  -37  -21   -4  -26   32    0
  17   55   11  -39  -10    5  -15  -10
 -28   -5    1  -31    0   36  -13  -17
   3   10    5  -11   28   37    3   43
  20   22    9   -7  -15   11  -47  -35
 -14  -18    9   -1   26   -2   -2  -11
   6    7   31   69  -12  -10   -3   -5
 -14  -44   40  -15  -18   -4    9  -36
  14  -14  -16   -5    0  -28   56    2
   0   42    6  -33   -6    3  -36  -13
 -53    2   15   -1  -16   28  -10  -26
  11   12   10   -3   45   26    1   32
  19   59   -6  -12  -12    2  -31  -43
 -39    1   24    8   38   -9  -13  -25
  15   13    8   78   -1    2   -2   15
   6  -39   32  -17  -13   -2   -4  -16
  22  -10  -42   -6  -10  -18   34   -2
  11   40   13  -25  -24    1  -22   -2
 -36  -13    1  -24    4   13  -23  -33
   6    2  -11   -1   37   27   -4   44
  20   52    2   -4  -27   15  -25  -25
 -26    3   21    3   48    0   -4  -22
  13    1   14   88   -8   -6    7    3
 -14  -36   34  -22   -7   -4   12  -22
  38  -12  -49   -4   -5  -36   32    0
  18   32    3  -34   -5   10  -35   -9
 -38   -2    6   -5    4   33  -13  -43
  -1    5   -3   -8   59   21    1   37
   8   44    5  -13  -22   16   -9  -48
 -31   -1    8    7   63   -1    3  -34
  29    1   17   88  -13   -2    7    0
  -2  -15   25  -14  -28   -7   -9    0
  20  -20  -36   -5   -2  -32   17  -10
  14   30   11  -43  -15    0  -21  -16
 -33   -9   19   -5   17    2  -16  -42
   9    9    5    2   50   26   -7   45
   9   72    0   -4  -15    7  -15  -44
 -28    3   33    0   52  -15  -13  -35
  23    0    8   74  -10   -8   -1   -2
  -9  -15   49  -17  -39   10    2  -17
   9  -27  -28   -2   10  -26    8   -7
   5   12   -1  -19    7   11  -25   -8
 -13    6   12   -4    3  -21  -15  -29
  19  -22  -12  -11   51   17   12   34
  -3   37   -2    2  -10   24   17  -17
 -17    5    9   10  110  -12    3  -42
   3  -18   14   92  -18  -25   -3  -12
 -27   -7   14  -31  -24   -5   -7   -2
   2    5  -24   -3  -34  -13    8   -6
 -21    1  -15    1   14   -3  -30  -29
  -9   16   21   21   16    0  -13  -15
  17  -44   -4    0   48   19  -16   32
  -5   11   12   -9  -25   18   47  -47
 -12   -3    3    0  102  -15  -28  -11
  19    5    0   64    0  -16    9   -8
   5  -20   30    9  -26  -11  -20    3
 -13  -14  -10   -4   34    7  -60  -25
   0   -5   -4  -41   12    2  -33   -7
 -39    8    9   12   15  -37  -14  -22
  33  -26   -8  -10   55   10    3   38
 -11   29    0    6  -15   18   31  -24
 -17   26   16   -6  103  -18  -12  -38
  12  -15   25   70   -1  -22   -2   -1
 -16  -13    2  -16   -2   10  -15  -21
  14  -14  -13   -3   -4  -10    4  -11
   1    1  -34   -4   14    6   -8   -4
  -2   20   -3    5    7  -47   13  -11
  14  -47  -26   -8   14    8  -10   12
  -2   -6   -2    0  -10    5   79   -9
   0    5  -11  -14  127  -15  -16   -9
 -11  -10    2   11    0  -13   -8    1
 -14    1  -12   -6   -4    6    1   14
  -5    3   19   10    9   27  -51  -24
  -5    5  -23  -12   31   -8    6  -36
  -6   23  -17    6   10   28   18   -7
  31  -42   -6    7  -20   24  -17   14
  18   -7   23  -29   -8  -28   46  -43
  -1    0  -30   -6  100    9  -27  -12
  17    6    0   16  -10  -18   27    0
 -10    0   -5   18    8   -8   -8   19
  -6    8  -11   -2   31   28  -80  -19
