Shape: torch.Size([1, 144, 64])
Range: [-128, 127]
Mean: -2.4355

量化值陣列:
-108  -95  -94   69 -114   97  -42 -126
  85  -54  -32  119   83  127 -118 -114
 -98  -98  -37  115   39 -104   96 -122
 -94   96   -8  100   92 -121   35   76
 -81  110  -99  119   51  100 -105  -73
-103  126 -127   60  124  111 -123  127
  80  123 -121 -109   54 -118   98 -114
 -88  100  109  102  126   81  111  -94
-110  -94  -93   70 -116   97  -41 -126
  85  -55  -31  119   82  127 -118 -112
 -97  -98  -37  116   40 -104   97 -121
 -95   96   -9   99   91 -121   35   76
 -81  109 -100  120   52  102 -105  -73
-102  125 -127   60  124  111 -124 -128
  78  123 -121 -111   53 -118   98 -115
 -88  102  109  103  127   81  112  -93
-107  -96  -94   71 -116   96  -39 -126
  85  -52  -31  118   81  127 -118 -113
 -97  -96  -35  117   38 -103   97 -121
 -94   97   -8  101   92 -121   33   75
 -79  110  -99  120   51  100 -103  -73
-104  125 -128   60  125  111 -123  127
  80  122 -122 -112   53 -116   96 -116
 -89  101  110  101  127   80  109  -94
-107  -97  -94   72 -115   96  -41 -125
  87  -52  -33  118   83  127 -118 -114
 -97  -97  -34  118   38 -107   99 -123
 -93   97  -10  103   95 -123   32   75
 -77  111 -100  121   52  100 -104  -75
-105  122  127   62  126  111 -123 -127
  79  119 -122 -113   53 -113   96 -116
 -91  101  109  102 -128   82  110  -93
-107  -97  -94   71 -116   96  -41 -126
  86  -51  -30  117   82 -128 -119 -114
 -98  -97  -35  116   38 -104   97 -123
 -94   96   -8  102   92 -121   33   75
 -79  110  -99  120   52  100 -104  -73
-103  125 -128   61  126  111 -123 -128
  80  122 -123 -111   55 -117   95 -116
 -89  101  109  101 -128   80  110  -94
-106  -98  -95   72 -116   95  -41 -126
  87  -49  -30  117   82  127 -118 -114
 -98  -96  -33  118   38 -104   99 -123
 -94   96   -9  103   94 -122   32   74
 -77  111  -99  120   52  100 -105  -73
-104  123  127   62  127  111 -124 -127
  80  120 -123 -112   55 -116   94 -116
 -90  101  108  101 -128   81  110  -94
-106  -97  -95   70 -116   96  -40 -127
  85  -50  -29  118   82  127 -118 -114
 -98  -96  -33  117   37 -102   98 -122
 -93   96   -6  102   92 -121   32   74
 -79  111  -98  119   50   99 -104  -72
-103  126 -128   60  126  111 -124  127
  80  121 -122 -110   54 -117   95 -115
 -89  101  109   99  127   80  110  -95
-104  -98  -95   70 -117   95  -38 -124
  86  -50  -30  118   80  127 -118 -114
 -97  -93  -32  120   35 -100   99 -120
 -92   96   -6  102   96 -122   30   73
 -78  112  -98  119   50   98 -101  -74
-106  125  127   60  127  110 -124  126
  80  119 -119 -113   51 -115   96 -117
 -90  101  109   97  126   80  109  -95
-104 -100  -95   72 -117   94  -38 -122
  88  -50  -31  118   81 -128 -119 -114
 -97  -92  -32  121   35 -102  100 -121
 -93   96   -9  103   98 -123   30   73
 -76  112  -99  119   53   99 -101  -75
-106  122 -128   63 -127  110 -123  127
  80  117 -120 -116   50 -114   95 -119
 -91  102  108   98 -128   81  108  -93
-103 -101  -96   73 -117   95  -39 -124
  88  -48  -31  117   81 -128 -119 -115
 -97  -93  -30  121   36 -103  102 -122
 -92   96  -10  105   98 -123   29   73
 -75  113  -99  120   53   97 -102  -75
-106  122  127   63 -126  110 -124 -128
  81  116 -121 -116   53 -113   93 -118
 -92  101  108   98 -128   82  108  -94
-104 -103  -96   74 -118   93  -37 -122
  88  -49  -29  118   81 -127 -119 -114
 -97  -91  -32  122   34 -101  101 -121
 -94   95  -10  103   98 -122   30   73
 -76  111  -99  119   54   99 -100  -75
-105  123 -127   64 -126  110 -123  127
  80  117 -121 -116   50 -116   94 -121
 -91  103  108   97 -126   80  106  -93
-102 -100  -96   71 -118   94  -37 -123
  88  -48  -30  118   80 -128 -118 -114
 -97  -91  -30  122   34 -100  101 -120
 -91   96   -8  104   99 -123   29   73
 -76  113  -98  119   52   96 -100  -75
-107  123  127   62 -126  109 -124  127
  82  116 -119 -116   51 -113   94 -118
 -92  101  108   95  126   81  108  -95
-104 -103  -98   82 -117   94  -46  126
  89  -42  -32  113   85 -127 -121 -117
-101  -96  -27  118   41 -115  109  125
 -97   97  -20  111   97 -127   29   72
 -70  114 -102  123   59   99 -109  -77
-102  117  125   69 -122  111 -123 -122
  83  112  125 -116   66 -112   87 -119
 -94  100  104  104 -119   85  109  -94
-104  -98  -97   74 -118   94  -40 -127
  87  -46  -31  116   80 -128 -118 -114
 -98  -95  -29  120   38 -105  103 -123
 -93   98  -11  106   96 -124   30   72
 -75  112  -99  121   52   97 -103  -75
-106  122  126   63 -127  110 -124 -127
  82  116 -124 -115   56 -111   92 -117
 -92  100  108   99 -128   82  109  -95
-103 -100  -97   75 -118   94  -40 -126
  87  -45  -30  116   81 -128 -119 -116
 -98  -93  -28  121   37 -105  105 -123
 -93   97  -13  107   98 -125   29   72
 -74  113 -100  121   54   96 -103  -76
-106  121  126   64 -125  110 -124 -127
  83  115 -124 -116   57 -112   91 -118
 -93  100  107   98 -126   82  109  -95
-104  -99  -97   75 -118   94  -41 -128
  87  -45  -31  115   82 -128 -119 -115
 -99  -95  -29  119   39 -107  104 -125
 -93   97  -13  107   96 -125   29   72
 -74  113 -100  121   54   97 -105  -75
-105  121  126   64 -125  110 -124 -126
  82  115 -125 -116   58 -111   90 -117
 -93  100  107   99 -126   83  109  -95
-102 -101  -97   75 -118   94  -39 -124
  88  -46  -31  116   81 -128 -119 -116
 -98  -92  -28  122   36 -104  104 -123
 -92   97  -12  107  100 -125   28   72
 -74  113  -99  120   54   96 -102  -76
-107  121  126   64 -124  110 -124 -127
  83  113 -122 -117   55 -112   91 -119
 -93  101  107   97 -127   83  108  -95
-103 -103  -97   76 -118   93  -40 -125
  89  -45  -30  116   82 -127 -119 -115
 -98  -92  -29  121   36 -105  104 -124
 -94   96  -14  107   99 -125   29   72
 -73  113 -100  121   56   97 -103  -76
-105  120  127   65 -123  110 -124 -127
  82  114 -124 -117   56 -113   90 -120
 -93  102  106   98 -124   82  107  -94
-103 -104  -98   77 -119   92  -39 -123
  89  -46  -30  116   81 -127 -120 -115
 -98  -91  -29  123   35 -104  105 -124
 -94   96  -14  106  100 -125   29   72
 -73  113 -100  120   57   98 -102  -77
-105  120 -128   66 -123  109 -123 -127
  82  113 -123 -119   55 -114   91 -122
 -93  102  106   97 -124   82  106  -94
-103 -103  -98   77 -118   93  -40 -125
  89  -45  -30  115   82 -127 -119 -115
 -98  -92  -29  122   37 -106  106 -125
 -94   96  -15  107   99 -125   29   71
 -73  113 -100  121   56   97 -103  -77
-105  119  127   66 -123  110 -124 -126
  83  113 -124 -118   57 -113   90 -120
 -93  101  106   98 -124   83  108  -94
-103 -104  -98   78 -119   92  -40 -125
  89  -45  -30  115   82 -127 -120 -115
 -98  -92  -29  122   36 -106  105 -125
 -94   96  -15  107   99 -125   29   72
 -73  113 -100  121   57   98 -103  -76
-104  120  127   67 -122  110 -123 -126
  82  114 -125 -118   57 -114   90 -121
 -93  102  106   98 -123   82  107  -94
-104 -104  -98   78 -118   93  -41 -125
  89  -45  -30  115   83 -127 -120 -115
 -99  -93  -29  121   37 -107  106 -126
 -95   96  -15  108   99 -125   29   72
 -73  113 -100  121   57   98 -104  -76
-104  120  127   67 -123  110 -123 -126
  82  114 -126 -117   58 -114   90 -121
 -93  102  106   99 -123   83  107  -94
-103 -105  -98   80 -119   92  -42 -125
  90  -44  -30  114   83 -126 -121 -116
 -99  -92  -29  122   37 -109  107 -127
 -96   96  -18  109  100 -126   29   71
 -71  113 -101  121   59   99 -105  -77
-104  118  127   69 -121  110 -123 -125
  83  112 -127 -119   59 -113   89 -122
 -94  102  105  100 -121   83  107  -93
-102 -106  -98   79 -119   91  -39 -123
  89  -45  -29  115   82 -126 -121 -115
 -99  -90  -28  123   35 -106  107 -125
 -95   96  -16  107  101 -125   28   71
 -72  113 -101  121   58   98 -102  -77
-105  120 -128   68 -121  109 -123 -127
  83  113 -125 -119   57 -114   89 -123
 -94  102  105   98 -122   82  106  -94
-103 -102  -99   77 -119   93  -40 -126
  88  -45  -30  115   80 -127 -119 -116
 -99  -92  -29  121   37 -106  105 -123
 -93   98  -14  107   98 -125   28   71
 -74  112 -100  121   55   96 -102  -76
-106  122  127   66 -124  110 -124 -128
  84  115 -125 -117   58 -112   90 -120
 -94  101  107   97 -125   82  107  -96
-102 -102  -97   73 -118   94  -37 -122
  87  -47  -29  117   80 -128 -119 -115
 -97  -90  -30  122   34 -101  103 -121
 -92   96  -10  105   99 -123   29   72
 -75  112  -99  119   54   96 -100  -76
-107  123 -128   64 -125  109 -124  126
  83  115 -121 -116   52 -114   93 -120
 -92  102  108   95 -127   81  106  -95
-102 -104  -98   77 -119   93  -40 -124
  89  -46  -30  116   82 -127 -120 -116
 -98  -91  -29  122   36 -106  106 -125
 -94   96  -15  107  100 -125   28   72
 -73  113 -100  121   57   98 -102  -77
-105  121  127   67 -123  109 -123 -127
  83  113 -124 -117   56 -113   91 -121
 -94  102  106   98 -123   82  106  -94
-102 -105  -97   77 -119   92  -39 -123
  89  -46  -29  116   82 -127 -120 -115
 -98  -90  -29  123   35 -104  105 -124
 -94   95  -14  106  100 -125   29   72
 -73  113 -101  120   57   98 -102  -76
-105  120 -128   67 -123  109 -123 -127
  82  114 -123 -118   55 -114   91 -122
 -93  102  106   97 -123   82  106  -94
-103 -105  -98   78 -119   92  -39 -123
  89  -46  -30  115   82 -127 -120 -115
 -98  -90  -29  123   35 -105  105 -124
 -94   96  -15  107  100 -125   28   72
 -73  113 -100  121   57   98 -102  -77
-105  120 -128   67 -122  109 -123 -127
  83  113 -124 -119   56 -113   90 -122
 -94  102  106   98 -123   82  106  -93
-103 -104  -98   78 -119   92  -40 -124
  89  -45  -29  116   82 -127 -120 -115
 -98  -91  -29  122   36 -105  106 -124
 -95   96  -15  107   99 -125   29   71
 -73  113 -101  120   57   98 -103  -77
-104  120  127   67 -122  109 -124 -127
  82  114 -124 -117   56 -114   90 -121
 -92  102  106   98 -123   82  107  -94
-101 -107  -98   78 -120   91  -38 -121
  89  -46  -28  116   81 -126 -121 -115
 -98  -88  -29  124   33 -102  106 -123
 -94   95  -14  106  101 -125   28   71
 -74  113 -100  120   57   97 -101  -77
-105  121 -128   67 -121  108 -124 -128
  83  113 -123 -119   54 -115   90 -123
 -93  103  106   96 -123   81  105  -94
-102 -111  -97   76 -119   90  -34 -115
  89  -50  -27  119   80 -126 -122 -114
 -97  -83  -35  126   29  -98  102 -119
 -94   94  -11  102  101 -121   28   72
 -77  110 -101  118   57  100  -96  -76
-106  125 -125   67 -123  108 -122  123
  82  117 -120 -118   46 -118   94 -127
 -92  107  108   94 -121   77  101  -91
-103 -105  -98   80 -119   92  -41 -125
  89  -44  -30  114   83 -126 -121 -116
 -99  -92  -28  122   37 -108  107 -126
 -95   96  -18  108  100 -126   28   71
 -72  113 -101  121   59   98 -104  -77
-104  119  127   68 -121  110 -123 -125
  83  113 -127 -118   59 -113   88 -122
 -93  102  105   99 -121   83  107  -94
-102 -105  -98   77 -119   92  -39 -123
  89  -46  -30  116   82 -127 -120 -115
 -98  -90  -29  123   35 -104  105 -124
 -94   96  -14  106  101 -125   28   72
 -73  113 -100  120   57   98 -102  -77
-105  120 -128   67 -122  109 -123 -128
  83  113 -123 -118   55 -114   91 -122
 -93  102  106   97 -123   82  106  -94
-102 -104  -98   76 -119   92  -38 -122
  88  -47  -28  116   80 -127 -120 -114
 -98  -89  -30  123   34 -101  104 -122
 -94   95  -12  105   99 -123   29   72
 -75  112 -100  120   55   98 -100  -76
-105  123 -128   66 -124  109 -124  127
  83  115 -122 -117   53 -115   91 -121
 -92  103  107   96 -124   80  105  -94
-102 -107  -98   77 -120   91  -37 -120
  89  -47  -29  116   81 -126 -121 -115
 -98  -88  -31  124   33 -103  105 -123
 -94   95  -14  106  101 -124   28   72
 -73  112 -100  120   58   98 -100  -77
-106  121 -127   67 -122  108 -123  127
  83  114 -123 -119   53 -115   91 -124
 -93  104  106   96 -122   81  104  -93
-105 -103  -98   80 -117   94  -44 -128
  88  -44  -32  114   84 -127 -120 -117
-100  -96  -31  119   40 -113  106 -128
 -96   97  -18  109   96 -125   29   72
 -72  112 -101  123   58  100 -106  -76
-103  119  127   68 -124  111 -122 -124
  83  115  127 -115   62 -112   89 -119
 -95  101  106  103 -120   83  107  -94
-105 -104  -97   79 -117   93  -43 -126
  88  -46  -31  115   84 -127 -121 -116
-100  -94  -31  120   38 -110  105 -127
 -96   96  -16  108   97 -124   29   73
 -73  112 -101  122   58  100 -105  -76
-103  120  127   68 -124  111 -122 -125
  82  116 -127 -115   59 -114   90 -120
 -94  102  106  102 -120   82  106  -93
-103 -105  -98   77 -119   92  -38 -122
  89  -47  -29  116   81 -127 -120 -115
 -98  -90  -31  123   35 -105  104 -123
 -94   96  -14  106   99 -124   29   72
 -74  112 -100  121   57   98 -101  -76
-105  122 -127   67 -123  109 -123 -128
  83  115 -124 -118   54 -114   91 -123
 -94  103  107   97 -122   81  104  -94
-103 -105  -98   78 -119   92  -39 -123
  88  -45  -29  115   82 -126 -121 -115
 -99  -90  -29  123   35 -105  106 -124
 -94   96  -15  107   99 -125   28   71
 -73  112 -101  121   57   98 -102  -76
-105  121 -128   67 -122  109 -123 -127
  83  114 -125 -117   56 -114   90 -122
 -93  102  106   98 -122   81  106  -94
-102 -105  -98   78 -119   92  -39 -123
  88  -45  -29  116   81 -127 -121 -115
 -99  -90  -30  123   35 -104  105 -124
 -94   96  -15  107  100 -125   29   71
 -74  112 -100  120   57   98 -102  -76
-105  121 -128   67 -122  109 -123 -128
  83  114 -124 -117   56 -114   90 -122
 -93  102  106   97 -123   81  106  -94
-103 -106  -98   78 -119   92  -39 -122
  89  -46  -29  116   82 -127 -121 -115
 -98  -90  -30  123   35 -105  105 -124
 -95   96  -15  107  100 -125   29   72
 -73  112 -101  120   58   98 -102  -77
-105  120 -128   68 -122  109 -123 -127
  82  114 -124 -118   55 -114   91 -123
 -93  103  106   98 -122   82  105  -93
-104 -106  -94   71 -116   96  -36 -114
  85  -57  -29  124   80 -128 -121 -115
 -97  -87  -43  123   31  -95   96 -115
 -93   95   -9   98   97 -117   32   75
 -84  108 -100  117   54  101  -96  -75
-107 -125 -125   63  126  110 -123  120
  82  124 -116 -111   43 -122  102 -122
 -90  107  111   96 -125   77  103  -94
-108  122  125  105 -115   93  -61  122
-127  -63  -69  105   75  118  -90 -105
 -95 -115  -87  117   90  103   89  116
 109   95  -81  118  101  127   75   70
 -40  107  -99 -125  122  104  -95 -102
 124 -122  -93   95 -110  119 -112 -122
-127  115  105   94   94  -97   70   76
 119  119  121  118  -91 -127   65 -107
-104 -112  -98   81 -118   92  -39 -118
  90  -49  -30  117   83 -126 -123 -117
 -99  -87  -38  124   33 -108  104 -124
 -96   96  -18  106   99 -123   28   73
 -74  110 -103  121   61  102 -100  -77
-105  123 -126   71 -123  110 -120  126
  83  117 -126 -118   52 -116   93 -127
 -95  106  107   99 -115   78  100  -91
-102 -106  -97   76 -119   92  -36 -120
  89  -48  -29  117   80 -127 -121 -114
 -97  -87  -31  124   32 -101  103 -121
 -94   95  -12  104  100 -123   28   72
 -75  112 -100  119   56   98  -99  -76
-106  122 -127   66 -123  109 -123  126
  82  115 -121 -118   50 -115   93 -123
 -92  104  107   95 -123   80  104  -93
-103 -104  -97   75 -118   93  -38 -122
  87  -47  -28  117   81 -127 -120 -115
 -98  -90  -31  122   34 -101  103 -122
 -94   95  -11  105   98 -123   29   72
 -76  112  -99  119   55   98 -101  -75
-105  124 -128   65 -125  109 -123  127
  82  117 -122 -116   53 -116   92 -121
 -92  103  107   96 -124   80  105  -94
-102 -105  -98   76 -119   93  -38 -122
  88  -47  -28  117   81 -127 -120 -115
 -98  -89  -30  123   33 -101  105 -122
 -93   95  -12  105  100 -124   28   72
 -75  113 -100  119   56   97 -101  -76
-106  122 -128   66 -123  109 -124  127
  83  115 -122 -117   53 -115   92 -122
 -92  103  107   95 -124   81  106  -94
-105 -101  -98   79 -117   94  -44  127
  88  -45  -32  114   84 -128 -120 -116
-100  -96  -31  118   40 -113  105 -128
 -96   98  -17  109   95 -125   29   72
 -72  112 -102  123   57  100 -106  -76
-103  120  127   67 -126  111 -122 -124
  83  116  127 -114   63 -111   89 -118
 -94  100  107  103 -120   83  107  -95
-103 -105  -98   80 -118   92  -40 -124
  89  -46  -31  115   82 -127 -121 -116
 -99  -91  -30  122   37 -109  106 -125
 -95   97  -17  108   99 -125   28   71
 -72  112 -102  122   58   98 -103  -77
-105  120  127   69 -123  110 -122 -126
  83  114 -126 -118   58 -112   90 -122
 -94  102  106  100 -120   82  106  -94
-104 -104  -98   78 -118   93  -41 -125
  88  -46  -31  115   82 -127 -120 -116
 -99  -93  -32  121   37 -109  104 -125
 -95   97  -15  107   98 -124   29   72
 -73  112 -101  122   57   99 -103  -77
-105  121 -128   67 -124  110 -122 -127
  83  115 -125 -116   57 -113   91 -121
 -94  102  107  100 -121   81  105  -94
-103 -104  -98   79 -119   93  -41 -125
  89  -44  -31  114   82 -127 -121 -117
 -99  -92  -28  122   38 -109  107 -126
 -94   97  -17  109  100 -126   28   71
 -72  113 -101  122   58   97 -104  -77
-105  119  126   68 -122  110 -123 -125
  84  113 -127 -118   60 -111   88 -121
 -95  101  105   99 -122   83  107  -95
-103 -105  -98   79 -118   93  -41 -124
  88  -45  -30  115   82 -127 -121 -116
 -99  -92  -31  121   36 -108  105 -125
 -95   96  -16  108   98 -125   29   72
 -73  112 -101  121   57   99 -103  -76
-104  121  127   67 -123  110 -123 -127
  83  115 -126 -116   58 -114   90 -121
 -93  102  106   99 -121   81  106  -94
-102 -105  -98   78 -119   93  -40 -123
  88  -46  -29  116   82 -127 -121 -115
 -99  -90  -29  122   35 -105  106 -124
 -94   96  -15  107   99 -124   28   72
 -74  113 -101  120   57   98 -102  -76
-104  121  127   67 -123  109 -123 -127
  83  114 -124 -116   56 -114   91 -121
 -93  102  106   97 -122   81  106  -94
-128  -69   83  113  -70  120  114   76
-116  -82 -124  101   99  104  -75  125
-120   79   76   47 -116   82   97   85
 103  122  125  122   81  120 -112   83
 -83  120 -115  114  113 -123  125  112
-128 -123  -73  122 -106  125 -128 -109
 -99 -122   72 -103  -62 -111   95  104
-122   99 -123  -94 -116  -87  117  121
-127 -115  123  122 -102  118 -120   88
 126  -76  -98  108  100  107  -82 -108
 -88   98  -95   89  127   73  112   88
  86   89 -119  122  100  123   85   74
 -36  125 -119 -126 -128 -123  117 -123
-116  108  -93   94 -102 -128  127  -97
 126  103   91  124 -120  -94   86   99
-127  109  110  -93  -86  -95   93 -102
-105 -122 -125   96 -107   89  -58  121
 123  -45  -64  100   74  121  -95 -114
-103 -116  -67  113   69  102   93  108
 126  100  -61  124   99  126   61   70
 -37  110  -94 -127  100  102  -99  -94
-128  124 -108   90 -112  123 -114 -114
 120  106  104  102   98  -94   63   94
 121  113  114  110 -101  127   79 -107
-103 -103  -98   76 -119   93  -39 -124
  88  -46  -29  116   81 -127 -120 -115
 -98  -91  -30  122   35 -104  104 -123
 -94   96  -13  106   99 -124   29   72
 -74  112 -100  120   55   98 -102  -76
-105  122 -128   66 -124  109 -123 -128
  82  115 -123 -117   55 -114   91 -121
 -93  102  107   97 -124   81  106  -94
-103 -104  -98   77 -119   93  -40 -124
  89  -45  -30  115   82 -127 -120 -116
 -98  -92  -29  122   36 -106  106 -125
 -94   96  -15  107  100 -125   28   72
 -73  113 -100  121   57   97 -103  -76
-105  120  127   66 -123  110 -124 -127
  83  113 -124 -117   57 -113   90 -120
 -93  101  106   98 -124   82  107  -94
-104 -105  -97   76 -118   93  -39 -123
  88  -47  -29  116   82 -127 -120 -115
 -98  -91  -32  122   35 -105  103 -124
 -95   96  -13  105   98 -124   29   72
 -74  112 -100  120   56   99 -102  -76
-104  122 -128   66 -124  110 -123 -128
  82  116 -124 -116   54 -115   92 -121
 -92  103  107   98 -123   80  105  -93
-107 -102  -97   82 -116   94  -46  127
  88  -46  -33  114   85 -127 -121 -116
-100  -98  -33  118   42 -117  105  127
 -98   98  -20  109   94 -125   30   73
 -72  111 -103  124   59  102 -108  -77
-102  119  127   69 -126  112 -121 -123
  82  117  125 -114   64 -111   90 -119
 -94  101  107  107 -117   83  108  -93
-117  -95  -93   80 -114   99  -49 -126
  84  -63  -37  120   86  127 -120 -112
 -97 -102  -51  113   50 -116   98 -125
-104   98  -23   97   88 -119   39   77
 -83  104 -108  123   61  110 -107  -79
-100  124 -121   66  123  113 -120 -127
  80  127 -128 -107   60 -119  102 -119
 -90  104  110  116 -117   83  109  -90
-119  -96  -92   82 -114  101  -54 -128
  82  -65  -38  120   89 -128 -121 -112
 -98 -105  -52  109   54 -119  100 -128
-107   95  -29   97   87 -119   41   78
 -85  105 -110  125   64  112 -112  -79
 -96  125 -120   67  123  114 -121 -124
  81 -128  124 -103   66 -123  102 -118
 -90  104  108  121 -114   85  111  -90
-106 -108  -97   82 -117   93  -44 -125
  89  -46  -31  114   86 -126 -123 -117
-101  -93  -34  120   38 -114  105  127
 -98   96  -19  109   96 -125   29   73
 -72  111 -103  123   61  103 -106  -76
-101  120 -128   70 -124  111 -120 -125
  82  116  126 -115   61 -115   90 -122
 -94  103  105  104 -115   81  105  -91
-104 -102  -98   76 -118   94  -38 -124
  87  -48  -31  116   80 -128 -120 -115
 -98  -93  -35  122   37 -107  101 -121
 -94   99  -13  105   96 -123   29   72
 -75  110 -100  121   54   98 -100  -76
-107  124 -128   66 -127  110 -122  126
  84  118 -124 -116   55 -111   93 -121
 -94  102  110   99 -123   80  104  -96
-108 -103  -98   86 -115   94  -52  121
  89  -41  -34  110   90 -127 -122 -118
-103 -102  -31  114   46 -125  109  120
-101   97  -24  114   92 -128   30   73
 -69  113 -104  126   62  104 -114  -76
 -98  115  125   71 -124  114 -121 -118
  82  115  118 -112   73 -112   86 -117
 -95  100  104  111 -112   85  109  -92
-112 -109  114   86 -105   99  -67  112
-128  -75  -80  111   50  108  -63  -93
 -77 -128  -97   98   96  127   81 -126
 103   89  -75   98   99 -119   91   61
 -42  113  -89  117   95  103  -94 -115
 111 -113  -84   70 -110  123  124 -128
-117  116  118  105   95  -92   86   85
 124  116 -126  114 -121 -101   70 -117
-107 -106 -102   91 -117   93  -45 -126
  93  -47  -38  114   83 -127 -120 -116
-101  -98  -44  123   47 -125  107  127
-105  103  -32  111   97 -126   31   70
 -67  107 -108  125   70  103 -101  -84
-108  119 -125   77 -123  112 -117 -126
  88  114  121 -122   67 -106   88  123
-101  103  111  108 -109   87   97  -96
-103 -108  -98   82 -118   92  -43 -124
  89  -45  -31  114   84 -126 -122 -117
-100  -91  -31  122   37 -112  107 -128
 -96   96  -19  109   99 -125   28   72
 -71  112 -103  122   61  100 -104  -77
-104  119 -128   71 -122  110 -121 -125
  83  114 -128 -117   59 -113   89 -123
 -95  103  105  101 -117   82  105  -93
-104 -105  -98   79 -118   93  -42 -125
  89  -46  -31  115   83 -127 -121 -117
 -99  -93  -32  121   37 -110  105 -126
 -95   97  -16  108   98 -125   29   72
 -73  112 -101  122   58  100 -104  -77
-105  121 -128   68 -124  111 -122 -126
  83  115 -127 -116   58 -113   91 -121
 -95  102  106  101 -120   81  105  -94
-109 -104  -97   87 -115   94  -51  124
  91  -44  -37  112   90 -127 -122 -118
-102 -102  -33  116   46 -128  108  120
-101   98  -26  113   95 -128   30   73
 -67  112 -105  127   64  105 -113  -78
-100  113  126   73 -124  114 -119 -117
  81  114  119 -116   70 -109   87 -120
 -97  100  104  113 -112   86  109  -90
-107 -102  -97   80 -117   94  -45  127
  88  -45  -31  114   85 -127 -121 -116
-100  -97  -32  117   41 -115  104  127
 -97   96  -17  108   94 -125   31   73
 -72  111 -102  123   58  101 -107  -75
-101  119  127   67 -125  112 -121 -123
  81  117  126 -114   63 -113   90 -119
 -94  101  106  105 -119   83  107  -93
-127  -73 -104   75 -116  113  -61  116
  72  -90  -40  127   82  123 -109  -98
 -82 -112  -68   96   73  -94   96 -115
-119   87  -30   74   85 -111   59   74
 -99  109 -117  113   52  114 -109  -93
 -96 -121 -101   51  125  103  122  119
  87 -119 -118  -85   65  126  124 -115
 -74   96  117 -128  122   90  113  -92
 127  -68 -101   78 -114  114  -68  112
  72  -87  -46  123   89  124 -112 -104
 -88 -117  -67   88   80 -105  100 -124
-116   89  -37   81   83 -114   61   78
-101  108 -118  117   55  114 -118  -92
 -92 -126 -106   56  126  105  124 -128
  86 -119 -128  -82   78 -128  120 -111
 -75   94  114 -121  124   92  122  -91
 127  -66 -104   75 -116  112  -61  113
  71  -88  -41  123   83  124 -109  -98
 -85 -114  -69   92   78  -95   96 -116
-118   90  -31   74   80 -112   63   76
-104  105 -116  113   51  113 -112  -90
 -94 -120 -102   52  124  102  123  121
  87 -116 -123  -83   72  125  121 -113
 -72   96  117 -127  120   90  117  -93
-120  -88  -94   85 -118  110  -62  120
  81  -75  -49  124   85  125 -111 -107
 -85 -110  -48  105   70 -118  108 -127
-114   90  -38   95   97 -117   43   73
 -79  113 -114  125   61  108 -115  -93
-103  119 -117   59 -126  113 -128 -120
  83  119 -127 -100   67 -107  111 -119
 -92   97  112 -128 -121   96  111  -87
-121  -85  -93   84 -116  108  -63  117
  79  -68  -45  120   88  125 -115 -110
 -92 -113  -48  102   69 -123  106  127
-111   94  -36   98   87 -119   42   75
 -84  109 -112  126   62  109 -119  -85
 -97  122 -121   61  125  114 -126 -119
  83  125  122  -97   75 -113  105 -113
 -90   98  110 -128 -118   92  116  -91
-127  -78 -101   81 -110  120  -75  127
  74  -97  -53 -123   93  122 -117 -112
 -90 -114  -88   94   76 -102  101 -119
-113   95  -48   80   89 -110   60   84
-112  108 -123  116   66  120 -114  -98
 -99 -120 -104   65  124  107  123  122
  92 -119 -122  -80   73  121 -125 -114
 -77  103  117 -120 -127   93  121  -96
 121  -75   93  117  -73  122  102   72
-108  -89  124  101  119  104  -75  125
-117   67   77   46 -103   63   96   71
  97  114  118 -127   81  115 -111   94
 -72  123 -118  122 -128 -108  113  114
-122  123  -71  126 -108  127 -121  -96
-113 -123   69 -107  -64 -109   95  102
-125  101 -126  -78 -105  -87  116 -122
-126 -104  111  104  -93  114 -115   89
-113  -83 -112  105   88   98  -59 -101
 -80   91 -116   82 -126   83   91   96
  88   91 -116  114   97  119  107   77
 -33  122 -104  123  122 -123 -128 -126
 117  119  -85   88 -107 -128  124 -104
-122  112   98  109 -128  -87   86   92
 125  116  120 -102 -104  -80   86 -110
-126  -91  -97  103 -113  111  -80  110
  87  -69  -58  120   96  122 -113 -113
 -90 -124  -57  104   85  110  117  118
-123   99  -62  105   93 -125   43   73
 -74  112 -122 -124   79  117  127  -98
 -98  109 -120   74 -124  119 -126 -110
  87  116  111 -103   90 -103  103 -119
 -96   99  107 -111 -103  104  116  -89
-108 -108  -96   82 -116   93  -44 -124
  88  -51  -32  116   86 -127 -123 -117
-101  -94  -41  119   38 -116  102 -128
-100   97  -19  106   93 -122   31   74
 -74  108 -105  123   61  107 -104  -76
-101  122 -126   71 -127  112 -118 -126
  81  121  125 -113   59 -117   93 -124
 -94  105  108  107 -111   78  102  -90
-110  -98  -98   83 -115   95  -48  122
  88  -46  -35  112   86 -128 -119 -116
-101 -103  -37  115   47 -124  103  125
-100  100  -21  109   90 -126   31   73
 -71  109 -104  126   60  104 -108  -77
-102  119 -128   69 -128  113 -119 -122
  83  119  121 -113   69 -109   89 -119
 -96   99  108  110 -116   84  106  -94
-109  -98  -94   78 -117   98  -47 -128
  87  -53  -37  118   84  127 -118 -116
 -98 -100  -37  116   47 -116  103 -127
 -97   98  -20  106   95 -123   33   75
 -75  110 -102  125   59  101 -108  -78
-105  120  127   65  127  113 -122 -123
  82  117 -128 -114   61 -110   95 -118
 -95  100  109  109 -122   86  110  -93
-119  -94  -98   96 -114  104  -67  115
  89  -59  -51  115   91  126 -114 -112
 -95 -116  -47  107   70  116  113  116
-117   97  -47  109   94 -125   40   72
 -67  112 -115 -126   73  112 -118  -92
-101  111 -121   73 -124  117 -122 -113
  85  113  114 -111   83 -103   95 -124
-100   98  108 -126 -107  100  109  -90
-124  -91  -99   98 -117  114  -76  110
  81  -78  -53  123   91  124 -110 -105
 -83 -117  -52  100   82 -128  115  121
 127   86  -53   97   96 -118   47   70
 -74  117 -123  125   70  117 -123 -101
 -96  113 -111   65 -120  113  126 -116
  85  117  121  -96   80 -110  112 -123
 -91   96  111 -115 -110  103  110  -85
-119  -94  -97   96 -115  103  -66  115
  88  -58  -49  115   91  126 -116 -114
 -96 -115  -45  108   70  116  114  118
-114   99  -46  109   92 -126   38   72
 -70  110 -115 -126   72  111 -119  -90
-100  111 -124   74 -125  116 -122 -113
  84  115  113 -110   83 -103   95 -121
 -98   98  108 -125 -106   97  111  -90
-125  -94  -85   90 -116  108  -68 -122
  82  -81  -51 -127   95  126 -120 -112
 -92 -108  -57  111   67 -126  111 -128
-109   98  -49   96   93 -119   42   84
 -90  102 -118 -126   77  119 -119  -88
 -99  118 -122   71  122  116 -126 -118
  78  123  126 -108   65 -118  111 -116
 -92  110  106 -123 -109   95  121  -86
 114  -49 -128  125  -87 -116  100   82
  96  -88 -106  118 -116  118 -125  104
 127   88  113   55 -128   76 -120   82
-116 -125 -118  125   82  117   96  100
-122  119  108 -125   97 -115   95  126
 -88  103 -105  120 -122  115 -127  -96
 109 -125   74  -59  -76 -123  127  -97
 -89   84  113  -66 -111  120  -86 -111
-126  -83  123   75  -99  107  -68  118
 122 -107  -86  120   72  108  -70  -90
 -75  124 -121   93  101 -116   67 -123
 110   93  -64   82   89 -117  103   77
 -68  101 -104  111   86  126  -89 -116
 114 -115  -73   72 -126  113 -125  120
 115 -121 -123  121   72 -106  109   91
-110  115 -117  126  126 -122   79 -102
-127  -45 -116   67 -101  118  -69  122
  82 -108  -60 -124   87  122 -107 -112
 -89 -116 -111   78   79  -87   86 -115
-101  102  -30   75   84 -115   83   81
-124  104 -120  112   41  116  -98 -110
-108 -118  -85   66  118   97  127  114
  89 -110 -115  -79   70  124 -116 -115
 -70   87 -123 -124  100   86 -126  -96
-128  -83  -98   85 -116  115  -66  120
  80  -92  -50 -127   88  123 -108  -99
 -77 -113  -64  102   77 -109  102 -122
-125   86  -42   82   94 -114   53   74
 -86  110 -122  119   63  121 -112 -100
-101  121 -103   57 -127  108  125 -128
  81  126 -120  -96   59 -119  124 -124
 -82  101  116 -120 -122   97  108  -82
-114 -117  114   98 -104  105  -86  102
-127  -73  -85  108   64  107  -66  -99
 -81  119  -94   92  106  109   91  113
  95   86  -91  109  102 -124   91   63
 -36  121  -96  122  108  110 -110 -118
 121 -123  -86   77 -104  126  124 -117
-117  109  108  109  112  -95   83   89
 123  114  122 -127 -109  -95   77 -113
-106 -128  114   97 -104   92  -71  110
-117  -51  -82   99   64  110  -72 -109
 -95  124  -94  102   94   96   84  111
 110   98  -85  122   99  125   83   66
 -30  113  -84 -126  116   99 -101 -105
 113 -119  -97   88 -108 -127 -119 -116
-114  111   97   94  114  -86   63   83
 109  117  122  115 -101 -104   67 -120
-107 -107  -99   95 -117   95  -54  124
  92  -43  -42  109   89 -126 -121 -122
-102 -103  -36  116   53  118  112  117
-103   99  -38  117   99  127   30   72
 -63  112 -107 -125   72  100 -111  -84
-104  113  127   78 -119  114 -117 -116
  88  109  113 -118   80 -102   84 -126
-106   98  105  115 -105   90  102  -93
-111 -101  -96   91 -115   98  -57  120
  90  -46  -42  111   91 -128 -120 -120
-101 -108  -37  112   56  120  110  117
-103   99  -35  115   95 -128   32   73
 -66  112 -107 -125   68  103 -115  -82
-101  113  126   73 -124  116 -119 -114
  85  113  114 -113   79 -103   87 -120
-102   97  105  119 -109   90  108  -92
-123  -98 -103  107 -115  109  -78  106
  89  -67  -55  117   94  124 -112 -108
 -91 -123  -57  103   84  111  117  113
 123   92  -61  106   95 -123   47   70
 -65  115 -122 -126   81  117 -123 -101
 -96  111 -113   75 -119  117 -123 -113
  89  115  110 -102   93 -105  101  126
 -99   96  110 -114  -99  105  102  -89
-115  -95  -97   95 -116  105  -62  121
  86  -62  -51  119   87  126 -115 -112
 -94 -109  -47  111   69  125  115  124
-114   98  -47  106   97 -123   38   71
 -73  111 -116  127   72  107 -113  -94
-106  115 -122   73 -123  115 -124 -117
  88  114  119 -109   77 -102   99 -126
 -99   99  111  125 -109   98  108  -93
 123  -79 -104  111 -106 -126 -117   93
  84  -83  -82  125  116  112 -111 -117
 -94  108  -79   96  110  101 -127  111
 124  107  -89  105   89 -127   56   86
 -88  119  119  122   89 -117  108 -109
 -99  107 -121   82 -125  120  119 -106
  94  122  107  -80  115 -104  121 -107
 -88  101  109  -92 -100  116 -126  -98
-125  -62   64   99  -65  123  125   87
-113 -109  114  124   91   88  -63 -126
-118   79   11   74 -112  122   81 -117
 105 -102 -127   99   74 -127  -93   93
-125  112 -122   83  106 -108 -101   99
  88  -84  -67 -126 -128  123  122  110
 -81  -85   97  -92  -87 -107 -126   92
-115  126  -86 -122 -128 -101   97   96
-122  -62   96   69  -82  105  -81  118
-117 -113 -103  117   70  108  -65 -108
 -95  115   74   64  109 -112   52 -127
 123  107  -71   85   82 -119 -111   84
 -96   99  -97  108   83  122  -81  126
 106  -95  -53   94 -127  110 -120  112
-120 -101  121 -124  107 -120  113   86
-112  110 -102  125  108 -118   91 -122
 126  -48 -110   69 -103  118  -72  115
  82 -103  -62 -128   92  120 -104 -107
 -86 -123  -96   81   84  -98   90 -120
-107   98  -33   78   83 -118   78   81
-112  105 -120  113   45  121 -107 -107
-107 -126  -93   62  118  101  126  122
  83 -114 -119  -82   70 -124 -122 -113
 -71   89 -127 -119  107   91 -128  -91
-124  -34 -122   62 -101  118  -67  123
  80 -107  -59 -126   87  125 -111 -118
 -97 -111 -117   73   78  -77   89 -111
 -89  109  -26   76   83 -118   91   81
 116  102 -120  110   34  107  -95 -111
-110 -115  -85   70  119   91  126  109
  93 -106 -116  -76   77  119 -114 -109
 -65   82 -121  126   87   81 -114 -101
-121  -81  -93   78 -116  109  -59  123
  81  -76  -49  126   82  122 -108 -106
 -84 -111  -48  108   67 -114  104 -121
-108   95  -32   92   94 -118   42   74
 -83  109 -112  124   57  109 -111  -90
-107  120 -118   57  124  112  126 -123
  82  120 -122 -107   61 -107  111 -115
 -90   99  113  124  127   97  117  -91
-109 -100  -98   86 -117   93  -47  125
  90  -44  -36  112   85 -127 -120 -116
-101 -101  -33  118   46 -125  107  125
-100  100  -24  111   94 -128   30   71
 -68  110 -105  126   62  102 -108  -78
-103  115  127   72 -124  112 -119 -120
  83  114  121 -118   68 -106   87 -122
 -97  100  107  109 -115   85  106  -93
-106 -101 -101   87 -115   94  -48  125
  91  -43  -37  110   83 -127 -119 -116
-103 -101  -34  117   46 -124  109  121
-103  100  -27  113   96 -126   32   71
 -66  111 -105  124   65  101 -105  -81
-105  117 -127   74 -123  113 -120 -120
  87  111  120 -118   73 -107   84 -127
-101  100  107  106 -113   91  104  -97
-103 -106 -100   86 -118   92  -43 -123
  91  -44  -34  113   82 -125 -121 -117
-102  -94  -33  122   40 -117  109  126
 -99   98  -26  111  102 -125   30   71
 -67  111 -104  123   66   98 -101  -81
-108  119 -127   74 -120  111 -120 -125
  88  110  125 -122   65 -109   86  126
-101  102  107  101 -115   88  100  -97
-103 -121  119   88 -102   89  -60  118
-124  -49  -75  101   58  113  -75 -111
 -97 -125  -87  104   77  108   80  116
 120  100  -66  118   98 -125   76   66
 -34  111  -81  126   99   97  -94 -100
 113 -117 -101   83 -112 -127 -119 -120
-118  111  104  100  104  -88   64   89
 110  116  123  104 -110 -112   68 -120
-122  -90  -96   92 -116  118  -73  123
  80  -88  -57 -125   94  122 -112 -107
 -83 -111  -65  105   79 -115  113 -123
-122   91  -55   91   98 -116   48   75
 -90  112 -125  119   72  120 -117 -103
-106  120 -113   67 -122  111  123 -124
  85  123 -126  -94   66 -113  122 -124
 -85  104  115 -120 -112   98  110  -86
 122  -57   85  116  -71 -122  112   80
 114 -106  125 -127  115   96  -93  121
-125   80   39   81 -114  112  111 -124
 111  -95  126  104   74 -127 -123   96
 118  115  108   86  102  -99 -121  101
 116 -106  -86 -122  127  121  119  121
-101  -93   93  -63  -81 -111 -114  116
 -98  116  -98 -104 -114 -121  121  108
-120  -58   60   83  -67  119 -106  105
-116 -122  120 -122   75   86  -61 -119
-113   97   -5   88 -125  -98   67  -87
 114  -97 -106   81   74 -118  -90   92
 112  104 -117   71   92 -114  -75  101
  72  -64  -61  123  121  117  120   87
 -78  -71  117  -94 -118 -110 -113   83
-109 -122  -71  110  112 -116   84   90
-125  -62   88   83  -82  111  -98  108
-113 -104 -111  111   83  108  -71 -117
-109  107   70   59  119  127   70  115
 121  116  -93  101   84  127 -104   85
 -98  104 -103  111   96  121  -95  121
 109 -105  -59  106 -118  110 -120  121
-112 -108  101 -125 -120 -119  108   91
-118  106 -109 -123  112 -109  103 -127
-126  -36 -117   62  -99  117  -66  121
  82 -108  -62 -126   87  122 -106 -113
 -93 -116 -115   75   80  -82   85 -113
 -96  106  -26   74   81 -116   89   81
 125  102 -119  109   35  114  -96 -111
-112 -116  -87   68  117   95  127  112
  89 -105 -116  -76   72  126 -116 -113
 -67   85 -119 -128   94   84 -122  -98
-126  -33 -127   68  -98  121  -74  121
  83 -105  -65 -126   90  123 -112 -122
-101 -115 -126   70   82  -86   93 -115
 -91  114  -36   82   83 -121   95   80
 116  102 -124  112   39  108  -98 -117
-112 -118  -84   76  121   92  126  111
  98 -108 -122  -78   87  121 -115 -110
 -69   82 -121 -126   90   86 -111 -104
-125  -33 -122   61  -99  120  -69  120
  81 -107  -61 -125   87  123 -108 -119
 -97 -115 -118   70   79  -80   88 -113
 -90  109  -26   78   81 -118   91   81
 118  103 -119  111   34  109  -97 -112
-111 -115  -85   69  117   93  126  111
  94 -106 -117  -75   78  121 -114 -108
 -67   82 -120  127   88   84 -114 -101
-115  -99  -90   78 -117   98  -45 -117
  86  -68  -37  126   84 -128 -119 -110
 -92  -97  -48  119   45 -108   99 -120
-101   96  -23   96   95 -119   38   78
 -83  104 -107  123   63  109 -104  -80
-104  123 -122   64  124  112 -123  127
  77  123 -121 -116   48 -120  105 -122
 -90  108  110  112 -121   85  110  -88
-117  -87  -94   82 -114  104  -60  114
  81  -57  -41  115   89  126 -116 -114
 -98 -113  -42  103   63 -125  105  123
-105   96  -29  104   85 -122   40   76
 -80  110 -107  127   60  106 -119  -79
 -96  121 -126   62  124  115 -124 -117
  82  123  120 -100   78 -112   97 -110
 -92   96  108  123 -120   90  116  -93
-105 -105  -98   80 -118   93  -39 -122
  89  -49  -32  116   82 -127 -121 -116
 -99  -92  -38  123   37 -111  102 -123
 -96   99  -17  106   97 -123   29   72
 -73  109 -102  122   59  100  -99  -77
-107  123 -126   69 -126  110 -120  127
  84  118 -126 -118   55 -112   92 -125
 -95  103  110  101 -118   80  101  -94
-107 -102 -101   88 -116   93  -48  124
  91  -41  -35  111   85 -127 -120 -118
-102 -100  -32  119   46 -124  110  124
-100  101  -28  113   96 -128   30   70
 -67  111 -105  125   64  100 -108  -80
-104  115  126   73 -122  113 -121 -121
  86  112  120 -119   72 -106   85 -123
 -98  100  106  108 -114   88  106  -96
-106  -99 -101   85 -115   94  -50  122
  91  -40  -37  110   84 -128 -118 -119
-102 -103  -31  117   47 -125  110  122
 -99  102  -27  115   96 -128   30   70
 -66  113 -103  125   62   99 -109  -80
-105  115  126   71 -123  114 -122 -119
  88  109  120 -118   75 -104   83 -120
-100   98  106  107 -117   91  108  -98
-121  -55   69   76  -74  111  -94  110
-114 -124 -127 -126   72   92  -60 -111
-104  100   15   86  126  -98   57  -94
 118 -112  -91   76   76 -117  -94   93
 125  100 -110   80   89 -119  -72  111
  80  -70  -55  112  120  111  127   90
 -91  -76  121 -107  124 -111 -121   81
-109 -127  -77  111  106 -119   84  101
-125  -49   81   74  -85  105  -85  113
-111 -117 -119  119   76  103  -65 -108
-106  107   48   74  119 -108   60 -117
 126 -127  -82   84   81 -122  -95   92
-115   98 -103   97   88  125  -78  123
  93  -91  -56  105 -127  105 -120  104
-109  -92  112 -124  123 -112  120   84
-114  116  -94  116   98 -119   94  119
-123  -52   92   68  -83  105  -79  120
-117 -115 -107  118   71  109  -68 -110
-103  116   67   66  107 -106   57 -124
-126  117  -70   85   83 -118 -105   86
-107   98  -99  102   79  121  -78  125
 101  -95  -56   97 -126  107 -120  109
-118  -99  118 -121  112 -118  117   88
-113  109  -99  117   98 -121   97 -126
-127  -32 -125   66  -98  122  -72  124
  86 -109  -67 -125   94  124 -112 -122
-103 -115  127   69   81  -85   92 -117
 -90  114  -34   83   84 -121   99   83
 115  101 -123  111   40  112  -96 -117
-115 -119  -84   78  120   93 -127  112
  93 -106 -122  -78   82  121 -113 -113
 -70   83 -118 -127   90   84 -114 -100
-124  -29 -124   60  -99  122  -71  122
  84 -108  -66 -124   92  123 -110 -122
-102 -114 -125   70   81  -78   90 -113
 -85  113  -28   81   83 -121   98   84
 112  103 -120  110   34  108  -97 -114
-116 -116  -86   73  118   91  126  110
  93 -105 -118  -75   81  122 -112 -107
 -68   82 -118  125   83   82 -111 -103
-124  -38 -126   63 -100  119  -64 -125
  86 -110  -62 -123   89  125 -112 -121
-101 -108  126   74   75  -73   88 -109
 -89  111  -30   78   87 -119   99   81
 112  100 -121  108   39  108  -90 -116
-117 -113  -82   76  122   90 -127  104
  95 -105 -116  -80   73  116 -111 -117
 -68   85 -117  122   88   81 -120 -101
-126  -51 -114   68 -106  115  -63  123
  77 -103  -51 -127   87  126 -111 -110
 -91 -110 -101   81   75  -82   90 -114
-102   98  -30   74   84 -114   81   80
-125  103 -120  109   43  113  -99 -105
-104 -116  -90   65  122   95  126  112
  90 -109 -117  -79   69  117 -120 -115
 -67   90 -127 -128  104   84  127  -95
-128  -74  -91   75 -114  111  -61  125
  77  -88  -48 -127   85  122 -110 -102
 -83 -114  -59  105   70 -110   99 -118
-109   96  -31   83   86 -115   48   80
 -94  103 -115  123   58  117 -112  -88
-102  126 -113   54  116  111  125 -128
  79 -127 -118 -102   57 -119  119 -110
 -83  103  113 -127  126   95  122  -90
-105  -90  -98   74 -115   97  -45  122
  86  -45  -38  114   79  125 -113 -117
 -98 -103  -30  114   47 -114  104 -125
 -92  102  -15  108   93 -125   31   71
 -73  113  -98  123   50   94 -107  -77
-109  121  124   61  127  113 -126 -123
  87  115 -128 -113   67 -102   90 -112
 -97   96  110  102  125   88  113  -99
-113  -97  -96   83 -115   97  -50  123
  87  -52  -38  115   86  127 -118 -115
 -99 -105  -42  114   51 -125  102  126
-103   99  -25  107   90 -124   34   74
 -73  108 -105  127   62  105 -109  -79
-103  120 -126   68  126  114 -119 -122
  83  120  121 -112   68 -108   93 -120
 -97  100  110  114 -115   85  105  -93
-105  -99  -99   83 -117   94  -48  123
  89  -41  -35  111   84 -128 -119 -117
-101 -100  -28  118   45 -120  110  124
 -97  100  -22  113   96 -128   29   71
 -68  113 -103  124   59   99 -109  -78
-104  115  125   70 -123  112 -123 -120
  85  111  123 -117   70 -106   85 -118
 -97   98  105  105 -119   88  110  -96
-107 -103 -100   88 -115   95  -53  120
  90  -39  -36  109   88 -128 -120 -121
-103 -104  -32  115   49  126  111  120
-100  101  -29  117   94  127   29   71
 -66  113 -104  127   65  101 -113  -79
-101  115  125   73 -123  114 -121 -118
  87  112  117 -115   78 -107   84 -119
 -99   98  105  111 -112   88  108  -96
-125  -64   93   82  -79  108 -101  105
-111 -108 -115  112   84  106  -66 -113
-102  100   70   61  124  123   63  114
 117  111  -91   96   82 -126 -106   89
 -92  106 -102  108   96 -126  -97  123
 110 -104  -58  105 -122  114 -120  124
-117 -104  106 -119 -124 -114  108   89
-116  109 -106 -119  118 -109   97 -124
-127  -42   94   68  -89  107  -76  121
-124 -122 -109  124   77  110  -75 -108
-105  116   64   76  107  -99   62 -116
-120  125  -65   79   82 -116 -107   92
-120   95 -107   98   74  125  -75  127
 102  -97  -59   98  125  101 -119  104
-124  -95  121 -116  107 -116  127   92
-108  110  -96  114   93  123  101 -127
-124  -47   89   64  -89  102  -69  124
-118 -122 -106  122   67  109  -68 -104
 -99  119   62   74  105  -95   52 -114
-123  119  -62   76   84 -115 -103   89
-113   94 -100   99   76  120  -68 -128
  98  -91  -51   94  127  101 -119   99
-118  -95  125 -126  102 -118  122   84
-111  112  -95  110   90 -128   94 -128
-125  -38  112   67  -90  116  -75  121
 108 -107  -86  124   84  117  -93 -118
-107 -125  105   68   92  -93   81 -122
-104  119  -52   88   84 -122  123   82
-127   99 -113  105   54  112  -89 -125
 121 -113  -75   87 -128   99 -126  111
 116 -108  124  -98  101 -124  127  121
 -91   92 -112  121   89  111  125 -114
-125  -39  117   68  -92  115  -73  125
 104 -111  -81  126   84  120  -97 -117
-104 -122  107   68   88  -92   81 -121
-105  114  -47   84   84 -118  117   82
-127   99 -116  107   54  116  -87 -124
 127 -112  -73   87  125   98 -124  111
 109 -106 -128  -94   94  127 -124  120
 -87   92 -111  123   95  104  124 -109
-126  -28 -126   62  -96  120  -73  119
  85 -108  -68 -126   89  123 -106 -119
-100 -118 -125   67   82  -83   89 -116
 -91  112  -30   80   81 -119   98   82
 118  103 -120  109   34  112  -97 -116
-114 -117  -84   73  118   93  126  113
  95 -107 -120  -76   85  124 -115 -110
 -70   82 -118  127   86   88 -113 -103
-123  -26 -127   57 -102  119  -60 -128
  84 -113  -65 -122   86  123 -109 -117
-100 -109  126   77   76  -66   86 -102
 -82  116  -21   73   85 -118  100   83
 107  100 -119  105   30  105  -86 -113
-122 -111  -83   71  117   87  127  100
  95 -101 -112  -80   70  123 -108 -113
 -66   84 -113  115   75   77 -116 -105
 126  -76  -97   80 -114  114  -65  122
  77  -94  -50 -126   86  122 -109 -100
 -80 -115  -69  101   75 -108   98 -118
-119   91  -39   79   88 -112   54   78
 -94  105 -121  120   61  121 -111  -95
-100  127 -104   56  122  108  126  125
  82 -124 -119  -94   60 -122  125 -118
 -80  102  116 -121 -126   94  114  -87
-114  -88  -96   76 -114  101  -51  121
  80  -57  -36  117   85  126 -118 -113
 -99 -107  -46  107   54 -114   98 -126
-101   97  -19   99   85 -120   40   77
 -84  108 -104  123   55  103 -111  -76
 -99 -128 -124   62  122  112 -123 -126
  84 -128  126 -100   70 -117   98 -112
 -89   97  111  114 -124   83  112  -96
-124  -89  -92   84 -117  110  -61 -127
  80  -84  -47 -127   86  125 -113 -105
 -83 -107  -56  109   67 -112  104 -121
-114   91  -39   88   96 -116   44   76
 -86  108 -117  124   64  115 -112  -93
-102  121 -113   60  126  111  127 -126
  81  123 -121 -103   57 -117  117 -120
 -87  104  112 -127 -120   94  113  -86
-105 -105  -98   82 -118   93  -44 -127
  89  -45  -32  113   85 -127 -121 -117
-100  -94  -31  120   40 -115  107  127
 -97   97  -20  110   97 -126   29   72
 -71  112 -103  123   60  101 -106  -77
-102  118  127   70 -123  111 -121 -124
  83  114  126 -117   62 -112   88 -121
 -95  102  105  103 -117   82  106  -93
-108  -94 -102   87 -111   97  -59  113
  91  -38  -46  107   85  126 -113 -120
-104 -113  -33  108   58  118  112  115
-103  102  -34  119   93  127   34   70
 -62  115 -102 -128   64   99 -116  -83
-106  114  124   72 -123  118 -123 -112
  92  108  112 -114   90  -97   80 -117
-106   95  106  114 -116   99  111 -100
