Shape: torch.Size([1, 144, 64])
Range: [-127, 116]
Mean: -1.0811

量化值陣列:
  19   31   32  -55   13  -29   82    1
 -41   70   91   -8  -43   -1    9   13
  28   28   86  -12  -84   23  -30    5
  32  -30  114  -26  -34    7  -88  -49
  44  -16   27   -8  -73  -26   22   52
  23   -1    0  -64   -4  -16    4    0
 -45   -4    6   18  -70    9  -28   13
  37  -26  -17  -24   -2  -44  -15   32
  17   32   33  -54   11  -30   82    2
 -41   69   92   -8  -43    0    9   15
  29   28   86  -11  -83   23  -29    6
  31  -30  113  -27  -35    6  -88  -49
  44  -18   26   -7  -72  -25   21   52
  24   -2    0  -65   -4  -15    4    0
 -47   -4    6   16  -71    9  -28   12
  38  -24  -17  -23   -1  -44  -15   33
  19   30   32  -54   11  -30   84    2
 -40   72   92   -9  -44    0    9   14
  29   30   88  -10  -85   23  -29    6
  32  -29  114  -25  -33    6  -90  -50
  46  -17   27   -8  -73  -27   23   52
  22   -2    0  -64   -2  -16    4    0
 -45   -5    5   15  -71   11  -30   11
  36  -25  -17  -25   -1  -45  -17   32
  20   29   32  -53   12  -30   82    2
 -39   72   90   -9  -43    0    9   13
  29   29   89   -9  -85   20  -27    4
  32  -29  112  -23  -31    5  -91  -50
  48  -15   26   -6  -72  -26   22   50
  21   -5    0  -63   -1  -15    5    1
 -46   -8    5   14  -71   14  -30   11
  35  -26  -18  -24    0  -44  -16   33
  19   29   31  -54   11  -30   83    1
 -40   73   93  -10  -43    0    8   13
  28   29   88  -11  -85   22  -29    4
  32  -30  114  -24  -33    6  -90  -50
  46  -16   27   -7  -72  -26   22   52
  24   -3    0  -63   -2  -16    4    0
 -46   -6    5   16  -69   10  -31   11
  36  -25  -18  -25    0  -45  -17   32
  20   28   31  -53   11  -31   83    1
 -39   74   93  -10  -43    0    9   13
  28   30   90   -9  -86   22  -27    4
  32  -30  113  -23  -32    5  -91  -51
  48  -15   27   -7  -72  -27   22   51
  23   -4    0  -63    0  -16    4    0
 -45   -8    5   14  -69   11  -32   11
  36  -25  -18  -26    0  -44  -17   32
  21   29   31  -55   11  -30   83    0
 -40   74   94   -9  -44    0    9   13
  28   30   90  -10  -86   24  -28    5
  33  -30  115  -24  -33    6  -91  -51
  46  -15   28   -8  -74  -27   22   53
  23   -2    0  -64   -2  -16    3    0
 -45   -6    6   17  -70   10  -31   12
  37  -25  -18  -27   -1  -45  -17   31
  22   28   31  -55   10  -31   86    3
 -40   74   93   -9  -45    0    9   13
  29   33   91   -7  -88   26  -27    7
  34  -30  116  -24  -30    6  -92  -52
  47  -15   28   -8  -74  -29   25   51
  20   -3    0  -64    0  -17    3   -1
 -45   -8    8   13  -73   12  -30   10
  36  -25  -17  -29   -2  -45  -18   31
  22   26   31  -53   10  -32   86    5
 -38   74   92   -9  -45    0    8   13
  29   34   91   -6  -88   24  -26    6
  33  -30  113  -23  -28    5  -93  -52
  49  -15   27   -8  -71  -28   25   50
  20   -5    0  -62    0  -17    4    0
 -45  -10    7   11  -74   13  -31    8
  35  -24  -18  -28    0  -44  -19   33
  23   25   30  -52   10  -31   84    4
 -38   76   92  -10  -44    0    9   12
  29   33   92   -6  -88   23  -24    5
  33  -30  112  -21  -28    4  -93  -52
  50  -14   27   -7  -71  -29   24   50
  20   -5    0  -61    1  -17    3    0
 -44  -11    6   11  -71   13  -32    9
  34  -25  -19  -28    0  -44  -18   32
  22   23   30  -51    9  -33   86    5
 -38   75   94   -9  -45    0    8   13
  29   35   91   -5  -90   25  -25    6
  32  -31  112  -23  -28    5  -93  -52
  49  -15   27   -8  -70  -27   26   50
  21   -4    0  -61    2  -17    4   -1
 -45  -10    6   11  -73   11  -32    6
  35  -23  -19  -29    2  -45  -21   33
  24   26   30  -53    9  -32   86    5
 -38   75   93   -9  -46    0    9   13
  30   34   93   -5  -89   26  -25    7
  35  -30  113  -23  -27    4  -94  -52
  49  -14   28   -8  -72  -30   26   50
  19   -4    0  -62    1  -17    3   -1
 -44  -11    8   10  -73   13  -32    9
  34  -25  -18  -31   -1  -44  -19   31
  22   23   28  -44   10  -32   77   -1
 -37   81   91  -14  -40    1    6   10
  25   30   95   -9  -83   12  -18   -2
  29  -30  102  -15  -29    1  -94  -53
  54  -13   24   -4  -65  -27   18   48
  25  -10   -2  -56    5  -15    4    6
 -43  -14   -2   11  -59   15  -38    8
  32  -26  -22  -23    8  -41  -17   32
  22   28   29  -51   10  -32   84    0
 -39   77   92  -11  -45    0    9   12
  28   31   93   -7  -85   21  -24    5
  33  -28  111  -21  -30    3  -93  -53
  50  -15   27   -7  -72  -29   23   50
  21   -6   -1  -62    1  -16    3    1
 -43  -11    4   11  -68   16  -34   10
  34  -26  -18  -28    0  -43  -17   31
  23   26   29  -50    9  -32   83    2
 -38   78   93  -11  -45    0    8   11
  28   33   95   -7  -86   21  -22    4
  33  -29  109  -20  -28    3  -94  -53
  51  -14   27   -7  -70  -30   23   50
  21   -6   -2  -60    3  -17    3    1
 -43  -12    3   11  -67   15  -35    9
  33  -26  -19  -28    1  -43  -18   31
  22   27   29  -50    9  -32   82    0
 -38   79   92  -12  -44    0    9   12
  28   31   94   -8  -85   19  -22    3
  32  -29  109  -20  -30    3  -94  -53
  51  -14   27   -6  -70  -29   22   50
  22   -7   -1  -60    2  -16    3    2
 -43  -12    2   11  -66   15  -35   10
  33  -26  -20  -27    1  -43  -17   31
  24   25   29  -50    9  -32   84    3
 -37   78   92  -11  -45    0    8   11
  28   34   95   -6  -87   22  -22    4
  34  -29  110  -20  -26    3  -94  -53
  51  -13   27   -7  -70  -30   24   49
  20   -6   -1  -60    3  -17    3    0
 -42  -14    5   10  -69   15  -35    8
  33  -26  -20  -29    0  -43  -18   31
  23   23   29  -49    9  -33   83    3
 -37   78   93  -11  -44    0    8   12
  28   33   94   -6  -87   21  -22    3
  32  -30  108  -20  -27    3  -94  -53
  52  -14   27   -6  -68  -29   23   49
  22   -7    0  -59    4  -17    4    1
 -43  -13    3   10  -68   14  -35    7
  33  -25  -20  -28    3  -43  -19   32
  24   22   28  -48    8  -34   85    4
 -37   77   93  -11  -44    1    7   12
  28   35   94   -4  -88   22  -21    3
  32  -30  108  -20  -26    2  -94  -53
  52  -14   26   -7  -68  -28   25   48
  21   -7    0  -58    5  -18    4    0
 -43  -14    4    9  -69   13  -35    5
  33  -24  -20  -29    3  -43  -20   32
  23   23   28  -48    9  -33   83    2
 -37   79   93  -12  -44    0    8   12
  28   34   94   -6  -87   21  -21    3
  32  -30  107  -19  -27    2  -94  -53
  52  -14   26   -6  -68  -29   23   48
  21   -8   -1  -58    5  -17    3    1
 -43  -14    3    9  -67   14  -36    7
  33  -25  -21  -28    3  -43  -19   32
  23   22   28  -48    8  -33   83    3
 -37   78   93  -12  -43    1    7   12
  28   34   94   -6  -87   20  -21    2
  31  -30  107  -19  -27    2  -94  -53
  52  -14   26   -6  -67  -28   23   49
  22   -7    0  -58    5  -17    4    1
 -43  -13    2    9  -67   13  -36    6
  33  -24  -21  -28    4  -43  -20   32
  23   23   28  -47    9  -33   82    2
 -37   79   93  -12  -43    0    7   12
  27   33   94   -6  -86   20  -21    2
  31  -30  107  -19  -27    2  -94  -53
  52  -14   26   -6  -67  -28   22   49
  23   -8    0  -58    5  -17    4    2
 -43  -13    2   10  -66   13  -36    7
  33  -25  -21  -27    5  -43  -19   32
  23   21   28  -45    8  -34   82    2
 -36   79   93  -12  -42    1    7   11
  27   34   94   -5  -86   18  -19    1
  30  -30  104  -18  -26    1  -94  -54
  54  -14   25   -6  -65  -28   22   48
  23   -9    0  -56    6  -17    4    2
 -43  -14    1    8  -65   14  -37    5
  32  -24  -22  -26    7  -42  -20   33
  24   21   28  -46    8  -34   84    4
 -37   79   94  -12  -44    1    6   12
  28   36   94   -4  -88   21  -20    2
  31  -30  106  -19  -26    2  -95  -54
  53  -14   25   -6  -66  -29   24   48
  22   -8    0  -57    6  -18    4    1
 -42  -14    2    8  -67   13  -37    4
  32  -24  -21  -29    6  -43  -21   32
  24   25   28  -49    8  -33   84    2
 -38   79   93  -12  -45    0    8   11
  27   34   94   -6  -86   21  -21    4
  33  -29  108  -20  -28    3  -94  -54
  51  -15   26   -6  -69  -30   24   49
  21   -5   -1  -59    3  -17    3    0
 -41  -12    3   10  -66   15  -36    7
  32  -25  -19  -29    3  -43  -20   30
  24   24   29  -52    9  -32   86    5
 -38   76   94  -10  -45    0    8   12
  29   36   93   -5  -89   26  -24    6
  34  -30  112  -22  -27    4  -94  -53
  50  -14   27   -8  -71  -30   26   50
  20   -4    0  -61    2  -18    3   -1
 -43  -12    6   11  -72   13  -33    7
  34  -24  -19  -31    1  -45  -20   31
  24   22   28  -48    9  -33   83    3
 -37   78   93  -11  -43    0    7   11
  28   35   94   -5  -87   21  -21    3
  32  -30  107  -19  -26    3  -95  -53
  52  -14   26   -6  -67  -28   24   48
  21   -7    0  -58    4  -17    4    0
 -43  -13    3   10  -68   14  -35    6
  32  -25  -20  -28    4  -43  -20   32
  24   22   29  -48    8  -33   84    4
 -37   77   94  -11  -44    1    7   12
  28   36   94   -5  -88   22  -21    3
  32  -31  108  -20  -26    3  -94  -53
  51  -14   26   -7  -67  -28   24   49
  22   -7    0  -58    5  -18    4    0
 -43  -13    4    9  -69   13  -35    6
  33  -24  -20  -29    4  -44  -20   32
  23   21   28  -47    8  -34   84    4
 -36   78   93  -12  -44    1    7   12
  28   35   94   -4  -88   21  -21    3
  32  -30  107  -20  -26    2  -95  -53
  52  -14   26   -6  -67  -28   24   48
  21   -7    0  -58    5  -18    4    0
 -43  -14    3    8  -69   14  -36    5
  32  -24  -21  -28    5  -44  -21   32
  24   22   28  -48    9  -33   83    3
 -37   78   94  -11  -44    1    7   12
  28   35   94   -5  -87   21  -21    3
  31  -30  108  -20  -27    2  -94  -53
  52  -14   26   -7  -67  -28   23   49
  22   -7    0  -58    5  -17    4    1
 -43  -13    3   10  -68   13  -36    6
  33  -24  -21  -28    4  -43  -20   32
  25   20   28  -48    8  -34   86    6
 -37   78   95  -11  -45    1    6   12
  28   38   94   -3  -90   24  -20    4
  32  -31  108  -20  -25    3  -95  -54
  51  -14   26   -8  -67  -29   25   48
  21   -6    0  -57    6  -18    4    0
 -42  -13    4    9  -70   12  -35    4
  33  -23  -21  -30    4  -45  -21   32
  24   16   29  -49    8  -35   89   12
 -37   73   96   -8  -45    1    5   13
  29   42   88   -1  -94   29  -25    8
  32  -32  111  -24  -25    6  -95  -53
  49  -16   26   -9  -68  -26   30   49
  20   -3    2  -57    4  -19    6   -4
 -44  -10    7    9  -78    9  -32    1
  34  -20  -19  -32    6  -49  -25   34
  23   21   28  -45    8  -34   82    2
 -36   80   93  -13  -43    1    6   11
  27   34   95   -5  -86   19  -19    1
  31  -30  105  -18  -26    1  -94  -54
  53  -14   25   -6  -66  -28   22   48
  23   -9    0  -56    6  -17    4    2
 -42  -14    1    9  -65   14  -37    5
  32  -24  -22  -27    6  -43  -20   32
  24   21   28  -48    8  -33   84    5
 -37   78   93  -11  -44    1    7   12
  28   36   94   -4  -89   22  -21    3
  32  -30  108  -20  -26    3  -95  -53
  52  -14   26   -7  -67  -28   25   48
  21   -7    0  -58    5  -18    4    0
 -43  -13    4    9  -69   13  -35    5
  33  -24  -21  -29    4  -44  -20   32
  24   22   28  -49    8  -34   86    5
 -38   77   95  -11  -45    1    7   12
  28   37   93   -4  -89   25  -23    5
  32  -31  110  -22  -27    4  -94  -53
  50  -15   26   -7  -69  -28   26   49
  21   -4    0  -59    4  -18    4   -1
 -43  -11    5   10  -71   12  -34    6
  34  -24  -20  -30    3  -45  -21   32
  24   19   28  -48    8  -34   86    7
 -36   77   94  -11  -44    1    6   12
  28   38   92   -3  -90   24  -22    4
  32  -31  108  -21  -25    3  -95  -53
  52  -15   26   -7  -66  -28   26   48
  21   -6    0  -57    5  -18    5   -1
 -43  -13    5    8  -71   12  -35    3
  32  -23  -20  -30    5  -45  -23   33
  21   24   28  -46   10  -32   80    0
 -37   79   91  -13  -41    0    7   10
  26   30   92   -8  -84   13  -21    0
  30  -29  105  -17  -30    2  -94  -53
  53  -14   25   -4  -66  -26   21   49
  23   -8   -1  -57    3  -15    5    3
 -43  -12    0   12  -62   15  -37    8
  31  -26  -21  -24    7  -43  -20   32
  22   22   29  -46   10  -32   81    2
 -37   78   92  -12  -41    0    6   11
  27   32   92   -7  -86   16  -22    0
  30  -30  106  -19  -29    3  -94  -52
  52  -15   25   -5  -66  -26   22   49
  23   -7    0  -57    3  -16    5    2
 -44  -11    0   12  -65   13  -35    7
  32  -24  -20  -25    7  -44  -20   33
  23   21   28  -48    8  -34   85    5
 -37   77   94  -11  -44    1    7   12
  28   36   92   -4  -88   22  -22    4
  32  -30  108  -21  -27    3  -94  -53
  51  -15   26   -7  -67  -28   25   49
  21   -5    0  -58    4  -17    5    0
 -43  -12    4    9  -70   13  -35    5
  32  -24  -20  -29    5  -45  -22   32
  24   21   28  -47    8  -34   84    4
 -37   78   94  -12  -44    1    6   12
  27   36   94   -5  -88   21  -21    3
  31  -30  107  -20  -27    3  -95  -54
  52  -14   25   -7  -67  -28   24   49
  22   -6    0  -57    5  -18    4    0
 -42  -13    3   10  -68   13  -36    5
  33  -24  -21  -29    5  -44  -21   32
  24   21   28  -48    8  -34   84    4
 -37   78   94  -11  -44    1    7   12
  28   36   93   -5  -88   22  -21    4
  32  -30  108  -20  -27    3  -94  -54
  51  -14   26   -7  -67  -29   24   49
  22   -6    0  -58    5  -17    4    0
 -42  -13    3   10  -69   13  -36    5
  33  -24  -20  -29    5  -44  -21   32
  23   20   29  -47    8  -34   84    5
 -36   77   93  -11  -44    1    6   12
  28   36   93   -4  -88   21  -21    3
  31  -30  107  -20  -26    3  -94  -53
  52  -15   25   -7  -67  -28   24   48
  22   -7    0  -57    5  -17    4    0
 -43  -13    3    9  -69   12  -35    4
  33  -23  -20  -28    5  -44  -21   33
  22   21   32  -54   11  -30   88   13
 -41   67   94   -3  -45    0    6   12
  29   38   80   -5  -92   31  -30   12
  33  -31  113  -28  -29   10  -91  -50
  41  -18   26  -10  -70  -25   30   50
  19    2    3  -61   -2  -16    4   -7
 -44   -4   11   15  -80    5  -25    5
  36  -20  -15  -30    2  -49  -23   32
  18   -6   -2  -22   12  -33   64   -5
   0   61   55  -22  -51   -9   35   21
  31   12   38  -10  -36  -23  -36  -11
 -18  -31   44   -9  -25    0  -50  -55
  83  -20   27    3   -5  -22   31   25
  -3    5   33  -31   17   -8   15    5
   0  -12  -21  -31  -32   29  -55  -49
  -8   -8   -6   -9   35    1  -60   20
  22   14   28  -44    9  -34   84    9
 -36   75   93  -10  -42    1    4   10
  27   39   86   -3  -90   19  -23    4
  30  -30  105  -21  -27    4  -95  -52
  51  -17   24   -6  -63  -24   26   48
  21   -4    2  -54    4  -17    7   -1
 -42  -10    2    9  -72   11  -33    0
  31  -20  -19  -27   12  -47  -26   35
  24   20   29  -49    8  -34   87    7
 -37   76   94  -10  -45    1    6   13
  29   38   92   -3  -91   25  -23    6
  32  -31  110  -22  -26    4  -94  -53
  50  -15   26   -8  -68  -28   27   49
  20   -5    0  -58    4  -18    4   -1
 -43  -12    6    9  -74   12  -33    4
  33  -23  -19  -31    4  -46  -22   33
  24   22   29  -50    9  -33   85    5
 -38   76   95  -10  -45    0    7   12
  28   36   92   -5  -90   25  -24    5
  32  -31  111  -22  -28    5  -94  -53
  49  -15   27   -8  -69  -28   26   50
  22   -4    0  -60    3  -17    4   -1
 -43  -10    5   11  -71   11  -33    6
  34  -23  -19  -30    3  -46  -21   32
  25   21   28  -49    8  -33   86    6
 -38   77   95  -10  -45    1    7   12
  28   37   93   -4  -90   26  -22    6
  33  -31  110  -21  -26    4  -95  -53
  50  -14   26   -8  -69  -29   26   49
  21   -5    0  -59    4  -18    3   -1
 -43  -12    6   10  -71   12  -34    6
  34  -23  -20  -31    3  -45  -21   32
  21   25   28  -46   10  -32   79    0
 -38   79   91  -13  -42    0    7   10
  26   30   92   -9  -83   13  -21    0
  30  -28  106  -18  -31    2  -94  -53
  53  -15   25   -4  -67  -26   21   49
  23   -7   -1  -57    2  -15    5    3
 -42  -11    0   13  -62   15  -36    9
  32  -26  -20  -24    7  -43  -20   31
  23   22   28  -46    9  -33   83    3
 -37   78   92  -12  -43    1    6   11
  27   35   93   -5  -86   17  -20    2
  31  -29  105  -19  -27    2  -95  -54
  53  -15   24   -6  -67  -28   24   48
  21   -8    0  -56    4  -17    5    1
 -42  -13    1    9  -66   15  -36    5
  32  -25  -20  -27    7  -44  -21   32
  22   22   28  -47    9  -33   83    3
 -37   77   92  -12  -43    0    7   11
  27   33   91   -6  -86   18  -22    2
  31  -29  107  -20  -29    3  -94  -53
  52  -15   25   -5  -67  -27   24   49
  21   -6    0  -58    3  -16    5    1
 -42  -12    2   11  -67   14  -35    6
  32  -24  -20  -26    6  -44  -21   32
  23   23   28  -46    8  -33   82    2
 -37   80   92  -13  -43    1    7   10
  27   34   95   -6  -86   17  -19    1
  32  -29  105  -18  -27    1  -95  -54
  53  -14   26   -5  -67  -29   22   48
  21   -8   -1  -57    5  -17    4    2
 -41  -14    1    9  -64   16  -37    7
  31  -26  -21  -27    5  -43  -20   31
  23   22   28  -47    9  -33   83    3
 -37   79   93  -12  -43    1    6   11
  27   34   92   -6  -87   19  -21    2
  31  -30  107  -19  -28    3  -94  -53
  52  -15   25   -6  -67  -28   23   49
  22   -6    0  -57    4  -17    5    1
 -42  -12    1   10  -67   13  -36    6
  32  -24  -20  -27    6  -44  -21   32
  24   21   28  -47    9  -33   84    4
 -38   78   94  -11  -44    1    6   12
  27   36   94   -5  -88   22  -21    3
  32  -30  108  -20  -27    3  -94  -53
  51  -14   25   -7  -68  -28   24   49
  22   -6    0  -57    5  -17    4    0
 -43  -12    3   10  -68   12  -35    6
  33  -24  -20  -29    5  -44  -20   32
   0   56  -42  -14   54   -7  -12  -49
  11   44    3  -25  -27  -23   50   -3
   7  -46  -49  -77   11  -43  -29  -41
 -23   -5   -2   -5  -45   -7   14  -42
  42   -7   11  -13  -14    4   -3  -15
   0    4   52   -5   20   -3    0   18
  27    6  -53   23   62   16  -31  -22
   5  -27    4   32   10   38  -10   -6
   1   12   -5   -5   25   -9    7  -38
  -2   49   28  -19  -27  -20   44   18
  38  -28   31  -37   -1  -52  -15  -38
 -39  -36    8   -5  -26   -4  -40  -51
  88   -2    8    2    0    4  -10    5
  11  -19   33  -32   24    0   -1   29
  -2  -23  -35   -3    7   32  -39  -27
   1  -17  -16   33   39   31  -33   24
  21    5    3  -30   20  -37   66   -6
  -4   79   60  -26  -51   -6   31   13
  23   11   58  -14  -56  -24  -33  -18
  -1  -26   63   -3  -27   -1  -63  -55
  86  -17   32    0  -26  -24   27   32
   0   -4   18  -35   14   -4   13   12
  -7  -20  -22  -24  -28   32  -62  -32
  -7  -14  -13  -17   25   -1  -46   19
  24   23   29  -49    8  -33   84    4
 -38   77   94  -11  -44    0    7   12
  28   35   93   -5  -88   22  -22    4
  32  -30  109  -21  -27    3  -94  -53
  51  -14   26   -7  -69  -28   25   49
  21   -6    0  -59    3  -17    4    0
 -43  -12    4   10  -69   13  -35    6
  33  -24  -20  -29    3  -44  -20   32
  24   22   29  -48    8  -33   83    3
 -37   78   93  -11  -43    0    7   11
  28   34   94   -5  -87   21  -21    3
  32  -30  107  -19  -26    2  -95  -53
  52  -14   26   -6  -68  -29   23   49
  21   -7   -1  -58    4  -17    4    1
 -43  -13    3   10  -68   14  -35    7
  33  -25  -21  -28    4  -43  -20   32
  23   22   29  -49    9  -33   84    4
 -37   76   94  -11  -43    0    7   12
  28   35   91   -6  -88   22  -23    4
  31  -30  109  -21  -28    4  -94  -53
  51  -15   26   -7  -68  -27   24   49
  22   -5    0  -59    3  -17    5    0
 -44  -11    4   11  -70   12  -34    6
  33  -24  -20  -28    5  -45  -21   33
  19   25   29  -44   11  -32   78   -1
 -38   78   90  -13  -40    0    6   11
  26   28   90   -9  -81   10  -21    0
  28  -28  103  -18  -32    2  -93  -52
  53  -16   23   -3  -65  -24   19   49
  24   -8   -1  -56    2  -15    6    4
 -44  -10   -3   13  -61   15  -36    8
  32  -25  -20  -20   10  -43  -19   33
  10   31   33  -45   13  -28   75    1
 -41   61   86   -7  -40    0    7   15
  29   24   73  -14  -74   11  -28    3
  23  -28   99  -29  -37    8  -84  -48
  42  -22   19   -4  -64  -17   19   47
  26   -3    6  -58   -5  -14    7    1
 -45    0    0   19  -64    8  -25    8
  36  -22  -17  -11   10  -42  -18   35
   8   30   33  -43   13  -25   70    0
 -43   60   86   -7  -37    0    6   14
  28   22   72  -18  -70    8  -26    0
  20  -30   94  -29  -38    8  -82  -47
  40  -22   17   -3  -61  -15   15   46
  30   -3    7  -58   -4  -13    6    3
 -45    0   -3   23  -58    5  -24    9
  36  -22  -19   -6   13  -40  -16   36
  21   19   29  -43   10  -33   79    2
 -37   77   92  -12  -40    1    5   10
  26   33   89   -8  -85   13  -21   -1
  28  -30  103  -18  -30    3  -93  -52
  53  -15   24   -4  -64  -24   21   49
  25   -7    0  -55    4  -15    7    3
 -44  -10   -1   12  -64   12  -36    5
  32  -23  -21  -22   12  -45  -22   34
  22   25   28  -49    9  -32   85    4
 -38   76   92  -10  -45    0    7   11
  28   33   88   -5  -86   20  -25    6
  32  -27  109  -22  -30    4  -94  -53
  50  -17   26   -6  -70  -28   26   49
  19   -3    0  -59    1  -16    5   -1
 -41   -9    3   11  -69   15  -33    6
  32  -25  -17  -27    4  -46  -22   30
  18   23   28  -40   12  -31   72   -6
 -37   82   89  -16  -36    0    5    9
  23   24   92  -13  -78    2  -18   -7
  26  -29   98  -13  -34    0  -93  -52
  56  -14   22   -2  -62  -22   13   49
  29  -12   -2  -53    3  -13    7    9
 -44  -12   -9   15  -52   15  -40   10
  31  -27  -23  -15   15  -41  -17   33
  15   18  -13  -39   21  -27   58  -14
   0   50   46  -16  -74  -19   62   33
  48    0   29  -28  -30    0  -44    1
 -24  -36   50  -28  -27    8  -35  -64
  81  -14   36  -10  -31  -23   32   12
 -15   14   41  -54   16   -4   -3    0
  10  -11   -9  -22  -31   34  -40  -40
  -3  -11    1  -13    6   25  -54   10
  19   20   24  -35   10  -33   78    2
 -33   77   85  -13  -42    0    7   11
  25   28   80   -4  -77    2  -20    0
  22  -23   92  -16  -29    2  -92  -55
  57  -19   19   -2  -55  -24   25   42
  18   -9    3  -48    4  -14   10    2
 -37  -12   -6    5  -58   21  -38   -4
  25  -23  -16  -19   18  -39  -29   30
  23   19   28  -43    9  -33   81    4
 -37   78   92  -12  -41    1    5   10
  26   35   92   -5  -86   15  -19    0
  30  -30  103  -17  -27    2  -95  -53
  53  -14   24   -5  -64  -26   22   48
  23   -8    0  -54    5  -17    6    2
 -42  -13    0   10  -65   14  -36    4
  31  -24  -21  -25   10  -44  -22   33
  22   22   28  -46    9  -32   82    3
 -37   78   92  -12  -42    0    6   10
  27   33   91   -6  -86   16  -22    1
  31  -29  106  -19  -28    3  -94  -53
  52  -15   25   -5  -66  -27   23   49
  22   -7    0  -57    3  -16    5    1
 -42  -12    1   11  -66   14  -35    6
  31  -25  -20  -25    7  -44  -21   32
  17   22   29  -39   12  -32   73   -3
 -35   80   87  -15  -36    0    6    9
  25   24   90  -11  -78    0  -19   -7
  26  -28   96  -13  -31    0  -93  -52
  57  -15   21   -1  -60  -22   14   47
  26  -14   -1  -52    4  -13    8   10
 -44  -13   -8   11  -54   17  -39    7
  29  -26  -23  -14   15  -40  -18   35
  20   24   29  -45   10  -32   79    0
 -37   78   92  -13  -40    0    7   11
  26   29   91  -10  -83   12  -22   -1
  29  -30  105  -18  -32    3  -92  -52
  53  -15   25   -4  -66  -25   19   50
  25   -8    0  -57    2  -15    6    4
 -44  -10   -2   13  -62   13  -36    8
  32  -25  -20  -22    8  -43  -19   33
   1   52   22  -50   11  -14   63  -11
 -53   36   83   -1  -43   -4   18   28
  44   15   57  -30  -52   32  -30   12
   8  -39   93  -51  -40   16  -65  -51
  27  -18   10  -13  -72  -13   18   33
  30    6   26  -73   -2  -23   -5   -8
 -38    8    9   41  -59   -2   -3   12
  51  -30  -10    0   -6  -35  -14   34
   0   57   26  -47   13  -13   57  -15
 -53   39   78   -4  -37   -3   15   23
  37   10   58  -37  -45   22  -27    4
  11  -36   86  -45  -42   12  -63  -47
  25  -18    9  -10  -70  -13    9   34
  33    1   20  -68   -2  -22   -3    0
 -40    8    0   43  -48    0   -7   16
  50  -32  -12    7   -4  -33   -5   35
   0   59   22  -50   11  -15   63  -14
 -54   38   83   -4  -42   -3   17   28
  40   12   56  -34  -47   31  -30   11
   9  -36   92  -51  -45   15  -61  -49
  23  -21   11  -14  -73  -14   15   35
  32    7   24  -72   -3  -24   -4   -6
 -38   11    4   42  -53   -2   -7   13
  53  -30  -10    1   -7  -36  -10   33
   7   38   32  -40    9  -16   62   -7
 -45   50   75   -3  -40   -3   16   20
  40   17   76  -22  -55    9  -19    1
  13  -36   85  -31  -29   10  -81  -52
  46  -14   13   -3  -63  -18   12   33
  24   -8   10  -65    2  -14    0    7
 -42   -8    0   26  -58   19  -16    8
  34  -29  -15    0    6  -30  -15   38
   6   40   33  -41   11  -19   62  -10
 -46   57   79   -7  -38   -2   12   16
  34   14   76  -24  -55    5  -21    0
  16  -31   88  -29  -38    8  -81  -50
  42  -18   15   -1  -63  -18    8   40
  29   -5    6  -63   -2  -13    1    8
 -43   -2   -5   29  -51   14  -22   14
  36  -28  -17    0    9  -34  -11   35
   1   47   25  -44   16   -7   50    0
 -51   29   71    5  -33   -5   10   14
  36   13   38  -32  -49   24  -25    8
  14  -31   76  -45  -36   17  -64  -41
  15  -19    5  -11  -59   -7   13   28
  27    7   23  -60   -4  -20   -4   -6
 -34    8    5   45  -52   -6    3   13
  48  -23  -10    7    1  -33   -6   30
  -6   50  -33  -10   52   -6  -24  -53
  19   36   -4  -26   -8  -23   50   -2
  10  -58  -48  -78   23  -61  -30  -54
 -29  -13   -9    0  -44  -12   16  -32
  53   -4    9   -6    0   18  -14  -13
   5   -4   53   -2   18    0    6   30
  13    4  -56   20   61   18  -31  -24
   3  -25    2   47   22   39  -11    5
   2   22  -16  -22   33  -13   12  -37
  14   42   15  -21  -37  -28   65   25
  45  -34   11  -43    2  -42  -35  -30
 -38  -35   11  -13  -29   -8  -20  -48
  90   -6   23   -4   -5    4    0    1
 -10   -8   41  -37   19    0   -3   23
   6  -15  -28  -18    0   38  -39  -34
  -2  -11   -7   24   22   46  -40   16
   1   34   29  -24   14  -16   45  -16
 -39   56   66   -7  -30   -5   14   14
  35    3   68  -22  -41  -17  -10   -9
   5  -27   63  -21  -33    2  -81  -52
  51  -15    5    4  -46  -10    0   28
  28  -18    7  -51    3   -8    2   16
 -39  -11  -15   23  -36   23  -23    8
  30  -27  -19   16   23  -22  -11   36
  18   18   30  -43   11  -33   79    4
 -37   73   91  -11  -39    1    4   10
  26   32   82   -8  -85   11  -25    0
  26  -29  103  -20  -33    5  -92  -51
  51  -19   22   -4  -63  -20   22   49
  25   -5    2  -54    0  -14    9    1
 -44   -6   -2   14  -66   10  -33    3
  32  -21  -19  -19   15  -47  -24   36
  17   28   28  -43   12  -31   76   -5
 -37   78   88  -15  -40    0    8   11
  25   23   87  -12  -77    4  -23   -2
  26  -26  102  -17  -36    2  -92  -52
  54  -18   23   -2  -65  -23   18   49
  24   -8    0  -56    0  -14    8    6
 -43   -8   -6   14  -56   18  -37    8
  30  -27  -18  -17   11  -42  -20   32
  18   28   32  -47   10  -28   77    0
 -38   71   86  -10  -41    0    9   11
  29   26   87  -11  -77   11  -24    1
  29  -28  102  -20  -31    4  -90  -50
  50  -17   24   -3  -65  -26   19   48
  21   -7    0  -60    0  -14    5    4
 -44  -10    0   13  -64   17  -31    9
  31  -26  -18  -18    5  -40  -17   33
   8   32   28  -30   13  -22   58  -12
 -36   65   73  -12  -35   -2   13   14
  31   11   77  -19  -55  -11  -14  -11
  10  -29   77  -18  -32    2  -83  -52
  57  -15   12    1  -52  -15    9   34
  25  -16    6  -52    3  -10    5   14
 -41  -13  -12   16  -43   23  -31    3
  26  -28  -18    2   19  -26  -18   35
   3   35   27  -29   10  -13   49  -17
 -44   47   71   -4  -35   -4   17   22
  42   10   72  -26  -43    0  -12   -6
  -1  -39   71  -29  -30    9  -77  -55
  51  -10    5   -2  -54  -10    4   25
  30  -13   15  -60    7  -13   -1   11
 -40  -10   -6   30  -45   17  -15    4
  35  -30  -16   12   17  -23  -17   40
   8   32   29  -30   12  -23   59  -12
 -38   67   75  -12  -34   -1   11   13
  30   12   79  -18  -55  -11  -13   -9
  12  -27   77  -18  -33    1  -86  -53
  55  -16   12    2  -53  -16    8   36
  26  -16    4  -51    2  -11    5   14
 -41  -12  -13   17  -43   23  -31    6
  28  -28  -19    2   20  -29  -16   35
   2   32   41  -36   11  -18   57    5
 -43   45   73    0  -31   -1    7   14
  34   18   68  -16  -57    1  -16    0
  18  -28   74  -30  -33    8  -82  -42
  36  -24    9    2  -48   -8    8   38
  27   -9    5  -54   -5  -11    1    9
 -47   -4   -2   19  -60    9  -16   11
  34  -17  -21    5   18  -31   -6   39
 -13   75    0   -3   39   11  -26  -43
 -30   38   20   -9   11   -9    2  -22
   0  -38  -14  -70    0  -49    7  -43
  11    3    9   -2  -44  -10  -30  -27
   5   -8  -19    2  -29   12  -31   -1
  38  -23   21   -7    5  -11    0   30
 -18    3  -51   65   49    5    0   29
  37  -42  -14   59   16   -7   39   16
   2   42   -4  -50   27  -20   57   -9
  -5   20   40   -7  -53  -19   55   36
  50   -4    7  -33  -26   10  -58    4
 -17  -33   61  -43  -36   10  -23  -48
  56  -25   23  -16  -40   -1   36   11
 -13   12   52  -53    2  -13    2   -7
 -12    6    4   -6  -53   20  -18  -35
  17  -12   10   -1   -2    6  -46   24
   0   78   11  -58   25   -9   56   -6
 -44   19   64    3  -39   -5   20   14
  37   11   16  -47  -47   38  -39   12
  25  -25   93  -50  -41   12  -42  -44
   4  -22    7  -14  -83  -11   28   16
  18    9   40  -58   -9  -29    0  -13
 -37   17   12   46  -54   -3   11   12
  55  -38    5    3  -26  -39    1   30
   0   42   28  -41   11  -12   59   -7
 -45   33   74    0  -38   -5   19   27
  48   13   61  -25  -49   17  -24    6
   2  -40   81  -43  -32   13  -71  -51
  39  -17    5   -8  -61   -6   14   26
  25   -6   23  -67    1  -19   -2    0
 -44   -1    7   30  -65    8   -3    3
  44  -26  -11    7    6  -29  -18   43
  13   10  -13  -28   23  -22   40  -24
   1   52   40  -18  -60  -19   58   27
  44   -8   32  -34  -20  -18  -35  -13
 -31  -40   35  -18  -25    3  -35  -62
  87   -6   30   -5  -18  -16   17    9
  -6    4   39  -48   22   -1   -3   10
  10  -18  -19  -17  -14   31  -42  -37
  -5  -13   -6    1   17   31  -48   14
  21    0  -13  -29   22  -34   54  -16
  10   73   44  -27  -60  -16   53   17
  31   -3   32  -25  -32  -30  -41  -16
 -17  -28   40   -5  -27   -2  -43  -58
  93  -13   42    1  -11  -27   25   21
 -14    8   29  -37   18    1    8   11
  13  -16  -29  -32  -12   39  -62  -42
 -18  -10   -5  -12   25   22  -58    7
  19   19   27  -31   10  -31   70   -4
 -34   81   82  -17  -36    1    6    6
  24   23   87  -11  -71   -9  -15  -10
  23  -27   85  -10  -27    0  -93  -53
  62  -14   20    3  -53  -26   15   42
  23  -14    0  -47    8  -12   10   11
 -38  -18  -14    9  -46   25  -42    1
  20  -28  -21  -12   21  -36  -25   33
  16   25   30  -35   11  -28   67   -7
 -36   78   81  -16  -35    0    7    7
  25   19   87  -15  -68   -7  -16  -10
  23  -27   88  -12  -31    0  -91  -52
  58  -14   20    2  -56  -24   11   44
  25  -14   -1  -52    4  -11    8   13
 -41  -14  -13   14  -46   23  -38    7
  24  -29  -21   -8   18  -36  -19   34
   4   28   23  -19   12  -17   47  -20
 -37   57   69  -10  -32   -3   15   18
  35    4   67  -23  -41  -16  -10  -14
  -4  -34   63  -21  -31    5  -77  -55
  59  -12    5    1  -44  -10    4   25
  30  -16   14  -50    8  -10    4   14
 -37  -12  -17   24  -33   22  -25   -2
  27  -30  -16   13   28  -21  -25   36
  12   31   29  -31   11  -21   62   -7
 -39   62   73   -8  -39   -2   12   14
  32   17   76  -16  -56   -2  -12   -3
  13  -28   77  -21  -29    5  -85  -54
  52  -15   11    0  -53  -20   13   32
  21  -12    5  -52    4  -12    3   10
 -38  -13   -8   17  -48   25  -27    2
  27  -28  -16   -2   17  -28  -19   33
  -4   46   23  -16   21    2   10  -33
 -41   42   44   -2  -11  -14   16   10
  32  -18   46  -30  -17  -25    1  -15
  -3  -19   37  -22  -36    1  -68  -40
  38   -8   -9   -5  -37   10  -19   17
  27  -20    6  -43    3   -7   -9   21
 -32   -5  -20   46  -12   23   -7   19
  38  -25  -18   33   26  -11    1   28
   2   62  -61  -27   60   -4   -2  -39
  14   17  -13   -4  -35  -37   61    1
   9  -46 -111  -51   15   -5  -44   10
 -21   24    1  -27  -51    1   32  -33
   2  -15    5  -43  -20   19   25  -27
 -37   42   58    1    0   -4   -5  -16
  45   41  -29   34   39   20    2  -34
  12   -1   40    5    0   25  -29  -30
   5   62  -30  -56   43  -22   45   -9
  10   13   23  -10  -55  -19   60   19
  31  -12  -51  -60  -17   15  -72    0
  -4  -19   54  -41  -44    8   16  -42
  30  -27   29  -19  -42   -5   44   -1
 -21   31   71  -32    0  -16    7  -14
   7   25   -7    3  -19    7  -14  -39
  15  -17   24   -3  -19    9  -34    5
  -2   76   17  -55   24   -9   53  -12
 -43   23   63    0  -34   -7   23   19
  40    4   30  -44  -41   29  -36    7
  19  -28   90  -47  -43    9  -47  -44
  15  -21    7  -13  -79   -6   19   20
  19    1   33  -62   -9  -26   -1   -5
 -42   13    9   43  -54    3    5   14
  54  -37    0    8  -19  -34    0   35
   3   89    6  -62   26   -9   58   -5
 -45   20   65    2  -39   -3   16    9
  29   16   10  -52  -47   48  -37   16
  37  -18   96  -49  -43    9  -34  -44
 -11  -24    7  -17  -89  -20   31   15
  17   12   40  -55   -8  -35   -1  -17
 -32   21   11   49  -48   -8   13   18
  60  -43    7   -2  -38  -44   12   25
   6   45   33  -47   11  -18   66   -4
 -44   49   74   -2  -43   -5   18   21
  41   16   76  -19  -58   13  -22    6
  19  -31   91  -34  -32    9  -81  -51
  43  -18   15   -3  -67  -18   15   36
  19   -7    9  -68   -4  -14   -2    4
 -43   -7    6   20  -64   20  -15   12
  35  -27  -14   -4   -1  -29  -10   35
  18   26   28  -40   10  -33   77   -3
 -35   80   88  -15  -40    1    7   11
  26   26   90   -9  -77    3  -20   -3
  26  -26   98  -16  -32    0  -93  -53
  57  -17   22   -2  -62  -25   18   47
  23  -12   -1  -53    3  -14    8    7
 -42  -12   -7    9  -56   20  -39    5
  29  -26  -20  -17   12  -40  -20   33
  21   25   26  -39   12  -32   76   -2
 -35   81   86  -16  -42    1    8   11
  23   26   89  -10  -78    3  -18   -6
  23  -26   96  -14  -30    2  -91  -54
  59  -16   21   -3  -60  -25   21   44
  22  -10    0  -51    5  -14    7    7
 -39  -15   -7    9  -52   20  -42    1
  26  -26  -19  -21   13  -35  -23   29
  23   20   26  -40    9  -33   81    5
 -34   79   89  -14  -44    2    6   10
  24   32   90   -5  -83   10  -18   -2
  27  -28   97  -16  -25    3  -93  -54
  57  -15   23   -4  -59  -28   26   44
  19   -8    1  -51    7  -16    7    2
 -38  -17   -2    6  -59   18  -40   -1
  25  -25  -19  -26   12  -37  -26   29
  23    6   -8  -38   24  -37   65   -9
   4   75   50  -25  -66  -14   50   16
  29    3   38  -23  -48  -19  -45  -11
  -7  -26   58   -9  -28    3  -49  -58
  89  -16   45   -2  -27  -29   32   26
 -14   10   26  -43   15    0    8    7
   9  -16  -22  -26  -22   38  -61  -37
 -16  -11   -4  -22   17   14  -56    8
   5   35   30  -34   11   -9   52   -4
 -45   38   68    2  -32   -5   14   19
  42   16   60  -21  -46   12  -14    4
   5  -35   69  -35  -28   11  -75  -50
  36  -15    2   -8  -53   -8   10   24
  21   -7   14  -58    5  -16   -4    3
 -40   -4    2   32  -59   14   -5    3
  40  -23  -11    7   14  -28  -17   39
  -5   67  -41  -11   54    5  -15  -45
 -13   20   -2    0  -12  -30   33   -6
   2  -45  -85  -44   13  -15  -16    3
 -16   31   -1  -22  -51    0    4  -30
  -9  -12  -19  -39  -25   27    6  -25
 -11   21   40    5   -1   -6   -8   -7
  25   33  -33   61   44   15   13  -11
  28  -11   28   23   13    6   -6  -18
   7   66  -65  -42   58   -8   21  -21
  11    6   -7    6  -50  -39   63    8
  14  -29 -127  -38    2   28  -58   39
 -13   29   20  -44  -51    9   36  -34
 -15  -23   10  -54  -33   13   50  -26
 -52   60   63   -4   -6  -10   -7  -39
  47   54  -10   32    9   17   14  -42
  18    6   54  -17  -14   11  -41  -36
   2   63  -38  -43   43  -16   28  -19
  14   23   15  -16  -43  -18   54   10
  18  -20  -55  -66   -8   -1  -55  -12
  -6  -11   33  -25  -42    0   22  -40
  28  -23   24  -16  -30   -6   31   -6
 -17   21   65  -20    9  -16    7   -6
  15   19  -25    3    8    9  -18  -35
   9  -20   18    4  -15   17  -23    1
   1   88   10  -62   27  -10   58   -7
 -43   19   62    2  -38   -5   21   14
  33   11   12  -50  -45   43  -40   14
  30  -20   97  -51  -44   11  -37  -44
  -2  -25    8  -18  -89  -13   30   16
  14   11   39  -57  -10  -31    0  -15
 -37   21   11   49  -53   -1   11   14
  58  -40    8    0  -32  -42    5   28
   1   90    0  -57   28   -6   51   -7
 -42   21   60    1  -36   -4   15    5
  25   11    2  -55  -44   40  -32   11
  35  -13   87  -43  -42    6  -31  -45
 -11  -24    4  -15  -84  -18   28   10
  15    9   41  -49   -6  -34   -1  -16
 -28   18    5   48  -38   -7   12   17
  56  -44    7    2  -36  -39   15   23
   2   90    5  -63   28   -8   55   -7
 -45   20   63    2  -39   -4   18    8
  30   12    9  -55  -46   45  -38   14
  35  -18   96  -48  -44    9  -34  -45
  -9  -23    8  -16  -89  -17   30   14
  16   12   41  -56  -10  -33   -2  -16
 -32   20   10   50  -47   -6   13   19
  58  -43    7    0  -38  -42   13   25
  12   27   36  -47   10  -28   78   10
 -39   57   86   -2  -41    0    8   16
  33   29   76   -8  -78   18  -27    7
  25  -30  100  -30  -31    8  -86  -47
  42  -22   19   -4  -62  -17   22   46
  22   -4    5  -60   -4  -15    4    0
 -48   -4    6   11  -76    7  -21    5
  36  -18  -17  -15    6  -40  -17   38
  10   39   32  -44   13  -23   64  -12
 -44   67   83  -12  -36   -2   11   13
  28   13   82  -24  -61    2  -22   -4
  21  -30   94  -23  -40    5  -84  -49
  46  -17   20    0  -64  -20    8   46
  30   -6    1  -62   -3  -12    3   10
 -43   -4   -8   26  -47   14  -29   17
  34  -30  -19   -4    8  -36  -11   33
  21   21   28  -46    9  -33   84    5
 -37   75   92  -11  -44    0    6   11
  28   34   86   -5  -86   16  -24    4
  30  -28  105  -21  -29    4  -94  -53
  52  -18   24   -5  -65  -26   27   48
  20   -5    1  -56    1  -16    7   -1
 -42   -9    1    9  -69   15  -33    3
  31  -23  -17  -25    9  -45  -25   32
  20   24   26  -38   10  -33   76   -3
 -35   83   88  -16  -41    0    7    9
  24   26   91   -8  -78    3  -16   -4
  26  -25   95  -13  -30    0  -93  -55
  57  -15   22   -2  -60  -26   18   45
  23  -12   -1  -52    6  -14    6    6
 -39  -15   -7    8  -53   20  -41    4
  28  -26  -20  -19   13  -38  -20   30
  21   27   25  -40   12  -31   74   -5
 -35   84   86  -17  -42    0    9    8
  24   23   92  -10  -76    2  -16   -5
  27  -25   96  -12  -30    0  -93  -55
  59  -14   24   -2  -62  -27   18   45
  21  -12   -2  -54    5  -13    5    8
 -38  -17   -7    9  -50   22  -42    7
  26  -28  -21  -20   10  -35  -19   28
   6   69  -56  -49   51  -16   32  -17
  13    3    0    2  -53  -34   65   16
  22  -26 -108  -40   -2   28  -67   31
  -9   15   34  -49  -49   10   32  -33
  -2  -26   16  -45  -37    8   53  -15
 -45   54   69  -15   -7  -15   -1  -36
  35   49   -6   20   -3   16    7  -44
  18    0   48  -16  -20    8  -42  -25
   2   75  -45  -51   41  -21   40  -14
  15   10    9   -8  -50  -23   60   18
  21  -20  -76  -51   -8   19  -65   10
  -1    0   43  -42  -44    5   31  -34
  12  -29   23  -29  -38   -2   47   -5
 -33   34   68  -22    0  -21    7  -22
  18   34  -15    3   -5   15   -7  -41
  13  -11   32  -11  -28    8  -32   -8
   4   72  -34  -57   42  -21   47   -7
  10   12   19   -9  -54  -18   57   17
  24  -11  -58  -59  -19   21  -67    4
   1  -10   55  -41  -43    9   22  -39
  19  -28   27  -24  -47   -6   47   -2
 -25   31   68  -29    1  -20    7  -18
   9   27   -9    6  -15    9  -10  -38
  14  -17   27  -10  -28    6  -29    1
   0   91    2  -58   28   -6   52   -3
 -39   18   57    2  -32   -3   15    5
  23   12    0  -55  -45   41  -34   10
  36  -13   89  -42  -42    6  -27  -43
 -12  -25    4  -15  -83  -15   30   10
  12    8   42  -47   -7  -33    1  -15
 -33   20    5   47  -43   -6   14   14
  55  -43    9    0  -36  -41   13   26
   3   94    3  -64   27   -5   54   -5
 -41   18   58    3  -34   -4   17    5
  24   13    3  -55  -45   47  -35   14
  41  -14   95  -44  -42    7  -28  -41
 -15  -23    7  -17  -89  -18   29   13
  11   11   39  -52   -9  -35   -1  -17
 -33   21    9   50  -45   -5   15   19
  57  -44    9   -3  -43  -43   16   24
   3   85    2  -61   26   -8   60    2
 -40   17   63    4  -36   -2   15    7
  25   19   -1  -51  -50   52  -37   17
  37  -15   93  -47  -39    8  -27  -44
 -15  -26    6  -19  -84  -18   36   11
  10   13   44  -49   -6  -36    0  -22
 -31   22   11   45  -52  -11   15   10
  57  -40   10   -5  -38  -44    7   25
   1   73   13  -57   20  -12   61   -4
 -48   23   73    0  -38   -2   15   17
  34   17   25  -44  -50   44  -36   13
  24  -28   93  -51  -42   13  -44  -45
   2  -23    7  -17  -81  -14   27   22
  23   11   36  -60   -5  -31   -1  -15
 -36   18   10   46  -55  -10    7   12
  58  -36    0    0  -23  -41    0   31
   0   51   34  -50   13  -16   63   -3
 -48   38   75    1  -41   -6   17   24
  43   13   65  -22  -55   17  -27   10
  17  -30   92  -43  -39   12  -75  -45
  32  -24   12   -4  -66  -10   15   38
  24   -2   14  -70  -11  -16   -2    0
 -46    1    9   25  -67    8   -8   16
  43  -23  -13    0   -2  -31   -5   36
  21   36   28  -51   12  -29   78   -6
 -40   79   86  -13  -46   -2   14   10
  28   23   93  -13  -77   13  -22    2
  33  -25  108  -19  -33    2  -92  -54
  52  -14   28   -4  -74  -32   20   48
  17   -6   -3  -63    0  -14    1    5
 -39  -12    0   14  -58   25  -36   15
  29  -30  -17  -24   -2  -37  -14   27
  14   29   30  -42   11  -29   74   -4
 -38   72   85  -12  -40    0    9   12
  28   21   81  -13  -73    2  -24   -1
  24  -27   98  -20  -36    4  -90  -51
  52  -19   21    0  -63  -22   18   46
  24   -7    1  -57   -1  -13    8    5
 -43   -7   -6   15  -57   18  -33    7
  29  -27  -17  -13   12  -40  -21   33
  21   27   27  -43   10  -32   76   -4
 -37   83   88  -16  -41    0    8   10
  25   26   95   -9  -79    7  -17   -3
  29  -26  100  -14  -30    0  -94  -54
  57  -14   24   -3  -65  -28   18   47
  23  -11   -2  -55    4  -15    4    7
 -41  -16   -4   10  -55   20  -40    9
  29  -28  -21  -21    8  -38  -17   30
  19   24   26  -38   11  -31   71   -7
 -36   85   87  -17  -37    0    7    6
  23   22   91  -12  -75   -1  -16   -7
  26  -26   94  -10  -32    0  -94  -54
  58  -14   23    0  -59  -25   14   46
  25  -12   -2  -52    5  -12    6    9
 -39  -15  -10   12  -48   20  -42    9
  27  -28  -22  -16   15  -38  -19   30
   2   61  -33  -43   46  -19   26  -21
  16   19   12  -15  -42  -21   59   14
  24  -27  -55  -64   -4   -4  -61  -13
 -10  -15   35  -30  -44    2   20  -37
  34  -21   24  -18  -30    2   29   -5
 -17   22   66  -22    5  -13    7   -3
  10   22  -21    8    4   12  -19  -37
  11  -18   20    8   -9   18  -29    3
   1   82  -32  -57   37  -20   49   -6
   3    5   18   -4  -48  -17   50   19
  22  -11  -60  -49  -20   28  -63   11
   7   -2   60  -46  -43   11   20  -33
   7  -31   19  -28  -51   -2   50    0
 -25   29   65  -28   -2  -25    8  -23
   3   31   -6   11  -20   11   -1  -34
  19  -16   30  -13  -33   -4  -25    0
   3   76  -36  -61   36  -24   55   -3
   9    5   20   -6  -57  -18   57   23
  27   -8  -62  -51  -21   31  -72   13
   4   -8   62  -49  -42   12   24  -37
  14  -32   26  -27  -49   -7   56    0
 -28   34   73  -32   -1  -25    8  -27
   9   31   -3    1  -25    9   -5  -41
  16  -15   31  -17  -36    0  -32    0
   3   86  -15  -57   36  -11   50   -6
 -19   20   39   -4  -42  -10   33    9
  20    2  -22  -57  -34   33  -44    5
  22   -8   72  -38  -41    5   -5  -44
   1  -27   14  -21  -70  -15   37    3
  -6   14   50  -39    0  -27    1  -16
 -11   19   -3   28  -25    3    0   -6
  35  -34   15   -6  -37  -16   -2   13
   2   84  -10  -57   34  -12   52   -3
 -22   16   44   -2  -41   -7   29   10
  22    5  -19  -57  -38   34  -45    6
  21  -12   77  -42  -41    9  -10  -43
   0  -28   11  -20  -70  -11   38    3
   0   15   52  -39   -2  -28    3  -16
 -17   20    0   32  -32    0    3   -7
  39  -34   15   -4  -31  -22   -4   18
   2   95    2  -63   30   -7   52   -8
 -40   19   57    1  -37   -5   20    8
  26    9    3  -58  -43   42  -37   11
  35  -15   93  -45  -44    8  -28  -43
  -9  -24    7  -17  -89  -15   29   11
  12   10   42  -52   -9  -33   -1  -14
 -31   20    7   49  -41   -3   12   17
  55  -44    9    0  -40  -38   14   24
   4   97    0  -67   24   -9   64    0
 -41   14   60    6  -40   -5   18   10
  27   18   -1  -48  -49   59  -40   24
  43  -11  101  -52  -40    9  -26  -42
 -20  -27    8  -22  -93  -21   39   13
   5   16   42  -54  -10  -39    0  -26
 -31   25   15   46  -54   -4   19   14
  58  -42   14  -12  -50  -48   11   21
  -1   49   29  -45   13  -13   60   -5
 -48   32   74    2  -39   -6   18   26
  46   12   56  -25  -50   18  -28    9
   8  -34   85  -46  -37   14  -70  -47
  32  -21    7   -7  -64   -6   16   31
  26   -1   22  -68   -6  -18   -2   -2
 -43    3    8   32  -64    5   -2    9
  45  -24  -11    6    2  -31  -12   38
  13   38   30  -49   13  -25   73   -6
 -45   67   87  -10  -40   -2    9   14
  27   20   78  -20  -70   12  -28    2
  25  -29  103  -27  -40    7  -84  -49
  41  -19   22   -4  -69  -23   16   49
  27    0    3  -63   -5  -15    4    2
 -42    0   -2   26  -55   10  -28   15
  36  -29  -16  -13    3  -42  -15   30
   3   37   33  -42   10  -17   64    0
 -45   42   77    0  -40   -3   14   22
  43   19   68  -18  -58   15  -22    6
  13  -35   85  -38  -30   11  -79  -49
  39  -19   10   -4  -60  -12   15   33
  24   -6   14  -64   -1  -16    0    1
 -44   -4    6   23  -67   10  -10    7
  38  -23  -15    1    7  -32  -14   40
  21   21   28  -43    9  -33   79    0
 -37   79   91  -14  -41    1    6   10
  26   32   92   -7  -84   12  -19    0
  29  -29  103  -17  -29    1  -94  -53
  54  -15   24   -4  -64  -25   20   48
  24   -9    0  -55    4  -16    6    3
 -43  -13   -1   10  -62   15  -37    6
  31  -25  -21  -23   10  -43  -20   33
  19   32   24  -38   16  -29   65  -14
 -35   85   78  -20  -40   -2   14    7
  23   14   90  -18  -67   -9  -15  -12
  23  -24   90   -9  -33    0  -89  -55
  63  -12   24    0  -60  -27   11   43
  21  -13   -3  -53    4   -9    4   15
 -34  -18  -15   12  -36   29  -45   10
  20  -31  -20  -13   11  -27  -16   27
