Shape: torch.Size([1, 144, 64])
Range: [-80, 127]
Mean: -0.3107

量化值陣列:
  -3    7  -26  -15  -11   -3  -23  -13
 -18    4   -8    6    3   21   -8    1
  14   -9    6  -14   23   -8   -2   26
  -5   47   20   -6   -6    5   26  -18
 -15   12    0    6  116   -7   10  -17
  -3  -14   -2   -1  -17  -20    5   -6
  22  -18    0   41  -10   -8   15   -1
  10   -7  -12   -5   -2   -8  -40  -32
   0   10  -30  -17   -7    0  -22  -13
 -17    0   -6    7    7   16   -8   -1
  13   -7    2  -20   27   -6   -1   30
  -5   37    9    0  -12    1   29  -25
  -7   10  -19    5  116    0   11  -17
  -2   -9   -6    0  -16  -18    7   -5
  23  -16   -8   42  -10   -6   16    5
  11   -7  -22    1   -2   -5  -35  -34
  -3    9  -24   -2   -4   -5  -31  -14
  -9   -2  -13    4   -4   12  -11   -9
   9  -11    0  -16   24   -5    3   31
   0   38    6   -2  -10   -2   29  -13
  -8   18   -9    0  123  -10    4  -13
  -4   -3  -10   -3  -20  -17   10   -6
  27   -7   -4   41   -5   -7   11    2
   8   -2  -14    1    1  -10  -37  -33
   2    5  -27  -14   -7   -4  -23  -12
 -14   -2  -18   13    1   16  -15   -4
   9   -9   -4  -14   25   -7    1   19
  -3   44    5   -1  -12    8   30  -24
 -14   16  -13    4  120   -6   10  -11
  -9   -5    0   -4  -13  -17    7   -2
  32  -15   -8   34  -15   -3   15    5
   8   -4  -12    0    0   -5  -40  -27
  -4    3  -31   -3  -12   -8  -30  -13
 -13    0  -16    3    0   12  -16    1
  14  -15    0  -15   21    0   -5   29
  -2   38   -2   -8   -8    1   35   -7
 -11   26   -8   -3  115   -2   11  -16
  -9   -8   -3   -6  -12  -19    4   -1
  39  -10   -1   52   -3   -7   10    1
   5   -8   -2    1   -5   -2  -41  -31
   0    5  -39   -8   -5   -5  -26  -13
 -14   -2   -9    1    9   15   -5   -1
  13   -4    2  -17   15   -5    0   16
  -2   29   13  -10  -10   -4   36  -16
 -10   14  -11   -1  119   -2   12  -13
  -3   -5   -7   -4  -13  -18    8    3
  28  -20   -9   46  -12    4   15    2
   6   -4   -7    2   -4    0  -41  -35
  -7    7  -38   -4   -4   -3  -25   -6
 -11    0  -11   -2    1   11   -1   -8
  11   -8    3  -11   20   -8   -8   28
  -9   28    8   -3   -7   -4   39  -18
  -5   13   -7    1  119   -1    8  -15
  -7   -5    0  -10  -13  -16    7    4
  28  -18   -9   48  -13    0   16    2
  10   -5   -9   -1   -6   -3  -43  -35
   3    7  -37   -6   -6   -1  -24   -7
 -12    1  -13   -5   -1   18   -7   -9
   9  -10   -4  -12   17  -12    0   21
  -6   31   12   -6   -6   -1   38  -11
 -10   14  -16    0  120   -3    8  -16
  -2   -4   -3  -11  -19  -14    6   -4
  28  -21   -8   49  -13    4   21    4
   7   -8   -4    0   -4   -3  -39  -26
   0    7  -36    0   -8    1  -24  -11
 -15    0   -8   -8    7   17   -8   -8
  12  -10   -2  -11   10   -9   -1   21
   0   21    9   -3   -7   -3   43  -12
 -12    9  -15   -4  121    0    9  -13
  -7   -2    0   -7  -14   -9    6    1
  21  -19  -17   47   -9   12   16   -1
   4   -3   -2   -4   -2   -1  -45  -29
   0   10  -40   -7   -5   -6  -21   -6
 -12    4  -18   -5    5    8   -8   -5
  17   -2   -2  -15    7    1   -4   15
   0   26    9   -3    0  -12   38  -16
  -8   -1  -10   -6  117   -3    7  -14
 -12   -7   12  -18   -9  -19    2    6
  20  -21  -11   45   -8   16   16   -1
  14    0    2    2    2    4  -48  -31
   5   11  -38    1   -1   -4  -19   -7
  -6    1  -11   -5    0   -1   -2   -1
  13   -5    4  -14    7    3    0   27
  -2   14   17   -3  -12  -13   43  -17
   0    3  -21  -10  114    1   10  -23
  -6  -10   15  -15  -21  -10    5    5
   8  -22  -15   41   -9   23   22    5
   7   -6   -7   -3    2   -2  -48  -32
   7   15  -38    0   -7    0  -19   -3
  -5   -2  -12   -5    5   13   -2   -3
  12   -7   -2   -7    0    6   -2   14
   0    5    1   -4    0  -14   47  -21
  -8   -6  -13  -18  116    5   11  -12
 -13   -8   13  -18  -17  -15   -2   -3
  18  -14  -13   45   -3   24   13   -5
  10    2    3    5    0    2  -49  -32
  -3    3  -29   19    5   -3  -13   -5
  -9    2   -9   -3    4    9   -4    1
  24  -27   -9   -8    9   -9    5    6
   4   -2   13   -4   -9   -9   50   -8
   0   15  -22   -5  122    0    1   -5
   8   -8    0  -15  -17  -17    0   10
  15  -22  -19   17    0    2   10    2
   4   -4   -7   -4    3    2  -49  -26
  -5    5  -33   -1    0   -5  -30   -5
 -10    0  -21    0    8   19   -8   -7
  18  -10    0   -9   13   -3    0   13
   0   12   14   -6   -5   -3   40   -9
 -10   19  -23   -7  123   -7    0  -11
   0   -8    2   -6  -18  -10    7    0
  25  -11  -12   39  -10    5   14   -1
   8    0   -1    0   -1   -3  -48  -34
   5    3  -37    7   -4   -4  -10   -3
  -7    2  -11   -9    2   17   -4   -4
  22  -11   -9  -13    8   -6   -1   15
  -3   11    9    0   -5   -5   48  -14
  -3   15  -26  -10  122   -4    4  -14
  -3  -10    3  -14  -13  -25    6    3
  15  -19  -14   32   -1    4   14   -3
   6    1   -7    3    1    6  -43  -25
  -1    4  -36    7   -3  -11  -23   -7
 -11   -3  -13   -6    8   16    0    0
  15  -18   -4  -14   11   -8   -4   15
   6   12    2   -3   -8   -7   49   -7
  -6   12  -21  -15  121   -4    6  -13
   2   -9    1  -11  -12  -12    4    0
  27  -13  -12   37    0    1   11    2
   8    1    0   -1    1    3  -48  -31
   0   15  -38    6   -1   -2  -23   -3
  -8   -4  -12    1   10   15   -6   -8
  18  -18   -3   -6    2    2    0   12
   0    2   13   -3   -8  -15   49  -16
   1    2  -20  -14  120    6    2   -5
 -10  -11   13  -20  -11  -17    5    9
   9  -15  -19   31   -2    9   19   -3
   2   -4    5   -4    0    0  -49  -19
   0    7  -36    4    5   -6  -18   -7
  -5    0  -13   -3   -3   10    0   -5
  15  -16   -3   -8    2    8  -10    3
  -2    5    7   -5  -11  -17   49  -12
  -6    0  -17  -17  118    1   13  -14
  -6   -5   13  -12  -13  -12    1    3
  20   -1  -13   43   -9   16   19   -1
   4    3    4    3    1    5  -51  -34
  -3   15  -40    4   -3    0  -19   -3
  -9    0  -13   -7   -4    7    0   -6
  16   -9  -13   -2   -1    8   -6    7
   2    0    4   -7  -14  -19   54  -12
  -2   -1  -23  -18  115    6   13   -9
  -8  -11   19  -16  -17  -13    2    4
   3   -7  -13   41   -7   30   17    2
   1   -1   10    0    4    6  -45  -25
  -3   10  -43    7    0   -9  -20   -5
  -3   -8   -5   -1    1    5   -2    0
  18  -11   -8   -1    1    7   -2    9
  -2    0    7   -3  -13  -16   57  -13
  -2    4  -19  -14  118    0   11  -11
  -4  -20   14  -17  -12  -11    0    8
   6   -7  -20   31   -7   20   18    0
   3    1    8   -2   10    5  -45  -34
  -2   11  -39   10   -3   -3  -12    0
  -4    1  -10   -2   -1   -1    5    0
  12  -12   -5   -3   -1   11  -11    7
  -1    0    9  -10   -8  -14   53  -13
   2   -3  -23  -18  120    0    9  -16
  -6  -11   10  -12  -18  -15    1    3
   6  -11  -16   29   -8   18   27    0
   0    1    6    8    4    6  -49  -27
  -1    9  -39    4    0   -2  -15   -1
  -9    3  -12   -3    0    2    1    0
  21  -15   -4  -10    3    1   -4   10
  -1   -2    6  -10  -11  -19   55  -11
  -1    0  -17  -18  119    5    6  -11
   1  -10   12  -13  -13  -20    5   -1
   4   -7  -15   31   -2   16   20    4
   2   -3    5    0    2   11  -51  -25
   2   13  -42    8   -2   -3  -13    0
  -4    0  -11   -7   -2   -6    0   -4
  18  -17  -11    0    0    5   -1   -2
   0    0    2   -9   -5  -16   53  -16
   2    3  -25  -17  120   -1    8  -10
  -3  -16    9  -16  -10   -8    1    4
  10   -4  -16   30  -11   21   20    2
   4    1    9    6    7    0  -47  -27
   1    6  -41    9   -4   -8  -13   -2
  -7    1  -11   -4    0    2    8   -1
  16  -23  -16   -1    0    4   -6    6
   3   -7    6   -8   -8  -16   57  -10
   0    4  -27  -13  118    2    7  -10
  -3  -16   12  -14  -14  -13    0    6
  13   -5  -17   24   -5   23   15    1
   6   -1   11    5    6    1  -50  -23
  -1    0  -38   10    4   -7  -10    0
  -3    0    1   -5    7   11   10   -3
  25  -22    1   -1   -4    0   -1   10
  14  -12   20   -7   -2  -16   57  -13
   5    6  -25  -14  116   -8    2   -9
  10  -14    3   -5  -18  -25   -2    0
  -1   -6  -14   12   -3   10   27    0
  -2   -1   -8    0   -4   -5  -49  -20
   4    8  -30    1    0   -1  -12   -2
  -2    0  -13   -2    1    7   -1   -8
  16  -19   -8   -4   -8    4   -1    3
  -1   -5   12   -7   -4  -13   53   -7
  -4    4  -24  -16  120    1   13  -14
   0  -12   12  -13  -19  -18   -2   -1
  17   -6  -10   37  -17   18   18    5
   8   -3    3   -2   -3    2  -48  -21
  -3   10  -37   14    4    2   -7    0
  -2    7  -11   -8   -3    6    3    1
  16  -18  -12   -4    0   11   -9    1
  -2   -4   12   -2   -5  -14   58  -19
   3   -4  -18  -12  118   -1    5   -8
   0  -11   12  -14  -15  -20   -1    0
   0  -11  -11   21   -8   17   21    5
   5    0    7    0    0    0  -52  -28
   0   10  -39   18    3   -3  -10    0
  -7    0  -17   -2    3   -6   -3    0
  15  -11   -9   -2   -3   10   -7    0
   2   -8    5   -6   -7  -19   59  -15
  -1    0  -26  -18  113    3    9   -9
   0  -14   10  -16   -9  -19    0   -3
  11    3  -17   35  -10   20   21    0
   0    6    8    4    3   10  -54  -28
   6    8  -35   11   -1   -5  -15    0
   0   -1  -13    5    3   -3    2   -4
  18  -16  -15    1   -3    2   -6    0
   0   -1    3   -6  -10  -18   54  -11
   0    3  -24  -20  117    0   11  -11
  -7   -8   12  -16   -6  -13    0   -3
   4   -1  -11   31   -7   20   19    3
  -1   -2    7    3    7    7  -57  -28
   0   10  -37   12   -1    2  -12   -2
  -7    0  -15   -4    0   -1    2   -2
  16  -18  -11   -4   -1    3  -10   -3
  -1   -9    6   -4  -14  -16   56  -11
   0    0  -25  -10  116    0    7  -19
   0  -11   13  -12  -11  -11    0    1
   7    3  -13   34   -9   22   22    3
   0    2    8    4    6    8  -54  -28
   0    7  -35   11    2   -5   -1    1
  -2    8   -5   -4   -2   -4   -3   -1
  16  -21  -13    0   -2    1   -4   -8
   3   -7    4   -7  -10  -12   52  -18
   3  -14  -26  -14  114    0    0  -12
   0   -7   15  -21   -5  -17    6   10
   0   -8   -9   32   -8   25   10    3
   0    0    6    4   23    7  -61  -24
  -1    2  -31    1    5  -11  -13   10
  -9    6   19   -1   -1  -16    2   -2
  20  -40  -10   -1   -3   -7   -4  -16
   2  -17    6   -2   -2   -2   49  -22
  14  -12   -7  -10  116    6    0   -7
  -4   -5   15   -8   -8  -20    0   12
   1   -4   -6   44  -12   30    5   -3
  -4   -6    0    9   -3   -2  -40  -24
  -3    9  -45    6    4    0  -18    1
  -6    4   -7   -3   -2   -1    2    0
  16  -22  -10   -3    6    0   -8   -4
  -9    1    2  -10  -11  -15   57   -8
  -4   10  -26  -13  119   -1    4  -10
  -8  -11   10  -12  -10  -15   -1    4
  13   -1  -12   35   -2   18   16    0
   5    1   12    9    7   -1  -50  -27
   4    6  -46   13   -2  -10  -14   -2
  -2   -4   -9    0   -1    2    6   -2
  15  -20  -10   -3   -5   -2   -1   -7
   2    0    7  -13   -3  -12   55   -8
   2    0  -19  -13  119    0   12   -9
  -2   -7    4  -12   -9  -16    0   -7
   6   -7  -10   27   -5   19   20    3
   5   -3   14    5    3    8  -55  -29
  -6    3  -33   13    3   -2  -14   -2
  -2    4   -4    0   -1   -5    7    0
  20  -15   -9   -3   -2    5   -4    4
  -2   -5    8   -3   -8  -20   58  -10
   0    5  -28  -14  115   -4   11   -8
   0   -9   12  -18  -15  -17   -1   -7
   0   -4   -8   30   -4   22   21    0
   2    0    4    6    6    9  -56  -32
   4    8  -45    9   -1   -1  -15   -6
   0    3   -8   -1    4   -3    3   -4
  14  -14   -8   -4    0    8  -11    3
   2   -4   12   -6  -12  -21   58   -7
   0    4  -21  -13  117    1    5   -9
 -11   -8   15  -14  -13  -17   -2    0
   1   -4  -14   28   -7   28   18    0
   0    4   10    0    0    2  -49  -26
 -11   -6  -26    5    4   -9  -11   -9
 -13    1   -2    0    0   17    0    1
  19  -31   -4   -5    6   -5    0    7
  -1    6    6    0   -8   -2   51   -5
  -2   26  -11  -11  125  -10    5   -8
  10  -13   -3    3  -18  -21    0    0
  18  -15   -6   22    5   -1   13    0
   3   -7   -3   -2   -2   -2  -45  -26
 -11    2  -25    6    4   -8  -10   -7
 -12    6    4    0    0    8    4    0
  23  -35  -12   -8   -1   -4    0    9
  11   -6    7   -1   -4   -6   54  -15
   5   10  -20   -9  122   -6    9   -5
   8   -6   -3   -6  -13  -18   -2   -6
   9  -15   -7   19   -2   12   15    2
   2   -1   -8   -1    0    3  -46  -27
  -2    0  -33   12   -3   -3  -17   -5
  -5    2   -8   -2   -2   -2    0   -3
  20  -24   -3   -1   -1    2   -2    6
   7   -2   14   -7   -5  -11   51  -14
   0    9  -17  -14  120   -2    0  -15
  -2  -11    8  -13  -19  -21    4   -2
   6   -7  -13   26   -8   14   24    5
   2    5    4    8    0    9  -55  -19
 -10    0  -41    8    4   -4   -5    0
  -8    0   -7   -2    2   -3    6   -6
  22  -21   -9   -2    0    0   -4   -3
  -2   -1    4   -4   -7  -10   56  -12
   1    2  -19  -19  122   -5   12  -15
  -9   -7    4  -15  -15  -13    0    0
  16   -9   -7   33   -5   15   16    2
   9    0    7    1    7    4  -45  -26
   3    3  -38   12    6   -1  -17   -1
  -5    2   -7    0    3   -5   -5    5
  17  -17  -12   -4    2    3   -6    5
  -3   -9   10   -7  -10  -14   56  -10
   3   10  -20  -13  122   -5    1  -13
  -3  -14    3  -17   -9  -11   -3   -4
  15   -8  -14   31   -4   16   20    0
   3   -4    3    4    1    8  -48  -23
   1    7  -38    3    6    0  -10    0
  -7    1   -7   -3   -4   -1   -3    0
  20  -24   -7    4   -6    3   -2   -7
   1   -1    6   -1   -4  -12   56   -2
  -3   -4  -20  -15  121    1    6  -12
  -8  -13   12  -11  -13  -11    5    1
   7  -10  -14   33   -6   14   13    0
   1    0    2    0   10    5  -52  -30
 -18   14  -17  -10   14   -9    2    5
  -9   12   29    1   -8   20   -1    7
  19  -49   15   -1  -19   -2    1   -9
   2  -26   25   -9  -16   -1   -4  -40
  35  -41   -2  -10   54   26   -3  -11
  14   18   10   -3  -10  -31    2   32
 -18  -17   24   87  -25   23   -7   -8
  -7   -8  -23    7   28  -26  -37   -1
   7    4   15  -23   15  -12  -15   13
 -19   -4   42  -37   -3   24   24   10
  64    3   19   -3  -20   13  -11  -24
  10  -39    6   -5    4  -13  -12  -20
  66  -21   -8   -5   63   10   10   -2
 -15    0   16    8  -16  -12   -8   -3
 -19   -4   -4   -2  -17    6  -11    0
 -16   21  -19    0  -18   -4  -28  -11
  -8    7  -24    1   15   -7  -13    5
  -6   -3   23   -5    9   -6   12    5
  39  -34   -1    1  -21   -5   16  -23
   8  -27    4   15  -13  -10   20  -11
  31  -33   10  -13   97   27   -3   -7
  -7   -8   13  -19  -16  -28    2   27
 -12   -1   -2   51   -8   24   -7   -6
  -2    1  -22    0  -17  -26  -24  -12
   0    9  -40    8   -4   -8   -8    5
  -4    7   -1    0   -4   -5    2    0
  17  -21  -10   -6    0    5    0    0
   1   -4   17   -2   -9  -12   57  -16
  -1    4  -21  -13  118   -4    4  -11
  -7  -10   15  -12  -13  -16    0   -6
   3  -12  -16   29   -6   21   15    2
   7   -2    3    3    5   -1  -53  -25
  -4    5  -40   10    1   -4  -19    2
  -1    1   -1   -4    8   -4    5    0
  15  -24    0   -6   -3   -7    1   21
  -4    2   18   -2  -10  -10   54  -16
   8    2  -17  -11  120   -3    9  -16
   0  -10   10  -14  -14  -18   -2    2
  -1  -21  -17   24   -9   18   21    3
   3    0   -5    5   -3    2  -46  -26
  -1   11  -43   10    7   -2  -11    3
 -10   -1   -5    0   -6   -4   -1    0
  17  -15   -8   -5   -4    4   -1    3
 -10   -3    6   -8  -14  -18   53   -9
   0   -7  -26  -11  117   -1    2  -10
  -3   -8   15  -20  -11  -21    3    0
   4   -5   -7   32   -9   27   21    2
   9    0    5    6    9    8  -49  -27
  -8   -3  -25   11    0    0   -6  -10
 -21   15    7    1    6    6    8    3
  30  -24   -1   -8    3    1    1    3
  16   -5   25   -8    0  -12   52  -12
   2   17  -28   -8  115  -13    0  -14
  21  -10   -2  -15  -19  -17   -1  -14
   1  -14   -4    4   -4    4   23   10
   0    4  -13   -3   -3   -5  -45  -26
  -5   -7  -25    1    4   -8  -11   -6
 -15    0    1   -8   -3    8    0    0
  27  -26   -9   -9    1   -5   -1    0
  15   -5   22   -2   -1    3   57  -13
   4   21  -15   -7  121  -11    0   -1
  10   -4   -2   -2   -9  -18    0   -1
   9  -16   -8   23    1    6    4   -5
   1    2   -7    0   -8   -8  -49  -22
  -3    1  -28   11    3   -7  -13   -8
 -11    9    0    0    0    4    3    0
  26  -25   -2    0    7   -4   -6    7
   2   -1   22   -3    2   -9   45   -3
   7   23  -25  -10  123  -19    5  -13
  12  -13   -2   -8  -13  -23    5   -1
   8  -14  -10   12   -4    5   15    0
   2   -5    0   -8   -5   -5  -49  -23
  -2    0  -30    3    1   -6   -8   -6
  -5    6    4    0    0    7    6   -7
  26  -31  -10   -5   -1   -1   -2    1
   6   -3   27   -1   -4   -8   53  -18
   8    1  -19  -13  122   -5    4   -8
   4   -8    0  -15  -12  -20    4    3
  -3  -12  -10   17    3    4   19    1
  -1    0   -3    2    4   -3  -48  -24
  -4    0  -33    8    5   -3  -13   -1
 -16    1    0    3   -1    5   -3    0
  18  -24  -10   -3    3   -4  -10   -2
   0   -1    7    0  -11   -7   49   -5
   3   20  -17   -9  127   -7    3  -11
   0   -7    1   -9  -15  -19   -2    0
  23  -11   -6   28    7    6   14   -2
  -4    0   -4   -2    1    4  -46  -26
 -15    5  -32    7    5   -2  -11   -1
 -11    9   -2   -7  -12    6   -6   -1
  17  -35  -10    6   -4    3   -5   -9
  -1  -12   10    0  -16   -5   46  -14
   4    5  -26   -8  118   13    0   -3
   1   -2    4  -10  -11  -19    1    8
  18   -7   -5   41  -12   13    7   -2
  -6    0    5    0   19    5  -54  -21
  -3    4   10  -33    7   -2  -14    0
   4    3   34  -17    7   32   23   15
  85   -8    9  -14  -33   10  -10  -17
  -4  -35  -17  -13  -13   -2  -41  -44
  27  -26    8    9   23   31  -18   -2
  14   11    1   33  -20   -6    0   26
 -24  -24   17   25   -3   -5   -2    6
 -14   12  -21   -3   13    9  -16  -21
   7   12    3  -24    2  -16  -17    6
  -4    3   22  -25    2    7   23   12
  81    7    7   -7  -17   14   10  -30
 -19  -44  -16    9   20    8  -32  -18
  56  -24   15   -3   53   24   -4   -1
  -2    0    5   10  -21  -12  -15   22
 -22  -21    2    0   -3   -3  -10    5
  -9    7  -24   -9  -23   -3   -3  -10
   4   11  -19  -21    6   -1  -10   -3
  -5    0    2  -12    8   42   19    2
  52    6    8    2  -39    4   -7  -30
  27  -25   -1  -13    9   -6    8  -17
  34  -26  -18   -6   83   31   14  -13
   3  -13   17  -19  -19  -18    2   12
 -22   -9  -16   21  -18   19   -2   11
  -8   13  -16    0  -26  -10  -39   -3
  -5   11  -34   13   -2   -5   -8   -1
  -5    1   -8   -4   -4    9    5  -11
  17  -18  -10   -3    4    7   -7   -1
   3   -6    9   -1   -5  -16   53   -8
   2    1  -25  -11  121    1    7   -7
  -9  -15   11  -19  -10  -14   -4   -2
   1  -12   -7   26   -5   22   17    4
   5    2    2    1    0    0  -52  -24
   0    6  -37    1    9    0  -23   -4
  -6    3   -7    1   -8    6   -4    5
  21  -18    0   -8   -2   -2  -10   11
  -4    6   25   -9   -4  -10   49  -13
   1   -5  -26  -15  120   -5    3   -6
   4    0   17  -14  -14  -17    2    5
   0  -24   -4   28   -7   20   19    0
   7   -4   -2    4   -1  -11  -44  -25
  -1    7  -35    8    3   -7  -20   -2
  -8    8   -5   -2   -3    1    0    0
  18  -20   -4   -7   -4   -3   -8   11
  -4   -1   13   -8   -7  -14   49  -13
   2  -10  -17  -14  120   -5    8   -8
   6   -4   13  -10  -13  -16    5   -1
  -1  -20   -3   33   -4   24   15    7
  10   -2   -2    0    4    1  -52  -26
  -1   -2  -20   -4    3  -10  -14  -14
 -21   12   17  -15    0   28    0    7
  45  -40   13  -14   -5   -8    3   -5
  17  -14   21   16   -6   -2   22  -38
   7  -20  -20    2   98   -5    4    3
  32    1    0   27  -14  -28   -7   -1
  -9  -23   11   26    1    5   14    3
  -2   -2  -24    0   -9  -18  -35   -8
  -3    0   -5  -15    4   -6  -13  -13
 -23    8   21   -4    2   25  -16    7
  59  -22   12  -23    9    9    6    0
  11   22   20   11  -14   -8    7  -43
   8  -10    0   12   86  -19   -7  -13
  28   -1    5   45  -16  -18   10   -7
 -18  -34    4   13  -13    6   11   -1
   4   -5  -29   -3  -11  -38  -18  -17
  -9   -1  -10  -11    5  -15  -16  -14
 -20    9   16   -3    7    7  -15   16
  45  -36    4  -18    3   -1    8  -16
  16   19    3   18   -3    7   -2  -30
   9   -9   -4    0   95  -15    2   -5
  27   -4   -8   47  -15  -29    9   19
   3  -29    9   29    2   -2    0    1
   9   -7  -33    3  -13  -40  -15  -22
 -16   -7  -29   -5    3   -6  -16   -9
 -13   16   13    0    1   -1    5    0
  40  -37    0   -9    1   -9    0  -10
  17   -4   23    6   -1    3   33  -29
  16    9   -4   -6  111    1    0   -3
  17  -13    2    7   -6  -28  -13   15
   5  -18    0   33    5    6   -6   -2
   2    1  -23   -2  -14  -17  -34  -21
 -13   -1  -16  -11   11   -3   -3  -13
 -18   13   31   -3    3   15    5   -2
  51  -34   12  -13  -14   -2    5   11
  14    3   28    8  -13   -5   34  -30
  15   -6  -15    0   98  -18    0  -18
  33   -5   -3    9  -17  -26    9   -3
 -12  -25    0    3    3    2    6    7
   5    2  -22    0   -5  -23  -45  -10
 -20   -8  -19    2   12  -15  -14  -19
 -19   14   10    0    0    9    6    4
  35  -35    4  -21   -8    7    0   -7
  17   -6   19    1  -13    0   29  -17
  10   -1  -17    0  109   -2    7    0
  40  -12   -1    0  -15  -17   -2    4
   2  -29    4   22   -2   10   11    6
   1   12  -20   -6    1  -12  -43  -24
   1   -1    0  -38   -8  -12  -23   -2
 -21   -2   22  -38   -4   63   14   -8
  55    3   32    6  -14   20  -17  -17
  11  -24   22    7    9    6  -16  -41
  32  -18  -20    0   67   18    2   -1
  11    0   19   35  -15    1   -6   10
  -9  -31    0    6   -7  -11   -6    0
 -17   13  -25    7    0   -2  -44  -13
  12    0  -12  -12   14   -6  -10   14
 -18    0   55  -27  -11   15   29    9
  43    0   16   -3  -14   11   -4  -12
  10  -37   18    2   -8   -7  -10  -11
  58  -27  -19    6   74   -6    6    7
 -12   -7   15    6  -10  -24   -8   -6
 -37  -15    0   -8  -36   29  -10    9
 -10   23  -16    0  -19   -3  -27  -15
  -2   -3  -24   13    5   -8   -5   -3
 -24    3   11   -6    1    2   10    2
  29  -45   -6   -3   -9    2    5  -17
  23  -14   28    4   -4    0   50  -16
  15   -2  -11   -2  114    2    4   -1
  14  -22   -4   -8  -13  -22  -13    0
  -4  -10   -7   13   -1   10    0    1
   1    1   -5    0   -7  -12  -36  -19
  -5   -3  -24    3    1  -13   -7  -18
 -11    3   16    4    8    0    4    1
  38  -28    2  -12   -6   -2    6   -6
  19   -4   25   -1   -7   -9   47  -17
   8    0   -7   -4  115   -9    0  -13
  28   -2   -1   -8  -12  -26    1   -7
  -4  -25   -4   15   -1    4    3    4
   3    1   -7    4   -1   -8  -44  -21
  -9   -2  -11   -1   10   -8  -14  -23
 -20   15   14    4    7   12    0    9
  50  -25   10  -16  -10    2    3   -1
  15   -1   20   -2   -5    5   24  -30
  12    8   -5   -4  107   -9    3   -8
  27  -11   -8   10  -14  -20    8  -13
   2  -30   -7    5   -1    4   11   -4
  10    1  -22    3   -9  -29  -38  -20
  -9   -5  -22   -9   -9   -8  -19  -15
 -21   15   22   -6    3   11    6   -1
  30  -21   10  -15    7   -5    2   13
  15    0   29  -12    3   -1   21  -21
   7   20  -16  -10  116   -8    1   -9
  32   -9    0    0  -14  -20   -1   -2
  12  -33   -6    6   -9   10   24    0
  10   -2  -15   -3  -18  -11  -36  -13
   3   10   16  -25  -14    3  -25  -13
 -33    0   20  -13   -3   47    4    0
  45   -5   24   -2   24   16    4   20
   8   29   25   -2   -7   -8  -32  -31
   2   -1   -8    2   77  -22   -8  -10
   9  -11    1   60  -23  -15   -6  -17
 -22  -22    2   -8  -23    0   17   15
  16  -14  -35   14   -8  -31  -15  -20
   1    8   22  -33  -15  -11  -12  -14
 -35   -2   18  -18    3   37   -2    4
  42   -5   30   -7   27    5    5   10
   1   41   12   -3  -11    6  -34  -46
  -5    4  -10    3   75  -12   -4  -11
  11   -7   11   62   -2  -10   -8   -9
 -27  -17   18    0  -18   11   19    6
   6  -10  -35    2   -9  -27  -20  -25
   8   12   24  -31  -14    3  -20  -10
 -23   -6   18  -19   -1   44    5    0
  44    0   23   -3   25   10   -4   23
  10   33   19   -7   -8   -9  -28  -42
  -4    4   -4   11   72   -6  -11  -15
  14   -9   11   61  -24    3   -7  -16
 -20  -26    6  -11  -24    5   21    5
  13   -2  -42   -7  -14  -34  -19  -21
  -4   -1    6  -28  -10  -14  -20  -21
 -31    4   17  -19    9   37   -1    3
  52    0   30  -11   14    9    7   16
  17   31   35    8   -2    4   -4  -35
   2    7   -4    0   78   -9  -11  -14
  21  -14    0   53  -30   -6    0  -12
 -15  -23    0  -19   -7    0   16   16
   4    0  -37   -7  -26  -30  -25  -11
 -10   -2    0  -24    3  -17  -16  -19
 -30   11    1   -8    5   26   -8    7
  64  -16   37  -22   16   10    2   20
   4   22   28   -6  -12    7  -19  -38
   9   28  -20   18   74  -19   -5   -9
  31   -9   -6   39  -14  -21  -10   -7
  -8  -18    6   -7   -9    3   15    3
  13    0  -33   -2  -14  -21  -21  -15
  -1   26   13  -22    1  -11  -10    0
 -17    1   33  -23   -8   17    5    7
  54  -26   20  -13  -13    7   -6  -13
   9  -27   12  -11    0   32  -39  -37
  25  -45    9    2   22    3  -26  -16
  33   12  -12   56   -3  -29  -10   23
 -20  -28   28   49    0   13   -7   -1
   1   -1  -11   -5   10  -20  -14  -13
  10   25    6  -19    7   -3  -21   -5
  -3   -4   19  -29   -3   44   12    7
  74    7    6  -15  -16    7   -9  -25
   0  -28  -10    8    0   -2  -57  -31
  28  -39    8    1   35   31  -16  -21
   4   22   16   34   -7  -11  -10   32
 -29  -17   14   -4  -11   10    4   -2
  -3    3  -26    6    0    0  -25   -5
  18   38    5  -29    2    4  -29    4
  -5    0    1  -42    2   51   12   -4
  60   15   -3  -10  -15    9   -5  -28
  13  -28  -24    3    7    2  -43  -22
  37  -20    3   -4   58   40    1  -16
   4   -2   19    5  -15  -12  -21   25
 -16  -19   -4   11   -3    1  -10   -4
  -5   10  -23    0  -21   -5   -4   -8
  -9   -1    4   -8    4  -18  -10    4
  -8   -6   38  -16  -10    8   18   16
  84  -11   18   -5  -11   29   10  -17
   3  -39   -1    6   16    4  -25  -21
  44  -35    3   -5   59   10    7  -15
   2    4  -17   28  -12  -17   -6   18
 -24  -10   -1    8   -1    0  -11    5
 -14    2  -26    5  -10  -21  -28  -19
 -10    7  -11  -15   20  -16  -11  -11
 -17   10   36  -16   11    6    6   -1
  54  -38    4   -8   -7    5   15  -27
  22  -12   18   13    0    4   11  -23
  25  -19    0    3   88   15    1    5
  12   -8   -7   15  -10  -30   -9   18
  -6  -25    0   30  -20    3  -11    5
   6   -2  -31   -8  -21  -37  -18  -15
 -11   -4   -8  -11    4   -6  -17  -15
 -26   11   30   -5    0   26   14    3
  40  -31   25  -21   10    3    8   13
  27   -2   32   16   -5   -9   15  -27
   8   10  -15    1   98   -4    4   -9
  22  -19    2   20  -24  -12  -13  -15
  -3  -28   -4  -13   -5   -4    8   14
   2    8  -26  -12   -7  -38  -32  -13
   4   15   -9   -8   12   -4   -7  -16
 -13    8   46   -9   10   34    5   -2
  41  -10   39  -17  -24    0   -3   19
  16   -5   42   10    0  -11    1  -21
   6  -26  -14    2   83    1    1  -17
   5  -10   16   10  -28  -20   -8   -5
 -30  -37  -12  -12  -23   23   23    8
   9    8  -30    1  -13  -33  -21  -18
   0   14    9   -9    2    1  -12   -1
 -20    7   40  -37   -6   26    1    9
  63  -10   40  -18    4    1   10    2
  17  -14   33   -2   -1  -11  -21  -37
  20  -22  -19    1   61   -8    0   -7
  12   -5   12   42  -16  -18   -8   -3
 -34  -30   -3  -20  -18    9   15   15
   1   24  -21   -8  -15  -19  -33  -12
  -4    0   30  -22  -11  -11  -20  -16
 -30   10   41  -45    6   38   16    7
  64  -15   32  -11    1   13    6   -7
   6  -10   21   -1    2    0  -15  -39
  28  -14  -15   13   47   -1   -1   -2
   7   -2    4   59  -12  -20  -16   -3
 -22  -15    4   -2  -11    9    3   17
 -13    9  -32   -2    6  -13  -33  -27
   3    0    5  -11    4  -11  -21   -1
 -14    7   30  -32   -4   29    6    4
  72  -14   27  -19   13   13   11   -9
  15  -26   22   -3   -5   11  -15  -42
  27  -10  -16    3   64  -12   -4   -2
  24  -14   -3   51  -26  -24   -7    0
 -21  -18   -5  -19  -14    8   -7   16
   2   12  -22   -2   -9  -24  -10  -18
  -8    7    5  -17   -3  -20   -9    3
 -19    5   35  -28  -14   28   15    2
  43  -27    6  -12    2   -2    0  -36
  11  -39   13    2   -2   27  -23  -38
  44  -39   -4    9   39   23   -7    9
  23   -2   -1   49   -6  -21  -14   11
 -29  -22   33   60  -12    0  -17    4
 -11   -1  -11    3   13  -11  -22  -19
  -7   28   20   -5    7  -20  -20    6
 -15   -4   21  -24    4   14   15    7
  56  -28    4  -18    0   17   16  -36
   9  -27   -9    4   -9   18  -59  -22
  30  -36   14    2    6   12  -19   -6
  20   10  -17   45   -3  -16  -15   45
 -16  -26    9   55    6    9  -10   -2
  -8   -8  -28    3   -5  -20   15  -10
  22   31   26  -41   -8    7  -21   -1
 -20    0   12  -41   -8   52    5   -3
  42    8    9  -10   13   15    6    0
  15   -6  -11    0    0    4  -56  -40
  18  -24  -11    7   49    3   -9  -17
   1    0   24   70  -20   -1   -7    1
 -17  -29    9  -16  -17    6    3   -8
   6   10  -22   -1  -14  -10    5  -19
  14   28   28  -61  -14    4  -26  -17
 -23   -4   26  -33    3   28   -7   -8
  25    7    2   -4   30   10   -1    7
  12   34    9    0   -4    3  -41  -41
  -3   -4    1   20   39  -12   -9  -17
   7   -2   14   80   -7    1   -7   -3
 -24  -26   13  -11  -18   18   23    5
  13  -10  -24   -4  -23  -36    9  -13
  17   11   20  -42  -16  -12  -16  -17
 -21    0   32  -35  -11   21    2   -3
  44    2   25   -6   28    9   18    3
   0   26   26   -2    8   -2  -27  -38
   2    3   -7   12   59   -1  -13  -26
   1    0    6   74  -19   -8  -12   -5
 -27  -30    3  -16  -21   15   18   11
  16    5  -30   -3  -14  -35   -6  -16
   2   -3    0  -27    1   -1  -11   -1
 -17    7    7  -23    4   55   14   20
  80   12   16   -1  -12    3   -9  -14
  17  -27   18   -2    7    0  -12  -39
  27  -22  -16    3   57    8    0   -4
   6   -8    8   26  -19  -14   -3   19
 -17  -29    9    0  -10    2   -8   -3
 -20   16  -26    5    0    0  -53  -16
  11    5  -12  -14    3   -4  -23    9
 -14   -4   14  -33   -4   43   31   14
  62    0   17  -10  -22   12  -18  -21
  32  -39    7  -12   15   -9    5   -8
  49  -28   -4   -2   72    7    7   -5
   9   -1    6   -4  -23  -23  -12   -8
 -27   -3   -7   12   -5    7  -16    3
 -16   13  -14    3  -10   -6  -27  -11
  -4   -3  -16   -7   13  -13   -1    0
 -16    0   43  -14    1   25   30   11
  72  -12   18   -5  -22   16    2  -14
  15  -17   26    1   -4  -15    4  -20
  35  -18  -12   -2   72    7    1  -13
 -10   -3    0   -4   -9  -29    4    7
 -30  -12    9  -10  -24   26   -5    5
  -7   13  -24   -3   -7  -15  -44  -13
  -4    8   -7   -3    3  -13  -13  -13
 -29   10   38  -14   13   26   10    5
  69  -22   36  -21  -20    4    2    0
  22  -14   27   -6    6   -2   -5  -36
  19   -3   -5   -5   76   -7   -4   -6
  24    0   -4   25  -17  -16   -8  -14
 -24  -27    6  -14   -6    4    6    1
  11   11  -21    0  -12  -28  -26  -13
  -4   -2   14   -9   -5  -13  -15   -6
 -25   13   41  -23   -6   16   32   10
  83    1   29  -18   -9   23   -7   -1
  13  -24   15  -15   12  -13  -17  -34
  30   -5   -3    1   52    0    4   -8
   4   -7   -9   33  -21  -21  -10  -10
 -32  -13   17  -16   -4   10   -1    3
 -15   20  -17    1    0   -5  -35  -10
  -5    0    3  -20    6  -13  -18   10
 -25   -6   51  -37  -20   36   15    6
  57  -14   23    0    4   15    9  -12
   7  -42   23   -4    0   15  -17  -37
  37  -25  -22    9   59   12   -3   10
   0    6    8   35  -16  -17  -12    5
 -20  -11   14    0  -24    6  -15    8
 -10    6  -19  -10   17   -7  -39  -25
  -4   -1    8   -4   11  -14  -14   17
 -12    0   33  -22  -10   13   33    6
  61  -15   10  -10  -12    6    1  -41
   4  -38   -1  -12  -14   26  -56  -32
  48  -39    6    8   20   11  -18   -2
   7   22   -6   26  -10  -20  -10   36
 -19  -21   22   43   -2    7  -15   -2
 -13    1  -11    0   19    1  -24  -10
  26   31   20  -26    8   -1  -17   15
 -12    8   15  -37  -12   39   20    2
  63   21   -6  -14  -15   23   -4  -16
 -12  -31  -10  -13  -13    9  -69  -29
  44  -31   17   -4   -1   17  -14  -16
   3   32   14    5  -19  -12  -14   38
  -9   -7    6   -3   -4   -7   19  -11
  -8   16  -17   -7    0    0    2   -6
  21   51   19  -53   -3    4  -23   -8
 -23    0    6  -42   -5   61    6  -11
  30   19    2   -4    3   19    2    0
  14    3   -6   -7  -15   10  -49  -26
   1  -24  -10   15   41   12   -6  -13
  -5    0   29   55  -20   -9   -9    2
 -14  -24    7   -1  -16    0    5    0
   8    2  -34   -4  -20  -16   26  -13
  23   25   33  -52  -15    1  -27  -11
 -26   -4   14  -23  -18   46   -4   -6
  22   12    2    4   42   12   13    6
   7   26    0   -7  -20    3  -55  -46
 -12  -13    1   23   43    5  -11  -15
   7   -7   21   73  -16    2   -6   -4
 -20  -26   14   -7  -16   19    2    5
  15  -10  -22   -2   -3  -28   -5  -10
  14   21   23  -46  -15    5  -20  -14
 -24    5   19  -20   -6   30   -5   -6
  15   10    2   -2   31    8    2   15
   8   47    8    2  -18    4  -53  -43
 -14   -7   -6   29   41   -2   -9  -27
  -1   -2   15   84  -12   -1   -5  -16
 -15  -28   18   -3   -4    8   26   10
  12   -9  -30   -4  -15  -38    6  -18
   0   16  -12  -34   -6   -9  -23   -8
 -22   -3   18  -20    7   45    7   -1
  53   -1   29  -20   16    7    3    9
  21   10   18    0   18    7  -13  -24
   0   13  -18    1   87   -7   -3  -18
  13  -23   11   34  -23  -17   -7  -11
  -1  -24   -8   -1  -19  -16   14    0
  12    9  -18    0  -31  -42   -2  -17
 -10    4   -1  -19    7   -6  -22  -12
 -27    4   35  -21    5   34    5   -3
  41   -7   17  -20   14   11    9    1
  16    7   42   17  -10   -1   10  -27
  19    3  -14    1   95   -7    2    1
  19  -21    4   26  -26   -7   -8   -3
 -22  -34   -2  -18  -18    2    6    8
   9    2  -28   -8  -11  -31  -33  -18
  -3   -1   -2   -9    8   -4    2   -1
 -20   12    9  -15   -8   35   15    5
  43  -12   15   -9  -17    3   -6   -6
  46  -21   27   -9    1  -18   17  -21
  19  -16  -29    3   89    7   12  -13
  32  -15   10   -7  -18  -22   -8    3
 -24  -19   -1    2  -23   17    4    1
  -2    9  -17   -4    8  -16  -48  -12
   6    6  -11   -6   10   -1    0    6
 -27    6   34  -16   -4   17   20   11
  38    1   15   -9  -17   17   -4    0
  34  -25   44   -8  -10  -18   16  -18
  22  -22  -19   -6   80   -1    2   -8
  15  -13   22  -20  -22  -34   -5   -4
 -26  -19   -5  -16  -18   37    3    9
   1   13  -11   -8   -2  -14  -48  -16
   1    4   -9  -11    7   -7   -9    0
  -6    8   12  -32   -3   41   29   10
  60    3   29   -5  -26    9  -15  -10
  32  -18   30  -12    7  -16   -2  -24
  30  -33  -17   -5   67   -8   18   -9
  21   -9    8    1  -13  -33   -5    3
 -23  -18   -2    6  -19   17   -9   12
 -15   12  -20    1    2   -2  -51   -9
   2    2   18  -23    4  -22   -9   15
 -25   16   30  -30  -14   27   15    3
  55  -20   11  -17    3   15    8  -20
  13  -34    1   -2   -2   26  -49  -35
  55  -27    1    0   22    7  -25    6
  13   13    4   37  -12  -15  -17   11
 -20  -14   30   40  -16    4  -28    0
 -10   -4  -21    5   16  -13  -20  -12
   2   16    9  -11    9  -12  -27   18
 -15    9   23  -28   -2    7   38    2
  70    0   -6  -13  -13   18    6  -35
   4  -14  -12   -2  -13   11  -62  -30
  51  -38    9    7   -7   20  -23    2
   6   24  -12   12  -23  -17  -14   29
  -7   -5   17   38   16    2  -18  -10
 -14   11  -13   -1   10  -10  -11   -6
  39   41   18  -45   10    0  -25   17
 -19    0   22  -47  -12   39   19   -2
  40   20   -4  -14  -22   27    3   -8
   3  -22  -14  -13  -14   20  -70  -24
  21  -30    5   -5    4   17  -11   -3
   0   37   13    5  -26  -14  -18   19
   0  -16   19    5   -7    6    8  -19
  -1   20  -18   -6    1   -3    9    0
  29   52   13  -40   -5   -5  -22   -2
  -7   -1   12  -36   -7   57   15    2
  33   20   -3  -17    0   22    0   -9
  18    5   -4   -9   -4    8  -62  -35
   2  -14    8   14   38   13   -4  -13
  -1   -1   21   42  -19   -7  -11    9
 -21  -33    5   -8  -22    2    0   -2
   7    3  -28   -1  -25  -25   26   -4
  23   30   27  -55  -16    5  -13  -10
 -25   -3   11  -26  -14   37  -12  -18
  19    5    8    1   40   16   10    5
  14   36   -6   -2   -8   15  -48  -45
  -6   -8   -6   22   29   -3   -6  -16
   0    0   15   84  -24    3   -6   -9
  -7  -25   17  -11  -12    1   15    4
  15   -9  -25   -7  -16  -34    7   -3
  13   28    9  -48  -16    7  -24   -7
 -25   -2   23  -18   -7   27   -6   -2
  23   -1   20    2   38   16   16    8
  15   42   -8   -5  -18    4  -46  -46
 -14   -3    0   22   42   -2   -9  -19
  11  -15   11   80  -18    3   -9   -4
  -9  -22   13  -25  -12    5   13   12
  11   -7  -27  -21  -18  -33   16  -13
  23   27   11  -49  -14   -2  -23  -13
 -36   -9    6  -11  -11   46   -1   -6
  16    1    8   -4   41    9   10   10
  11   46    6    3   -6    6  -49  -46
 -18   -1   -5   28   48   -7   -2  -21
  10  -11   11   70  -20    4   -4  -16
 -11  -23    9   -8  -17    8   12   11
  18   -4  -31    2   -9  -35    2  -14
   4   21    0  -21    5    2  -21    1
 -32   11   49  -30  -12   26   -9   -1
  33  -12   12  -18   16    5   12   -7
   1   26   22    7  -10    0   -4  -24
   9  -17   -5    4   95    6    0  -16
   7  -17   16   36  -21  -21   -3   -4
 -12  -28  -11   10  -16    4    0   -2
  27    3  -26   -6  -16  -36  -18  -20
 -12    0    7  -18    0  -18  -24  -18
 -16    9   23   -9    0   30    1    6
  58  -17   35  -25    4    0   -2   26
  14    1   39   -1    4   -1   -7  -34
   4    3  -10    0   82   -6    2  -10
  36  -11   -1   32  -26  -12   -7   -9
 -12  -31    1   -4  -21   -3   25   16
  10   -3  -32    2  -14  -28  -26  -15
   1    0   -6  -14   12    0  -10    0
 -24   12   43  -11   -2   13   13   -1
  43  -17   19   -5   -8    8    7    1
  20   -7   35   11  -17  -10   21  -25
  10    2  -19   -3  100   -6    2   -8
  15  -10    6    7  -26  -30   -4   -4
 -10  -27   -8  -13  -12   20    4    3
   5   13  -18  -14  -16  -40  -39  -10
   2    3  -23   -2   11   -5   -3    7
  -4   -7   50  -13   -8    7   19    4
  41  -12   18   -5  -28    8   -4   -2
  26  -35   33  -11  -17  -14   12   -8
  24  -17  -21   -1   92    0    8   -4
  13   -2   10   -5  -29  -30    6   -4
 -38  -20   -5  -10  -15   28    7    9
   6    9  -18   -1   -7  -14  -36   -9
   6   -4  -14    5   11   -2   -8   -1
 -12    3   19   -4   -9   30   31    6
  45  -13   19  -10  -23    7    1   -3
  40  -22   22  -16    0  -21   18  -20
  13  -17  -18   -8   88   -8    6   -4
  25  -15   18  -17  -14  -27   -1   -5
 -30  -12  -13   -3  -25   16    0    9
   1   14  -12    1    4  -23  -48   -4
  21   47   15  -35    3    2  -10   16
 -18   -6   20  -52   -7   40   24    1
  54   19    0  -14  -13   23    0   -4
  12  -27    0  -13   -8    3  -59  -32
  28  -33    0   -5   17   23  -18   -3
  -8   24   23    9  -26  -28   -6    0
 -11   -5   23   -6  -17    0    6   -9
  -4   14  -19   -1    0   -2   13  -15
  28   60   19  -45   -6   10  -21    0
 -12    2   17  -45   -7   44   15    2
  32   16    2  -17    0   20   -4    0
   4   -9   -3  -17  -21    3  -80  -25
   3  -14    7   12   15   10  -11  -10
 -12   21   28   21  -20   -2   -9    9
 -22  -21   15   -9  -16   15   18   -3
   1    8  -10   -4  -10  -19   27  -14
  41   40   24  -49   -5   -1  -11    0
 -16    9   11  -41  -17   46    3  -13
  29   10    4  -10    5   10   20    3
   0   -3   -1  -12  -16    9  -74  -35
   4  -20  -10   12   26    9   -6  -15
   0   30   29   49  -12    0  -10    2
 -10  -29   16  -12  -12    7   14   -3
   9   -4  -21   -7   -9  -26   26  -15
  28   38   25  -48  -15    0  -22   -9
 -29   -2   15  -28   -9   32   -9  -12
   9   11    7   -1   31   11   10    1
   7   34   -4   -3  -14    9  -52  -34
 -14  -14   -2   30   37    2   -1  -12
   0    2    9   79  -13   -8   -9   -1
 -20  -29   12  -11  -22   19   18   10
  13   -4  -29   -3  -17  -30   15  -12
  24   38   25  -48   -9    5  -29   -5
 -25   -1   24  -26  -11   31   -9  -13
  24    4   -3  -10   28    9    9   16
   9   31   10  -10  -12   12  -56  -51
 -12  -16    6   23   35   -2  -14  -15
  13   10    8   66    0   -5   -4   -2
  -9  -21    7  -21  -24   25   24    0
  15   -6  -26   -3  -11  -39    2   -9
  34   40   22  -45  -16    9  -35  -11
 -39   -4   22  -26   -7   22   -8  -13
  31    0   10   -4   26   15    1    3
   8   52   -6   -2   -8    0  -48  -34
  -2    0   -8   21   34    1  -14  -20
   2   11    5   72  -17   -2   -6   -2
 -15  -25   10  -12  -12   16   14    5
  13  -10  -34   -5  -11  -22    3   -5
  23   16   24  -37  -12    5  -21   -7
 -30   -7   15  -26  -16   21   -1  -13
  17    7   12   -2   32   10    8   12
   7   39    9   -2   -5    7  -46  -49
  -8   -9   -2   17   59   -3  -15  -13
   8    0   10   85  -11    0   -5   -3
 -21  -29   14   -8  -30   12   14    4
  16   -8  -36   -1   -6  -27    0  -16
   7   26    3  -30  -11   -2  -19   -4
 -32    4   34  -21   10   46   -9    5
  38   -8   12  -26   25    3    3   -3
  16    4   17   12    0  -10  -22  -25
  -5  -12   -5   11   83  -12   -1  -21
  22  -29   10   47  -24    0   -3   -6
  -3  -16    9    0  -26    2   11   10
  15    3  -12   -6  -31  -40  -12  -21
  -7    7  -14  -38   -2    4   -3  -14
 -26    7   13  -11    9   56    3   -9
  42  -15   25  -12  -10   -5   12   -1
  18   -4   39   13    3   -4    0  -41
  14   12  -21   -1   92    1   -1   -9
  31  -10    7   21  -23   -8    2   -6
  -3  -32    4    0  -17   -4    6    8
   2    2  -19   -3    0  -21  -47  -17
  -2   11    6   -8    2  -20  -27   -4
 -15    2   60  -21    0   16    9    2
  44  -12   22   -7  -13    9    1   14
  11  -13   10   15    5   -6    2  -27
  14   -8  -11   -9   95   19   -3  -13
   4  -15    1   17  -26  -15  -12    2
  -1  -28  -11    4   -5   -2   15    0
  20   18  -29    0  -37  -38  -18  -24
  -8    3  -22    0   -1   -9   -5  -12
 -15   -2    3  -10   -4   18   12   -2
  38  -16    3  -12   -9    5   -1   -8
  35  -19   36   -5    8  -14   36  -18
  12    8  -39   -6  103    0   11   -2
  26  -13    3   -2  -16  -30    1    0
 -14  -13   -1   12   -3    6    5    9
   3   12   -6   -3   -1  -17  -50  -20
  -2    0  -16   -2   11   -4    3   -1
 -14    5   28   -2   -3    2   16   14
  52  -30   37  -22  -32   -3    8   -7
  26  -12   27  -11   -8  -20   13  -17
  20  -19  -10   -4   88  -13    7  -11
  17  -10    8   -8  -21  -20   -3   -4
 -30  -13   13    2  -10   25    5   14
   1   19  -21    1  -10  -23  -42   -3
  29   47   21  -39   -2    0  -17  -13
 -23    0    3  -52   -1   55   16  -12
  48   20   -7  -11   -4   10   -2    7
  10  -13    0  -14  -13    0  -65  -33
  19  -19    0    8   23   15   -5   -9
  -5   25   27   32  -14  -16   -6   19
 -19  -26   15   -5   -6    4    2   -9
   6    6  -30    1   -2   -7   13   -6
  33   47   26  -33   -6    6  -14   -2
 -19   -9   23  -37  -11   45    2  -10
  30   10    3  -18   16   17   11    9
   3   -6   -4  -12  -26   13  -65  -36
   5  -27   -9   14    8    6  -18   -2
  -6   25   33   53    0   -2   -5    6
 -19  -31   18   -6  -26   21   18  -15
   4    1  -24  -14   -3  -18   10  -12
  31   50   25  -42  -13    8  -13   -3
 -15   -6    7  -46   -5   48    0   -1
  25    3    8  -14    6   18    6   11
   7   -7   -1   -8   -9    1  -67  -40
  10  -30   -8   10   19    5   -7   -7
  -8   19   28   51  -10   -6  -14   -4
 -24  -34   25  -10  -16   18   26  -11
   3    0   -8    1   -2  -17   25   -9
  26   44   19  -46  -12   14  -28  -10
 -32   -1   16  -20  -22   36    0  -11
  21    7    6   -8   23   10    5    2
  15   34   -8  -15   -7    6  -60  -49
 -14  -14    1   24   22    0  -12  -18
   5   20    7   66   -7    5  -11   10
 -10  -34   13  -15  -11   20   20    0
   9    4  -30   -6  -11  -19   15  -11
  28   41   28  -38  -28    7  -18   -1
 -23  -13    9  -38   -6   32   -7  -12
  22    1   -3   -6   15   12    2   11
  16   26   -2   -6  -20    8  -53  -36
  -2  -14   -1   20   30    7   -8  -16
   3    9   11   75  -11   -1   -6   -1
 -24  -33   19  -17   -9   16   32   -2
  18    1  -38   -3  -10  -28   15  -11
  26   30   18  -45  -15   16  -26   -7
 -26   -2   11  -19   -7   46    0  -18
  17    7    5  -13   36    8   10    5
  10   25   10   -9  -14    8  -45  -49
  -6  -15   -7   24   41    3   -2  -23
  20    0   18   76  -18    0   -7   -7
 -13  -24    9  -12  -25   12   13   13
  10   -4  -34   -5  -14  -37    9  -16
  26   37   31  -52  -23    9  -11  -10
 -22  -10   28  -26    0   25   -2  -18
  25    9    8   -1   22   12    2   12
  13   42    5   -5   -6   -1  -53  -48
  -3  -11    6   15   32   -6  -13  -23
  16    3    9   64  -15   -2  -11   -5
 -21  -23   26  -16  -33   27   28    0
   4    0  -25   -4   -5  -31    2  -16
   8   16    7  -32   -2    1  -16   -4
 -14    1   44  -31  -12   26   -2   -6
  41   -7   11  -16   25    8   16    6
   6   18   15    0   -6    7  -27  -24
   0   -3   -4    7   82   -5    5  -22
   1  -13    8   64  -24  -17   -8  -12
 -18  -21    7  -14  -23    0   10    9
   6   13  -32   -1  -36  -35    5  -17
 -13    0   -3   -7    1  -11  -18  -20
 -19   10   33   -7    0   42    0    9
  45  -17   28  -12   18    7   -1    7
  15    3   31    2  -11    4   -9  -40
   8   -7   -5    5   84  -16   -9   -2
  34    0   -1   39  -17  -14   -3  -13
  -3  -37   17   10  -29   -6    9    6
   0    0  -32   -4    3  -33  -39  -29
   3   -1    7  -49    0   -9  -22   -5
 -34    2   41  -18   -3   17    0    5
  53   -8   17  -18   27    2   11    6
   5   21   21    8   -7    4  -20  -28
   3   15    0    1   80  -14   -5  -19
  14  -13   20   48  -14  -18  -10   -7
 -16  -29   -1   -2   -7   14    7   -7
  13    0  -27    0  -17  -38    1  -19
  -3    0  -29    5    0    0   -6   -2
 -19   11   15   -6    2   -3   12   -4
  34  -23    0   -8   -6    0    3    0
  21  -13   19   -1   -6   -8   34   -6
  10    0  -20   -8  122  -12    3   -9
   7  -10    6  -13  -14  -25   -8    1
  -8  -20   -6    4  -16   12   18   11
   3    5  -14    9   -4  -15  -34  -20
  -5    0  -11   -1   15   -9    5   -9
 -16   14    3   -4   -2   46   18    3
  55  -12   24   -4  -32   10   -6   -7
  26  -22   22  -18    3  -18    1  -30
  10  -13  -24    0   83   16   -1   -9
  28    4    0   -6  -22  -24    9    0
 -16  -17    8   12  -17    3    2   13
  -2   12  -27   -1   14   -6  -59  -21
