Shape: torch.Size([1, 144, 64])
Range: [-90, 127]
Mean: -0.0044

量化值陣列:
   5   29  -40    0   -5    3  -29    0
 -10   12   -7   19    5   15  -15  -10
   2  -11    5  -13   20   -1   -7   30
   0   27   30   -7  -16   -3   64  -39
 -33   -9   12  -16  116   -7    7  -21
  -2  -15   10    7  -12  -22   19  -10
  15   -9   10   19  -17    0    7    1
  13  -20    0  -10    9   12  -51  -35
  12   34  -45   -6    0    8  -28    0
  -8    6   -5   24   10    9  -15  -14
   1  -10    0  -20   26    1   -5   34
   0   16   16    0  -24   -7   67  -49
 -23   -9  -10  -13  114    2    8  -21
   0   -9    5    9  -11  -19   23   -8
  15   -6    0   16  -17    1    7   10
  14  -21  -13    0   10   15  -45  -37
   7   33  -37   11    4    0  -37   -1
   0    5  -13   14   -4    8  -17  -28
   0  -13   -2  -15   21    1    1   37
   9   18   14   -1  -19  -14   69  -39
 -21   -5    0  -21  121   -9    0  -15
  -2   -2    0    6  -17  -18   28   -9
  15    2    4   11  -12    2    5    7
  12  -12   -9    1   13    9  -47  -36
  15   27  -40   -4    1    0  -27    1
  -4    6  -20   27    2   12  -20  -18
  -1  -11   -8  -13   23   -1    0   22
   4   24   12    0  -21    0   69  -52
 -28   -5   -4  -18  118   -5    8  -13
  -9   -3   11    4   -8  -18   21   -4
  22   -7    0    6  -25    5    8   11
  10  -13   -1   -3   12   13  -49  -28
   7   26  -47    5   -4   -4  -35   -3
  -3    9  -15   11    0   11  -20  -14
   7  -18   -1  -14   13    7   -7   38
   6   18    3   -8  -16  -11   78  -33
 -24   -2    3  -26  113    1   12  -21
  -9   -5    8    3   -6  -20   18   -2
  22   -2    8   21  -13    3    5    8
   8  -18    1    1    0   16  -51  -33
  11   25  -55   -4    3    0  -30   -2
  -4    5   -6   11   10   10  -11   -6
   2   -6    0  -16    9    1   -3   19
   3   10   21  -11  -20  -14   75  -37
 -25   -6   -2  -19  118    0   10  -16
  -3   -4    4    3   -8  -18   23    0
  18  -13   -1   18  -18   17    7    7
   6  -15    1    1    6   20  -51  -37
   0   29  -54    6    3    3  -30    5
  -1    6   -9    8    2    7   -6  -14
   1  -10    1  -10   17    0  -12   29
  -6    9   15   -2  -16  -14   76  -38
 -18   -7    1  -14  117    1    4  -19
  -5   -4   12   -2   -7  -17   22    0
  17  -10   -2   20  -20   10    9    6
  13  -16   -3   -3    4   15  -52  -37
  16   29  -53    0    1    5  -28    5
  -2    9  -13    3   -1   13  -12  -14
  -1  -13  -10  -10   13   -4   -2   25
  -3   13   20   -7  -15  -10   78  -32
 -24   -5   -9  -18  120    0    5  -19
  -1   -3    8   -3  -16  -12   20   -8
  17  -13    0   18  -20   17   14    8
   9  -21    3   -1    6   16  -49  -28
  12   28  -52    6    0    8  -28   -5
  -6    8   -5    0    6   11  -14  -12
   0  -12   -5   -9    7   -3   -4   24
   7    3   16   -3  -16   -9   82  -30
 -26   -5   -7  -19  118    3    5  -15
  -9   -1   11    0   -8   -5   20   -2
  10  -12  -12   15  -13   26    8    2
   3  -15    6   -8    7   17  -54  -31
  11   32  -56   -6    2   -1  -23    2
  -2   12  -18    3    3    4  -14   -8
   7   -2   -6  -14    3    4   -7   14
   6    8   17   -3   -8  -19   73  -29
 -21  -18   -1  -26  117    0    1  -16
 -12   -5   22  -12   -2  -20   14    2
  13  -14   -5   15  -12   23    8    2
  18  -10   11    1   11   23  -55  -33
  17   32  -53    2    7    1  -22    0
   3    8  -10    3    0   -6   -9   -4
   2   -7    2  -14    8    5   -3   28
   2    1   25   -3  -21  -17   77  -30
 -12   -7  -15  -25  112    5    5  -27
 -12  -11   22   -9  -16   -7   18    0
   5  -13   -9   14  -13   31   13    8
   7  -18    1   -6   12   16  -55  -33
  20   37  -52   -1    0    7  -20    1
   4    4   -9    2    3    7   -9   -5
   1   -9   -6   -8    0    5   -4   13
   6   -7    7   -4   -9  -16   80  -34
 -21  -17   -6  -33  116   10    7  -13
 -15   -7   20  -12  -12  -13    5   -8
  12   -6   -8   17   -6   30    5   -3
  13   -7   11    3    8   20  -55  -33
   5   24  -42   17   19    0  -12   -1
   2   11   -5    3    0    5   -9    1
  12  -30  -16   -7   10   -4    2    7
  10  -12   20  -11  -18  -18   90  -26
 -11   -2  -17   -5  117    3   -8   -6
  -7   -5   11   -7  -13  -16    8    6
   3  -15  -14    4   -2   12    2    8
   1  -15    7   -8   14   22  -57  -27
   4   25  -47   -1   12   -1  -32    4
   0    8  -21   10    7   15  -13  -10
   7  -12   -3   -6    8    3   -2   17
   8   -4   23   -7  -13  -14   79  -31
 -23   -1  -16  -20  119   -6   -7  -14
  -6   -5   15    1  -14   -7   21   -3
  11   -4   -6   10  -14   17    7    3
  10  -10    8   -2    9   16  -57  -35
  18   21  -52    5    4    0  -10    1
   3    9   -9   -2    0   12   -9   -6
  12  -13  -16  -13    5    0   -5   16
   1   -1   16    0  -14  -12   85  -32
 -16   -2  -20  -14  121   -3   -4  -17
 -11   -9   14   -7   -8  -28   20   -1
   2  -12   -8    9   -3   16    7    0
   6   -7    0    2   11   25  -51  -26
  10   25  -51    1    7   -8  -24   -4
   0    5   -9    0    6   13   -4   -1
   4  -20   -9  -13    6   -2   -6   19
  17   -1    9   -3  -16  -17   88  -28
 -17  -11  -14  -24  117   -2    1  -16
  -5   -5   13   -4   -7   -9   16   -3
  11   -6   -6    9   -2   12    5    9
  10   -6    7   -3   11   22  -56  -33
   9   36  -51    1    8    1  -24    0
   2    3   -9    9    6    9  -12  -10
   6  -20   -8   -9    2    5   -2   13
   6   -7   22   -4  -16  -21   82  -31
 -10  -11  -13  -20  119   11   -5   -4
 -20   -9   22  -14   -6  -15   15    3
   1   -7  -15   10   -4   19   11    0
  -1  -15   16   -8    9   18  -54  -20
  10   26  -50   -4   16   -2  -18   -9
   5    7   -9    3   -8    5   -6   -6
   4  -18   -7   -9    2    5  -13    5
   2   -6   16   -5  -19  -20   83  -26
 -18  -17   -9  -26  116    4    8  -16
 -12   -4   21   -6   -7   -9   12   -2
  12    6   -9   15  -10   28   12    2
   2   -5   10    2   10   23  -56  -34
   4   36  -54   -3    5    7  -18   -3
   0    7   -8   -1   -8    3   -5   -8
   6  -10  -19   -4    0    2   -9    9
   9  -10   14   -7  -23  -20   86  -25
 -13  -14  -17  -26  114   12    9   -8
 -14  -10   24  -11  -12  -11   12   -1
  -3    1   -9   13   -8   38   10    5
  -1  -11   17   -1   12   24  -48  -26
   6   30  -57    0   10   -6  -19   -6
   8    0    0    5   -2    2   -7    0
   7  -13  -13   -5    1    3   -4   10
   2  -10   16   -2  -21  -17   90  -26
 -12   -9  -12  -21  115    3    6  -13
 -11  -18   21  -11   -6   -7    8    2
  -3    0  -16    7   -8   30   11    4
   2   -7   15   -5   19   22  -49  -34
   5   30  -53    1    5    1  -11    0
   6    8   -5    3   -5   -4    0    0
   1  -14  -10   -6    1    8  -14    7
   2   -7   17  -10  -17  -13   85  -25
  -7  -17  -18  -27  119    3    3  -19
 -14  -10   16   -7  -13  -13   11   -2
   0   -3  -13    9   -9   28   19    4
  -5   -8   14    7   11   24  -52  -28
   8   28  -53   -4    9    3  -14    0
   1   10   -7    3   -2   -1   -4    0
  10  -16   -9  -12    4    0   -6   11
   3  -13   15  -10  -20  -22   87  -24
 -11  -18  -10  -27  115    9    0  -12
  -4   -8   18   -8   -8  -19   17   -6
  -3    1  -12    8   -2   29   13    8
   0  -13   12   -1   10   28  -55  -24
  13   35  -56    1    6    0  -12   -4
   6    7   -7   -2   -6   -8   -6   -5
   7  -20  -17   -2    3    2   -4   -1
   4   -7   10   -9  -13  -16   85  -29
  -6   -7  -20  -27  118    0    2  -11
 -11  -15   17  -11   -5   -4   11   -1
   2    4  -13    9  -12   35   13    6
   2   -8   15    5   14   18  -51  -27
  11   24  -55   -1    5   -5  -11   -7
   4    9   -5    0   -2    0    2    0
   5  -25  -23   -5    1    1   -8    9
  10  -14   16   -8  -16  -17   90  -23
  -9   -9  -21  -19  113    6    0  -11
 -17  -15   21   -8   -9  -10    8    0
   5    2  -14    4   -4   36    9    5
   6  -12   20    4   12   20  -53  -25
   7   16  -54    4   16   -5   -9    3
   8    7    4    0    3    6    4   -3
  10  -25   -1   -4    1    6   -5   12
  16  -19   23  -10  -11  -20   94  -25
  -4   -7  -20  -22  114   -8   -8  -11
  -7  -12   12    0  -13  -25    5   -5
  -7    3  -11    3   -1   21   18    5
  -8  -13    4   -2    3   15  -55  -24
  16   26  -43   -6   10    3  -11   -1
   8    7  -10    4   -2    2   -6  -10
   4  -21  -13   -7   -7    5   -5    5
   3  -16   22   -8  -12  -16   88  -20
 -15   -8  -19  -24  118    4    9  -16
 -10  -11   18   -8  -15  -17    4   -7
  10    2   -5   15  -18   31   10   10
   9  -14   13   -5    3   20  -54  -22
   4   31  -52    9   15    8   -6    1
   8   13   -6   -3   -7    2   -2    1
   4  -20  -19   -8    0    9  -12    0
   1  -14   22   -2  -14  -14   89  -32
  -6  -18  -12  -17  115    0   -3   -8
 -10  -10   16   -9   -9  -20    7   -6
  -6   -3   -8    6   -8   28   13   10
   4  -10   17   -4    6   19  -55  -29
  10   31  -54   10   15    0   -8   -4
   3    8  -12    3    0   -7   -8    0
   4  -13  -13   -6    0    5   -9    2
   9  -18   16   -6  -15  -18   93  -29
 -10  -12  -20  -29  108    8    2  -11
  -9  -12   16  -10   -3  -18    9   -9
   2   11  -15   12  -10   34   14    5
  -2   -2   13    1    8   28  -56  -28
  18   28  -48    1    8   -2  -14   -4
  10    6   -8   13    0   -5   -2   -4
   7  -18  -22   -1    1   -1   -8    0
   4  -11   12   -6  -19  -18   87  -24
  -9  -11  -18  -31  114    3    6  -12
 -15   -7   18  -11    0  -11    7   -8
  -4    6   -8    9   -7   33   12    8
  -5  -12   14    0   13   24  -60  -27
   8   30  -51    7    8    8  -12   -3
   2    7  -11    1   -3   -3   -4   -3
   5  -21  -17   -7    1    0  -12   -3
   3  -20   15   -4  -22  -15   87  -24
  -9  -14  -20  -13  113    2    0  -22
  -6  -10   19   -7   -5   -8   10   -4
   0   12  -10   13   -9   36   15    7
  -2   -8   14    2   13   26  -56  -27
   9   25  -50    8   13   -4    0    1
   9   14    0    0   -6   -8  -10   -2
   3  -23  -19   -2    4    2   -8   -3
   2  -13   13   -9  -21   -9   83  -26
  -6  -23  -20  -21  109    3  -13  -13
  -8   -7   21  -16    1  -14   18    0
  -1   -2   -8   18   -7   38    3    6
  -5  -12   18    1   30   26  -62  -27
   5   20  -44   12   16   -5  -13   13
   1   13   29    9  -11  -26   -4   -4
   8  -43  -15  -10    6    1   -7   -6
 -10  -21   14   -2  -11    0   81  -25
   6  -14   -1  -12  111   -3  -12   -5
 -10   -7   27   -3    0  -19    4  -12
  -9   -1   -1   28  -17   46   -1   -2
 -11  -19   15    9    0   21  -41  -29
   6   30  -61    0   16    5  -17   -1
   5   11   -1    2   -7   -2   -2    0
   6  -25  -16   -7    9   -1  -10    0
  -7   -8   11  -11  -19  -18   90  -21
 -13   -5  -20  -19  114    1   -4  -12
 -17   -9   18   -6   -4  -14    6    0
   0    5   -9   12   -1   31   10    4
   4   -8   19    9   11   17  -54  -26
  15   24  -61    5    7   -8  -13   -7
   8    3   -3    7   -5   -1    0   -2
   3  -22  -15   -5   -1   -3   -3   -7
   8   -8   16  -14  -10  -10   87  -21
  -6  -14  -14  -18  115    3    6  -10
 -11   -6   10   -7   -3  -14    9  -13
  -1    0   -6    8   -4   32   13    7
   4  -14   21    4    9   26  -58  -29
   0   22  -47    6   14    2  -13   -4
   8   11    2    5   -5   -7    0    0
  10  -18  -14   -7    1    2   -6    5
   1  -15   18   -3  -17  -20   90  -20
  -8   -5  -23  -22  112   -3    5   -9
 -10   -9   16  -13  -10  -16    6  -13
  -6    2   -6   12   -4   35   15    3
   0  -11   11    4   12   27  -58  -33
  15   27  -60    2    7    3  -14  -11
  12   10   -3    4    1   -6   -2   -4
   3  -16  -13   -9    3    3  -13    3
   8  -13   22   -5  -20  -20   90  -17
  -9   -6  -15  -19  113    4   -2   -9
 -22   -8   21  -10   -7  -16    4   -5
  -4    3  -12    7   -7   41   12    3
  -4   -5   16   -2    4   21  -50  -28
  -2   10  -40    9   18   -7  -10   -1
  -2    9    3    8   -3   14   -3    1
   8  -34  -10   -3    5    0   -4    6
   3   -7   10   -3  -17  -12   92  -21
 -14    1   -4  -19  122  -11   -1  -12
  -1   -9    7   12  -15  -23    7   -3
   0   -9    0   11   -6    7    5    5
   2  -18   13   -6    9   16  -54  -27
  -6   22  -38    6   16   -5   -9   -5
   0   14    9    8   -5    4   -1    0
   9  -39  -19  -11    3    0   -2   11
  15  -15    8   -3  -13  -11   92  -29
  -5   -7  -15  -13  118   -5    3   -6
  -5   -4    5    0   -7  -18    5  -10
  -2   -8   -1    8   -8   24    6    7
  -1  -11    6   -5    9   23  -53  -28
   6   16  -48   10    6    2  -17   -5
   5    9   -4    5   -6   -5   -6   -4
   9  -27   -7   -3    2    6   -5    5
  15  -11   20   -8  -13  -14   86  -28
 -10   -8  -11  -21  115    0  -12  -18
 -12  -10   16   -7  -15  -22   15   -7
  -3    1   -9   11   -9   27   15    9
   0   -4   15    8    7   28  -61  -19
  -3   18  -57    3   17   -1   -3   -1
   3    7   -1    4   -1   -5    1   -7
  12  -24  -15   -6    3    2   -7   -2
   1  -10   12   -5  -16  -12   92  -24
  -8  -15  -13  -32  116   -4    5  -20
 -18   -5   11   -8  -10  -10    8   -6
   4   -3   -3   14   -5   28    9    7
  11   -9   17   -1   14   24  -50  -26
  14   23  -53    9   19    4  -16   -2
   6    9   -2    8    0   -7  -10    6
   7  -19  -17   -8    5    3   -8    7
   0  -20   18   -7  -18  -16   91  -23
  -5   -5  -14  -20  117   -4   -7  -16
 -12  -12   10  -10   -2   -8    3   -9
   2   -2  -10   11   -5   30   12    4
   1  -15   11    2    5   26  -52  -23
  11   25  -52    0   17    4   -9   -2
   3    9   -1    3   -8   -5   -9    0
   8  -27  -13    0   -1    2   -6   -5
   6   -9   15   -1  -13  -11   89  -11
 -14  -17  -14  -22  117    4   -1  -13
 -14  -12   19   -6   -8   -8   16   -5
   0   -2  -11   13   -6   25    5    3
  -2  -10   10   -3   17   24  -56  -31
 -19   34  -27   -3   23  -15    2   18
  -2   21   46   17  -22  -17   -9    5
   2  -56   12    0  -11   10   -6    1
 -16  -28   41  -19  -39    3   27  -46
  13  -42    3  -11   56   28  -28   -4
  26   11   21   -3    3  -32   17   -8
  -2   -9   33   78  -25   34  -12  -10
 -19  -24  -14   10   39    5  -40  -10
   5   32   22  -34   26  -14   -9   10
 -15    8   40  -43    4   13   20   11
  59   -7   17   -1  -23   15   -1  -24
  21  -47   32   -1   -8  -19   -6  -23
  79  -15  -13   -4   63    4    1    2
 -19  -12   44   16  -17  -10  -14  -15
 -13   -3  -16   -7  -11   -1  -13    1
 -22    5  -25   -4  -44   -1   -9    0
  -9   26  -27   17   26   -2  -13    3
   0   12   36   13    1  -38    4    6
  34  -41   -5  -12  -18    4   16  -12
  -5  -31   15   23  -21   -4   53  -10
  25  -31   19  -14  103    9  -21   -8
  -2  -18   26  -12  -12  -35    5  -12
 -20   -2   -3   44   -6   39   -6   -7
  -7  -13  -18    0  -24   -3  -18  -14
   8   28  -56    6    4   -4   -7    8
   6   13    4    9   -8   -9   -4    0
   4  -24  -15  -11    7    5   -2    3
   4  -11   25   -3  -19  -12   91  -26
 -12   -5  -16  -18  111   -2   -4  -12
 -18  -10   21   -7   -6  -14   11  -12
  -3   -4  -12   12   -6   34    7    5
   6  -14   15    0   11   19  -56  -29
   3   23  -55   12   10    0  -22    7
   8    8    1    3    6   -7   -1   -1
   3  -28   -3  -10    2   -2   -2   20
  -3   -6   22   -2  -20  -11   87  -26
  -1   -8  -11  -15  117   -2    2  -20
  -8  -10   17   -8   -8  -19    5   -3
  -7  -13  -13   11  -13   31   12    6
   1  -10    6    4    4   21  -51  -28
   6   31  -60    5   18    2  -11    3
   0    6    0    9   -9   -7   -7   -2
   5  -18  -14   -9    0    2   -4    6
 -11  -13   16   -8  -24  -16   85  -19
  -9  -18  -21  -16  113    1   -7  -12
  -9   -9   20  -15   -4  -22   15   -6
   0    2   -5   13   -9   40   14    6
  11  -11   12    4   14   27  -51  -28
  -1   13  -40   13   11    4   -5    0
 -10   22   10   11    2    2    2    3
  15  -28   -6   -6    9    8   -3    0
  21  -17   26  -12   -8  -17   94  -24
 -10   -1  -26  -13  113  -16  -12  -19
   3   -9    6   -8  -14  -16    8  -19
  -8   -6    2   -3   -4   15   13   15
  -6   -6    5   -7    6   17  -54  -28
   2    9  -41    5   19   -5  -11    3
  -3    9    4   -1   -9    3   -6    1
  11  -29  -16   -9    7    0   -6    5
  19  -17   24   -6  -11    0  102  -27
  -9    3   -9   -9  114  -13  -11    0
  -7   -1    9    5   -4  -15   11   -6
  -5   -8   -1   12   -5   18   -4    0
  -3   -7   12   -4    0   15  -59  -24
   5   21  -43   17   16   -5  -13   -2
   0   17    2   10   -5    0    0   -1
  14  -29   -7    0   14    1  -11    8
   4  -13   25   -6   -5  -16   87  -16
  -3    3  -21  -16  118  -23   -3  -17
  -1  -11    7    0   -8  -25   18   -5
  -7   -6   -3    2  -11   18    6    6
   0  -16   17  -14    5   16  -59  -24
   5   15  -45   -1   12   -3   -7   -4
   6   13    9    8   -4    0    0   -8
  11  -34  -18   -7    5    4   -7    1
   8  -11   31   -3  -14   -8   91  -29
  -3  -15  -14  -19  119   -5   -6   -8
  -8   -7   10   -9   -7  -18   17   -3
  -9   -3   -6    7    4   14    9    5
  -9  -11   11    0   13   18  -54  -25
   5   18  -49   10   18    1  -12    3
  -4    9    7   13   -6    1   -9    0
   6  -28  -16   -6    8    2  -15    0
   4  -14   12    0  -20  -13   89  -18
  -7    0  -11  -12  121   -7   -6  -15
 -12   -5   11   -1  -10  -19    6   -5
   7   -3    0   12    2   18    6    2
 -10   -9    8   -6    9   25  -54  -27
 -11   24  -46    9   17    1  -10    3
   0   16    3   -1  -18    1  -12   -1
   4  -38  -17    7    0    8  -10    0
   0  -21   18   -7  -27   -8   80  -28
  -6   -9  -21  -10  112   18  -11   -3
  -7    0   10   -4   -6  -17   11   -3
  11    0    0   25  -12   24    0    1
 -15  -11   22   -3   30   25  -59  -22
 -11   33   10  -42   14    0  -13   -5
  15   11   34   -9   25   32   14   15
  77  -18   -3  -10  -40   17   -3  -20
   6  -36   -3   -4  -45   -4  -47  -56
  28  -30   15   19   18   26  -47   -1
  27    7   18   28  -15  -21   11   21
 -23  -32   14   32    4  -19   -2    6
  -8   -9  -31   -7    8    9    1  -10
   1   42   14  -35    0  -14   -9   -3
   2   14    8  -20   16   -5   21   14
  82   -2    0   -5  -19   18   23  -41
 -23  -46   -3   22    7    8  -39  -15
  65  -22   14    0   46   14  -22    0
   0  -12   24    9  -17  -23  -19   15
 -18  -22   -3    0    3  -10   -8    5
  -1   -9  -35  -13  -43   -3   23    3
   8   42  -17  -40   15   -4   -4  -16
   0   13   -3   -6   14   31   15    1
  46   -1    4   -4  -45    7   -1  -28
  43  -27   12  -13    0   -8   30  -17
  35  -21  -19   -7   92   28   11  -21
  -5  -24   35  -12  -27  -19    3    0
 -15   -9  -29   20   -9   10   -1   20
  -8    3  -12   -6  -45   -4  -25   -8
   3   32  -49    7    7    0   -7   -1
   6    9   -3    2   -9    4    0  -12
   5  -21  -15   -6    9    4  -11    0
  10  -15   18   -2  -14  -17   89  -21
  -8  -12  -19  -14  117    4    0   -7
 -21  -14   16  -13   -4  -10    4   -9
  -6   -3   -3    5   -4   36    9    9
   4   -8   13   -1    7   21  -56  -27
   9   24  -52    1   21    6  -26    2
   3   11   -4   12  -12   -1  -11    3
   8  -20   -5   -7    2    0  -15   13
  -3   -4   30  -11  -14  -12   85  -23
 -11  -17  -22  -21  117   -3   -7   -5
  -6   -1   22   -9   -8  -15   13   -2
   0  -14    1   12  -10   32    9    2
   5  -17   12    3    6   10  -50  -30
   6   26  -50   11   13   -3  -22    2
   1   15   -1    8   -6   -4   -6   -2
   5  -22   -9   -7    0    2  -13   13
  -2  -12   18  -10  -18  -17   84  -24
 -10  -26  -11  -21  114   -4    0   -8
  -2   -4   17   -4   -7  -15   18   -7
  -5  -10    3   15   -7   39    6   10
   9  -15   11   -3   13   22  -57  -28
   2   15  -38   15   14   -5  -21    0
 -12   19   16   -5   -4   14   -9    4
  24  -48    5   -9    9    0   -5    0
   5  -25   20    4  -29   -1   64  -47
 -12  -24  -18   11  109   -7   -9    8
  23   -1   13   29   -6  -33    4  -13
  -4  -10   22   30   -5   16    0    3
 -15  -21   -7   -4   -1   12  -47  -16
  -5   19  -20   11   16    1  -23    6
 -14   15   18   13    2   10  -27   -5
  46  -26    0  -21   22   18   -2    3
  10    3   17    9  -40  -14   49  -53
 -12  -14   11   15   98  -25  -25  -14
  31   -5   21   38   -9  -24   33  -21
 -17  -22   16   17  -28   17   -4   -1
  -3  -25  -10  -10   -1   -5  -27  -20
  -8   16  -22   13   16  -12  -25    1
 -13   17   19   14   -1   -4  -24   -4
  34  -45   -1  -17   22    7    0   -2
  12    6    3   19  -20    4   35  -36
  -7   -9    3    0  109  -28  -10   -5
  34   -8    4   50   -8  -39   30   -5
  -2  -20   23   27  -20    6  -12    1
   6  -25  -18    0   -3  -13  -24  -26
 -14    9  -47   16   15    0  -21    4
  -2   23   17   14   -9   -8   -1   -6
  24  -45   -6  -14   14    0   -7    2
   9  -13   21    3  -14    1   75  -36
   4    2    2   -7  113   -7  -13   -2
   8  -13   17   16    2  -34   -8   -1
  -8   -8   10   27  -10   18  -16    0
  -2  -12   -4   -7   -6    9  -43  -25
 -10   16  -34    7   25    3   -7    5
  -7   17   30    8    0    5   -3   -7
  31  -41    0   -9   -5    7   -4   13
   6   -8   22    4  -33   -5   77  -37
   0  -21  -10    1  105  -24  -17  -24
  23   -6    9   14   -9  -31   34  -12
 -18  -14    9    8    0   13   -6    8
   0  -13   -4   -2    5    7  -59  -13
 -20    7  -36   14   28  -15  -18   -4
  -7   21   15   11   -4    1   -1    3
  14  -42   -1  -17    0   14   -8   -2
  11  -19   16   -8  -29   -1   73  -24
  -5  -15  -13    1  112   -3   -3    0
  24  -12   11    8   -9  -16   10   -2
  -2  -22   13   20   -8   22   -1   10
  -6    0    0  -12   14   15  -56  -33
   6   29   -1  -53   -1  -15  -25   -9
 -14    4   19  -47    0   56    5  -13
  42   -6   27   13  -16   27  -16  -19
  23  -25   39   -3  -17    2    2  -47
  32  -18  -27   -2   75   15  -13    4
   2   -4   45   31  -15   -6   -3    4
   4  -31   -3   14   -1  -20  -13    2
 -23    4  -20    5   -1   10  -39  -14
  10   25  -10  -17   22   -4   -3   13
 -14   15   59  -24   -4    1   26    6
  40  -11   10    0  -15    9    4  -13
  18  -46   44    8  -15   -3   -1  -15
  67  -22  -29   23   83  -21   -6   19
 -15  -25   33   14   -7  -28  -13  -18
 -37  -12   -8   -6  -35   23  -11   11
 -13   -1  -19   -4  -45    2  -10   -7
   4   15  -40   27   19   -5   -5    2
 -14   12   12    1   -4   -3    4    3
   9  -52  -13   -8    0    9    0   -6
  14  -24   32   -1  -15    3   93  -23
   4   -8   -7   -1  114   -3   -8    0
   0  -23    7   -1   -8  -23   -9   -9
 -12   -2   -2   11   -4   22   -8    5
  -5  -11   16   -6   -2   13  -42  -25
   1   13  -41   12   13  -11   -8   -7
   0   10   18   16    3   -6   -2    0
  17  -33   -2   -9    2    4   -1   -5
  14  -14   22   -7  -20  -13   89  -25
  -6  -13   -2   -4  116  -10  -16  -16
  15   -2   11   -1   -5  -28   14  -14
 -10  -16    2   14   -6   15   -7    7
  -2  -12   14    1    7   17  -54  -24
  -6   17  -27   17   27   -3  -19  -10
  -9   24   12   19    3    3   -8    6
  32  -31    4  -13   -3    9   -4    0
   9  -15   16  -12  -22    6   70  -41
  -3   -2    2   -5  115  -13   -8  -10
  11  -11    4   20   -7  -22   28  -20
  -6  -23    0    7  -12   14   -1   -1
   9  -14    0    0    0    0  -51  -26
  -4   11  -39   -2    0   -5  -26    1
 -10   25   23    7    2    1    0   -6
  10  -27    7  -12   14    2   -6   16
  10  -13   23  -27  -10   -6   70  -30
 -10    4  -11  -16  123  -10   -9  -10
  13  -10   17   10   -7  -20   11   -9
   8  -23    3    0  -16   23   10    3
   8  -18    9   -6   -8   17  -51  -20
  -3   35    7   -6  -11   10  -40    2
 -28    9   17    1   -2   33   -5  -10
  33   -8   13    1   43   26   -2   22
  12   17   26   -4  -30   -7   -1  -39
 -18   -6    0   -5   97  -32  -23   -9
   8  -16   17   51  -20  -32    6  -25
 -17   -7   16   -5  -36    4    1   17
  18  -38  -24   16    1   -3  -25  -25
  -8   33   10  -22  -11  -12  -24    2
 -29    5   15   -7    7   24  -14  -12
  26   -8   22   -6   50   12    0   14
   8   27   14   -5  -39   10   -3  -58
 -28    3    2   -6   95  -19  -13  -12
  15   -9   26   49    7  -22    4  -15
 -19   -4   34    2  -29   16    2    7
   2  -32  -24   -1    2   -1  -32  -31
   5   40   18  -20   -9    6  -34    8
 -16    1   20   -7    1   30   -6   -9
  30   -3    9    0   42   19  -13   29
  21   22   22  -10  -36  -12    4  -53
 -28    2    6   11   94   -9  -25  -15
  10  -13   30   48  -19   -3    7  -24
 -11  -11   21  -15  -34    8    3    5
  13  -23  -35  -13   -5   -5  -32  -28
   0   18   -3  -17   -1  -14  -31   -7
 -24   13   19  -12   11   28  -12   -3
  35   -1   14   -6   28   19    0   15
  30   18   34    8  -32    8   36  -43
 -17   -4    5   -8  104  -14  -29  -16
  11  -17   14   41  -28  -21   18  -20
 -11  -12   11  -19   -9    5    1   22
  -2  -19  -25  -14  -20   -2  -41  -15
  -7   19  -13   -1   21  -22  -29    4
 -22   17    1    2    7   22  -19   -5
  49  -22   29  -21   23   21   -8   22
   4    2   30  -17  -41    6   20  -47
  -8   12  -12   25  100  -30  -20  -15
  15   -6    6   38   -5  -38    2  -12
 -15   -8   23    1  -14   12    0    8
  16  -19  -16   -5    1    6  -41  -21
 -15   50   11  -11    7  -12  -11   13
 -11   10   48   -9  -23   -9   -3    4
  38  -35   18   -7    1   17   -6   -3
   7  -33   28   -8  -26   47  -27  -44
  12  -53   19    9   31    0  -55  -11
  63    6   -1   47    6  -47   -1  -10
 -17  -23   43   50  -10   20  -17  -11
  -2  -18  -10   -9   17   -1  -19   -6
  -1   63    9  -27    7    2  -22  -16
   4    9    7  -25    4   31    4    4
  76    0   -5  -11  -13    9   -2  -34
  12  -26    4   23  -19    0  -65  -38
  32  -41   15    9   26   30  -36  -29
  12   13   37   32    3  -26  -11   26
 -27  -16   12   -3   -4    0    3   -5
   3  -22  -38    7  -10    4  -10    7
  16   81   17  -44    1   13  -26   -3
   1   12   -8  -46   12   33    6   -9
  57    7  -11  -10  -19    9    4  -29
  29  -25   -9    8   -6   -3  -47  -20
  43  -13    4    0   51   37   -4  -21
   6  -14   41    4  -12  -27  -32   16
 -10  -21  -13   12    2   -8  -10   -4
   2   -1  -32   -2  -40   -4   20    2
 -20   23   10   -7    9  -18   -3   -1
  -1    3   38   -6   -5  -11   13   18
  86  -26   12   -2   -6   40   24  -17
   9  -44   14   19   -3    7  -22  -28
  50  -41   10   -6   61   -2  -13  -19
  12   -6   -1   30   -6  -31   -1    0
 -26  -10  -10   15    3    2  -13    7
 -15  -19  -35    0  -28  -16   -9  -10
 -15   23  -20   12   37  -11  -13    7
  -8   22   42    5   -3  -16    0   -4
  39  -45    0  -15    8   15    9  -12
   8  -22   23   11  -18    8   52  -22
  11  -15    6   16  102    0  -18   10
  17  -16    9   25   -8  -40   -6  -18
 -21  -17   10   32  -35   16  -22    2
   0  -20  -18  -14  -21   -6  -26  -20
 -10   16  -23    0   21   -1  -22    3
 -15   20   28    6   -5   18    6    3
  20  -39   19  -17   19    9    2   13
  32  -16   29    7  -26  -11   62  -35
  -6    0  -12   10  112   -6   -5  -11
  -3  -21   19   25  -20  -18   -6  -23
  -8  -20    4  -11   -4    1   -4   20
  -6   -5   -7  -22    2   -8  -47  -18
   2   39  -25    2   25   -6  -14   -7
  -5   18   47    4   12   18   -4  -10
  31  -14   33  -15  -19   11  -15   15
  17  -11   53    3  -20   -3   40  -27
 -14  -28  -10   14  109    2  -12  -17
   0  -19   29   12  -23  -30    3  -17
 -19  -24   -6  -10  -28   18   11    7
   4  -10  -24    1   -8   -3  -33  -30
 -10   36   -3    7   13    3  -17   12
 -13   20   42  -31   -4   12   -8   12
  54  -13   35  -14   15    9   11    2
  27  -23   49   -6  -27   -5    4  -44
   9  -18  -17   15   85  -18  -18    0
  15  -15   34   36  -13  -40    0  -19
 -31  -23    0  -19  -18    2    5   11
  -6   10  -20  -16  -22    2  -44   -5
 -15   20   15   -6   -1   -5  -23  -14
 -24   19   41  -46   16   32    5   10
  43  -24   23   -2   22   22   13  -10
  17  -19   36    6  -31    7    2  -49
  25  -15  -16   37   68  -15  -26   10
  13   -7   25   53  -12  -45  -16  -16
 -19  -11    7    1  -15   12   -9   13
 -27  -14  -36  -15    5    3  -38  -21
   2   12   -2    9   15   -4  -26   16
  -6   16   31  -24   -4   16   -2    5
  56  -20   18  -15   29   23   10  -12
  17  -38   27   -4  -30   24    9  -49
  19  -10  -15   19   86  -24  -26    3
  26  -24   12   50  -29  -43    1  -16
 -24  -10    1  -16  -19   16  -19   13
  -3   -2  -19   -8  -10   -1  -16  -14
 -19   26   -3   -3    5  -21   -6   13
 -11   13   48  -18  -27    8    7    4
  18  -38    1   -4   15    5    0  -33
  12  -50   32    6  -30   41   -7  -43
  34  -42   -5   24   46   26  -37   25
  44  -10   15   42   -2  -29   -9  -20
 -26  -16   43   61  -19    1  -25   -3
 -23  -18   -7   -2   13    8  -23  -10
 -27   59   19   15   11  -20  -18   15
  -9    1   32  -10   -3  -15   10    7
  45  -41   -1   -8   12   28   22  -39
  11  -32    4   17  -29   27  -63  -25
  20  -43   17    6    0    9  -43    2
  46    2  -10   40   10  -31  -11   10
 -10  -24   16   55   -1   16  -15  -13
 -12  -24  -35    0   -8   -6   24    0
  12   61   23  -41   -5   15  -30   10
 -15    8   13  -42   -6   40   -4   -8
  32    8    0   -5   27   20    9    4
  38  -14    0    6  -19    9  -50  -42
  11  -26  -12    9   67   -4  -19  -14
  10   -6   44   61  -21  -14   -3   -9
 -11  -25   19  -20  -22   -4   -9  -21
   5   -2  -26   -5  -17    3    5  -12
  -2   59   17  -62  -11    3  -40   -4
 -18    3   32  -26   11   20  -19  -17
  16    7   -4   -2   47   18   -5   20
  36   21   20    5  -28    4  -22  -50
 -20    0   15   11   61  -22  -23  -20
  23   -7   32   68   -5  -10    0  -16
 -23  -21   29   -9  -26    8   12    2
  15  -35  -21   -7  -23  -19    6  -11
  13   32   12  -31  -14  -17  -28   -4
 -16    9   27  -27   -8    9   -7  -11
  36    0   17   -4   50   18   17    6
  11   17   32    0  -18    1    0  -46
 -15    4    2   18   87   -6  -32  -36
  11   -6   23   68  -24  -25   -8  -18
 -26  -22   16  -15  -30   17    6   10
  18  -18  -28   -5  -11  -14  -16  -15
   2   23    0  -31   12   -4   -7  -10
 -10   19   -3  -22   14   50    6   28
  78    5    6    1  -13    5   -1  -16
  39  -32   37   -1  -17   -2    4  -45
  33  -18  -19    9   60   -1  -23   -5
  -1  -17   32   23  -26  -29   -5    8
 -11  -37    1    9   -3   -2  -11    0
 -29    5  -26    0  -15    6  -42   -7
  13   31   -8  -23    3    0  -20    1
 -11   11    8  -36    3   34   32   16
  57  -10   17   -8  -27   16  -13  -19
  49  -41   27  -12    5  -16   17  -10
  60  -25   -8    1   80    3   -8   -4
   8  -17   29    1  -27  -28  -22  -21
 -24    0  -19    7   -1    0  -15    3
 -22    3  -17    1  -32   -3  -10   -2
 -14   19  -20   -5   24  -18    7   -8
 -12   15   38   -3   12   12   26   11
  72  -26    7   -2  -24   26   11  -22
  27  -20   49    8  -25  -13   26  -26
  35   -7  -13    0   81    1  -27  -17
 -10  -20   21    0   -8  -39   16   -9
 -29  -10    2   -4  -14   24   -5    7
  -7  -18  -30  -11  -28   -6  -31   -6
 -13   26  -18   22   15   -9  -19    2
 -24   23   37    4   15   13    1    7
  56  -27   29  -18  -16   15   -3   -3
  21  -26   32  -14  -11    4   30  -42
   5   -2    2    2  102  -14  -27   -5
  21   -5    9   23  -16  -32    4  -33
 -32  -19   17  -10   -4   12   -5   -3
   8   -6  -13   -2  -13    0  -38  -12
 -13   23    9    3    2  -10  -12  -10
 -20   24   37  -18    1    9   27   13
  77   -8   25  -15   -4   33    0   -9
  29  -34   31  -13  -12  -16   -9  -46
  37   -6    1    6   64  -13  -14   -6
   3  -17   10   34  -23  -40   -8  -25
 -36  -16   17   -9    3   18   -8    3
 -22    1  -19  -12  -11    5  -25    2
 -17   22    2  -15   17  -16  -17   12
 -20    4   49  -37  -18   27    8    8
  44  -28   21    8   14   21   18  -12
  16  -53   47   -3  -24   27   -4  -43
  39  -25  -35   27   65    5  -32   25
   0   -4   33   37  -19  -29  -17   -9
 -16   -5   15    4  -19    3  -21    6
 -16  -14  -21  -22   10    3  -31  -17
 -22   23   22    2   14  -11   -7   19
  -5   11   45  -12   -8   -5   31    6
  50  -32    8    0  -12   11   12  -47
   2  -41   21   -7  -34   37  -70  -42
  54  -44    3   24   -1    3  -51    1
  17   11   10   27   -1  -32  -11   12
 -14  -20   24   48   -5   10  -15   -7
 -13  -20  -17   -1   13    7   -1    4
  10   73   31  -36    2   10   -8    7
  -5   19    7  -32   -2   21   13    2
  54   13  -12   -4  -17   23    8  -18
 -10  -29   11   -4  -24    5  -87  -27
  50  -30   11    6  -39    8  -24  -21
   7   14   35    5   -7  -19  -20   25
   0   -1    0   -7    3  -16   21  -18
   1   -5  -29   -8  -14   -1   36   12
   9   89   16  -58   -1    5  -28   -3
 -17    8    6  -48    0   51   -1  -15
  20   20   -6    2    9   24    4   10
  38   -1    5   -2  -28   14  -44  -22
  -8  -27  -13   15   54    9  -13   -9
   3   -7   47   42  -17  -26   -8   -6
  -7  -17   15   -7  -18  -20   -3   -9
  10  -11  -41   -6  -24   -5   30   -4
  15   57   23  -54  -11    0  -40    0
 -20    1   17  -23  -18   38  -15  -14
  11   12   -2   10   62   19   11   18
  24   12    8  -10  -40    2  -40  -52
 -30  -14    5   16   58    6  -23  -13
  18  -12   41   60  -16   -5    2  -13
 -12  -14   32  -10  -21    5  -11    1
  19  -31  -17   -3    5   -6  -11  -10
  -1   55    7  -39  -12    2  -37    2
 -17   10   25  -15   -1   25  -18  -19
   2   11   -2    1   46   18   -3   33
  26   31   17    5  -39    0  -36  -54
 -36  -13    3    9   62   -5  -17  -37
   5   -2   33   71   -3  -11   11  -23
  -7  -18   39   -6   -9   -9   13   10
  18  -32  -26   -6   -4  -16    0  -22
   6   42  -27  -26    3   -9  -33   11
 -14    2   19  -14    7   34    0   -7
  37   -5   19  -18   26   16   -7   17
  21    2   22  -13    4    9   24  -25
 -19   11  -16    5  112  -12  -18  -25
  -5  -26   28   38  -19  -33    6  -19
  -4  -13    1   -2  -24  -17    0    0
  11   -4   -2    0  -24  -15  -16  -26
  -9   25  -16   -3   23   -3  -30    6
 -17   11   36  -15    2   21   -4   -6
  26  -10    3  -14   23   19    0    0
  17   -3   43    6  -37    0   55  -29
   2    0  -11    5  112  -10  -10    7
   3  -25   22   26  -24  -11    1  -11
 -20  -23    7  -18  -20    8   -9   10
   3  -15  -10  -15   -2    0  -47  -26
  -2   22  -15  -16   27  -11    6    2
 -12   22    8  -14  -10   26    7    5
  25  -22   10   -5  -14    8  -10   -3
  62  -28   39  -25  -18  -22   58  -23
  14  -13  -35    8  101    8    4  -14
  17  -23   33   -1  -19  -19   -7   -7
 -13  -11   -5    1  -16   17   -2    4
  -9   -5   -4  -15    8    5  -50  -20
  10   33  -18  -12   20   -5    3    8
 -24   21   37   -9   -2    7   13   11
  29   -3    8   -6  -16   16   -6    2
  48  -32   66  -12  -22  -15   50  -22
  17  -16  -27   -4   89   -4  -15   -6
   8  -27   39  -17  -22  -38    0  -17
 -17   -7  -11  -16   -9   30    2   10
   0   -5   -6  -15  -12    4  -47  -22
   0   33  -10  -12   16   -9   -5  -10
  -1   22    8  -34    1   34   26   13
  53   -3   27   -2  -32   17  -14   -7
  49  -20   52  -12   -7  -19   17  -31
  31  -34  -23   -5   77  -21    7  -12
  19  -25   30    6  -13  -43   -6  -12
 -19  -15  -12   10  -11   12   -9   16
 -25   -4  -22   -4  -10    9  -45   -4
  -9   23   20  -17   11  -23   -4   25
 -19   26   40  -24  -19   12    8    3
  36  -34    9   -8   13   22   16  -18
  20  -42   21    2  -20   38  -52  -42
  57  -32   -4    6   14    0  -55   20
  28    6   23   35  -10  -23  -19  -14
 -16   -8   38   43  -23    6  -35   -9
 -14  -23  -24    2   14   -2  -11    0
 -19   53   24   -8    8   -5  -20   17
  -7   18   27  -19    7  -15   34    2
  60  -10  -11   -1  -15   22   19  -40
   6  -11    6    8  -29    6  -79  -32
  53  -39    2   25  -44   14  -43    9
  12   13    2   15  -13  -28  -17    0
   0    1   16   38   18    2  -16  -18
  -9  -10  -22   -2    0   -6   19   12
  22   87   30  -61    6   11  -19   13
 -11   12   19  -47   -3   18   13   -2
  30   12  -10   -4  -27   27   17   -8
  15  -17    5   -6  -18   20  -87  -20
  25  -26   -5   -3  -31    9  -19    0
   1   15   34    4  -19  -21  -29    4
  11   -9   17    0    0   -2   10  -30
   9    5  -30   -6  -18   -3   43   21
  21   94   11  -42   -6   -5  -27    3
   0    7   13  -32   -3   44    8    1
  23   20  -17  -12    6   27    1   -3
  42    8    7   -4  -17   12  -63  -38
  -7  -12   10   20   47    9  -10  -10
   6  -14   39   33  -14  -27  -13    0
 -16  -29   13  -12  -28   -9  -10  -13
  10  -10  -35   -4  -32  -16   33    5
   8   64   18  -52  -13    0  -24    6
 -19    1   15  -24  -11   32  -24  -30
   8    4    4    5   62   25    6   23
  37   23   -2   -1  -25   15  -31  -51
 -21  -11   -1    1   48   -9  -16  -19
   6   -5   32   71  -28   -8    2  -22
   0  -18   36   -9  -17  -16    4    1
  20  -30  -22   -8   -8  -16    0    0
   5   58    0  -38  -15    8  -40   12
 -20    0   30   -8   -3   22  -17  -15
  15   -3   19    6   50   24   12   19
  36   28   -7   -5  -40    4  -30  -52
 -31   -7    7   15   62   -7  -20  -26
  22  -18   26   69  -18   -6    0  -11
  -4  -14   31  -23  -19   -5    1   11
  13  -27  -25  -28  -10  -14   10  -12
  19   62   -1  -44  -12   -5  -38    2
 -32   -5    5   -5   -8   39  -11  -21
   4   -1    3    0   58   18    4   26
  28   32   12    2  -22    3  -30  -56
 -39   -4    0   12   68  -13   -8  -26
  19  -14   28   57  -16   -4    9  -22
  -3  -11   26   -9  -26    0   -1   12
  26  -21  -25    4    2  -14   -6  -17
   1   48  -12    0   15   13  -34   25
 -25   18   44  -19  -14   10  -20  -10
  19  -17    5  -15   28   13    3    0
   2   12   24    4  -28    0   34  -28
  -9  -16   -1    4  109    3  -12  -17
  14  -25   33   36  -15  -36    9  -16
  -9  -12    0    7  -26    0  -16   -7
  33  -13  -12  -13   -9   -5  -28  -23
 -14   21    0   -5   12  -21  -36   -6
  -6   19   21    5    0   18   -7    2
  46  -24   28  -24   13    8  -12   28
  15  -12   42  -12  -19    0   34  -44
 -15   -7   -3    1  105   -8   -8  -10
  29  -15   15   28  -22  -24    4  -18
  -9  -20   15   -2  -29    1   12   21
   8  -24  -19    2   -6    1  -42  -20
   5   17  -21    1   28    7  -16   20
 -15   20   34    0   -6    0    5   -4
  29  -23   11   -4    1   18   -1    1
  19  -17   34    5  -38   -8   65  -27
  -6   -1  -19    0  110  -12  -12   -6
   3  -15   21   15  -22  -41    8  -15
  -7  -13   -1   -8  -13   34   -9    2
  -4    0   -2  -24  -11   -8  -51  -16
   3   25  -24   -8   16   -7    0    4
   0    9   59   -1   -6   -4   16    0
  37  -22   13   -3  -34    8   -5   -4
  35  -39   50  -15  -24  -12   42  -10
  25   -8  -30    8  104   -4   -5   -2
   9  -20   20    1  -35  -33   16  -19
 -36  -10  -11   -9   -6   21   11   10
  12  -12  -18    0  -20    0  -31  -14
  13   17  -26   -1   26   -6   -6   -2
  -5   15   22    3  -10   20   28    5
  33  -23   16   -8  -23   14    0   -2
  50  -27   36  -26   -9  -24   56  -26
   7  -14  -23  -15   97  -15   -2   -2
  11  -26   41  -13  -13  -28    5  -17
 -21   -2  -23   -3  -20   15   -2   14
   0    0   -2   -4    0   -5  -49   -9
   7   92   28  -51   -3   13   -3   12
 -12    7   15  -55    0   24   18   -1
  45   11   -4   -7  -13   21   10    0
  28  -24   21   -8  -14    1  -71  -34
  33  -31   -8    3  -10   19  -30   -1
 -10    8   43    9  -20  -39   -8  -12
  -3    1   21  -10  -13   -8    7  -17
   2   -1  -30    0  -14   -1   42   -1
  14  110   21  -55  -13   19  -24    3
  -4   14   19  -43   -4   29    6    1
  22   14   -4   -9    4   23    0    7
  22   -9   14  -11  -32    5  -90  -25
  -1   -8    8   22    5    2  -20   -8
  -8    5   46   14  -10  -13  -10    0
 -16  -13   21  -14  -19    3   12  -14
   3   -6  -16   -7  -19  -10   42   -3
  27   80   20  -56   -8   -3  -12    9
  -9   21   14  -40  -15   39   -5  -19
  19    9   -2    0   15   15   28   13
  15   -8   14   -8  -30   12  -83  -39
  -4  -20  -15    6   33    4  -13  -13
  11   18   50   40   -1  -14  -10   -9
   0  -22   28  -18  -17  -10    5  -18
  13  -22  -28   -9  -16  -16   34   -5
  11   75   15  -40  -13   -1  -33    7
 -25    6   17  -24   -4   24  -20  -22
  -4   12    7    2   52   20   12   17
  27   20    2    0  -30   11  -42  -37
 -32  -12    5   23   57    0   -9  -10
  12   -7   27   69  -19  -26   -4  -16
 -19  -24   30  -13  -33    4    5    7
  16  -25  -30   -5  -16  -13   16   -6
   3   76   13  -43   -4    1  -44   12
 -21    7   29  -18   -8   23  -20  -23
  15    4   -9  -10   45   17    8   36
  29   15   21   -9  -27   15  -42  -62
 -30  -16   19   12   50   -6  -29  -16
  32    0   24   55    4  -17    5  -18
  -3  -11   23  -20  -35   15   14   -3
  19  -29  -24   -5  -11  -19   -1   -6
  18   79   11  -34  -15   15  -53    5
 -38    4   28  -13   -2   14  -19  -28
  25   -1   13   -3   46   24   -1   17
  29   41   -1    4  -24   -5  -34  -40
 -18    5    1    6   51   -2  -31  -25
  17    3   20   60  -18  -17    1  -17
 -12  -18   27  -10  -22    3    3    2
  17  -37  -35   -9   -9   -2    0    0
  11   44   10  -30   -9    7  -34    8
 -25    0   18  -19  -14   11  -12  -31
   3    5   11    1   55   17    4   23
  22   25   18   -4  -22    6  -26  -61
 -27   -8    5    2   79   -5  -30  -12
  19   -3   26   72  -10   -3    6  -11
 -12  -17   30   -6  -41    0    0    2
  21  -31  -32   -2    3   -5   -6  -19
   5   55   -7  -10   -4    2  -30   18
 -25   11   30   -9   12   34  -18    1
  25  -11   -1  -25   34   10   -6    2
  22  -12   18    8  -17  -15   11  -26
 -25  -14    0   19  103  -18  -13  -26
  24  -35   27   44  -22  -11    7  -15
   0   -3   24    0  -36    1   -2   10
  13  -13    4  -10  -27  -12  -23  -23
  -3   26  -30  -36    9    8   -5   -2
 -17   13   13   -4   11   43   -5  -12
  22  -20   14   -5   -9    2    6   -2
  24  -10   47   -7  -25  -10   38  -47
   0    9  -20   -3  112    1  -12   -5
  19  -11   23   13  -19  -17   20  -13
   7  -21   15    2  -15   -1   -7    9
  -4  -11   -5   -5   14    3  -64  -23
   0   32    3   18   11  -16  -38   14
  -8   12   48   -4    0    2    2    0
  36  -15   15  -13   -4   18   -5   21
  12  -23    4   17   -7   -6   38  -31
   0   -9   -3   -4  115    2  -21  -18
   7  -23   15   27  -28  -38   -5  -13
 -13  -21   -2    8  -10    2    6   -2
  25    6  -21   -1  -42  -12  -26  -27
  -3   22  -40   -9   12  -10   -2   -8
  -4    6    5   -6   -8    9    7   -1
  19  -21   -1  -11   -4   13   -6   -2
  43  -25   41  -16   -4  -19   80  -28
   1    1  -39   -8  106    0    4    2
   3  -13   18    3  -13  -31   15   -7
 -12   -3    2    2    1   16   -3   14
   0    2   12  -10    5    7  -59  -31
  -2   22  -33    0   22   -7    7   -2
  -9   17   34    9   -1   -7   10   16
  39  -42   34  -17  -37    3    6  -10
  28  -18   45  -16  -21  -17   47  -23
  15  -14  -14   -3  104  -22   -7  -12
  11  -23   20   -5  -16  -20    5  -18
 -23    0   12    6   -2   24    4   15
  -2    0  -21   -1  -20   -2  -46   -2
  14   91   23  -44   -4    2  -19  -17
 -17   12   -1  -54    6   41    8  -20
  41   17  -21   -3    3   12    2   19
  33  -12   18  -10  -27   -1  -70  -37
  17  -17   -1    5   22   10  -10   -6
   0   11   47   24   -5  -35   -4    9
 -13  -21   23   -9   -6  -11   -4  -22
  13   -7  -39    0   -7    0   23    6
  14   88   18  -27   -3    7  -19    8
 -12   -1   29  -35   -6   34   -8  -16
  19    9   -2  -13   34   22   17   21
  24  -15   11   -8  -44   21  -64  -38
  -5  -29   -8   12   10    0  -34   10
   6   13   57   45    7  -12    1   -7
 -12  -26   31   -9  -35   12    4  -30
   2  -16  -30  -25   -5   -4   13   -4
  16   93   18  -48  -15   14  -19    5
  -9    4    7  -49    0   36  -11   -6
  11    2    4  -12   22   22   12   26
  31  -16   15   -2  -27    4  -67  -49
   0  -33   -3    5   28    0  -16    0
   3    7   49   43   -4  -18  -15  -18
 -18  -33   37  -12  -22    8   15  -23
   0  -18   -9   -2   -4   -5   31   -2
   3   87    8  -42   -9   18  -42    1
 -31    7   21   -9  -21   29  -10  -17
  13    7    6   -6   41   17    7   17
  45   25    0  -12  -21    2  -56  -59
 -32  -12   10   12   36   -4  -25  -18
  23    9   22   55   -2   -3   -9   -5
  -2  -31   30  -15  -17    6   10   -7
  10  -13  -36   -8  -14   -2   17   -6
  12   79   23  -33  -35   10  -27   13
 -18   -4    9  -40    0   23  -19  -23
  11    0  -11   -2   33   19    4   28
  45   18   10    0  -37   11  -46  -40
 -15  -11    5   11   46    5  -18  -14
  20    0   27   63  -11  -13   -1  -13
 -19  -30   34  -19  -15    0   20  -11
  26  -16  -46   -5   -9  -16   16   -4
  19   64    7  -40  -14   21  -40    8
 -21    3   11  -12   -3   38  -10  -33
   4    6    0  -11   55   16    6   19
  27   13   20  -12  -34   10  -28  -60
 -23  -17   -3   13   57    3   -9  -28
  37   -3   36   63  -18   -8    2  -17
  -4  -13   26  -13  -35    0    0   12
  10  -21  -33   -8   -7  -17    4  -17
  15   71   20  -47  -25    9  -23    4
 -17   -3   32  -16    7   16  -12  -30
  15    9    6    1   45   21   -2   26
  35   37   13   -3  -30    1  -37  -57
 -20  -11   17    5   47  -13  -27  -28
  35   -6   24   51  -17  -15   -6  -20
 -15  -13   47  -16  -46   22   16   -6
  -1  -27  -23   -4    1  -12   -4  -16
   8   36    2  -13    4   10  -26   14
  -7    9   40  -19  -12   14  -12  -13
  29  -10    0  -16   39   16   12   12
  15    6   14    3  -24   15   -1  -26
 -16   -4    3   18  104  -11   -3  -30
   7  -21   23   64  -25  -39   -3  -25
 -24  -11   20  -13  -35    0   -1    5
   0    0  -26   -4  -39  -12    0  -14
 -18   21  -15   17   12  -11  -27   -4
  -8   17   35    9    1   27  -11    0
  25  -23   18   -6   31   16  -12    9
  18  -12   34  -11  -38    3   30  -47
 -11  -17    0    7   96  -21  -27    1
  35   -3   15   34   -7  -27   14  -20
   1  -23   34   14  -37    0   -7    5
 -11  -18  -15   -9   17    0  -53  -35
   1   16   -2  -39    9   -2  -36   16
 -29   11   33   -4   -2    4  -10   -4
  45  -12    6  -18   42   10    4   14
  12    2   20    8  -31    7   14  -34
 -16   18    9   -2  101  -23  -20  -25
  23  -20   40   45   -7  -37   -1  -18
 -17  -17   10    1  -16   20   -7  -11
  11  -19  -15   -4  -12  -10   -5  -22
   2   17  -47    8   10    6   -8    5
  -9   20   11    4   -1  -12    6   -8
  20  -29   -5  -11    4    7   -4   -1
  19  -20   19   -5  -18   -5   76  -10
  -2   -9  -18  -11  127  -19   -9   -9
  -8  -13   17   -7   -7  -26   -1   -6
  -9   -8   -1    1  -16   23    7   14
  -2   -8    2   10    3   11  -42  -28
  -3   23  -24  -10   31  -14    9  -15
 -10   22    3    1    0   37    9    1
  37  -22   14    2  -33   19   -8   -5
  36  -26   41  -33  -18  -26   28  -40
   2  -16  -29    1   92   20  -19   -9
  17    0   18   -4  -18  -30   32  -10
  -4   -8    5   13   -7    5   -1   17
  -3   -3  -24   -8   17   13  -62  -23
