Shape: torch.Size([1, 144, 64])
Range: [-87, 126]
Mean: 0.0954

量化值陣列:
   2   32  -42  -13    2    2  -28   -2
 -18   17  -13   16    8    6  -14   -5
   4  -25    5  -16   27    0   -9   33
   0   26   14   -8  -17    5   68  -28
 -32    0   18  -13  118   -2   13  -29
  -5  -15    4   17   -9  -16   16  -10
   5  -11   16    9  -13   -4    1    1
  15  -19    5   -6   15   19  -43  -42
   9   36  -47  -21    6    8  -26   -3
 -16    9  -12   23   13   -1  -13   -9
   3  -21   -1  -25   33    2   -7   36
   0   16   -2    1  -25    0   71  -36
 -23    1   -6  -10  114    7   13  -29
  -3  -10   -2   20   -8  -13   20   -9
   4   -6    3    5  -13   -3    1   12
  16  -20  -10    1   15   22  -38  -44
   4   35  -39   -3   10    0  -34   -5
  -3    8  -19   11   -1   -2  -16  -20
   1  -25   -3  -18   28    3   -1   38
   7   19   -2   -1  -20   -8   72  -28
 -21    4    5  -18  122   -3    4  -24
  -5   -3   -6   16  -14  -12   24   -9
   4    1    9   -1   -9   -1   -1    8
  13   -9   -5    3   20   15  -40  -42
  11   29  -42  -16    7   -1  -26   -2
 -11    9  -25   25    5    3  -20  -12
   0  -24   -9  -16   29   -2   -3   26
   4   25   -2    0  -22    9   71  -38
 -28    3    0  -15  120    0   14  -21
 -11   -4    8   13   -5  -12   17   -4
  12  -11    3   -6  -20    2    3   12
  11  -11    2    0   18   19  -42  -34
   4   27  -50   -7    3   -5  -33   -7
 -10   13  -20    8    3    0  -20   -8
   8  -31   -1  -18   20   12   -8   39
   6   19  -12   -9  -17   -3   80  -24
 -24    7    8  -23  114    6   18  -29
 -10   -6    4   12   -4  -14   14   -2
  10   -7   13   10   -9    1    0    9
   9  -16    6    3    3   24  -43  -40
   7   24  -59  -16    9   -1  -28   -6
 -11    7  -12   14   13    0   -9   -3
   3  -17    2  -21   15    3   -6   23
   2   13    5  -13  -21   -7   77  -27
 -25    3    1  -16  119    5   15  -22
  -4   -5   -6   12   -6  -12   19    1
   8  -15    2    9  -14    9    2   12
   7  -13    5    3    7   28  -43  -44
  -1   29  -58   -5    9    2  -29    2
  -7    8  -14   12    4   -3   -3   -9
   3  -23    3  -12   24    0  -14   32
  -6   11    0   -2  -17   -7   79  -28
 -18    2    5  -11  118    4    9  -26
  -6   -6    6    4   -5  -11   18    1
   7  -12    1   14  -16    3    5   11
  14  -15    0    0    5   22  -45  -44
  13   28  -57  -11    7    5  -27    2
  -8   13  -16    5    1    6  -11   -9
   1  -28  -10  -12   19   -7   -5   29
  -3   14    7   -8  -15   -3   81  -23
 -24    4   -6  -16  121    3    9  -24
  -2   -4   -1    3  -13   -7   17   -8
   8  -16    3    9  -15    8   13   14
  10  -20    8    0    7   24  -42  -34
   8   27  -55   -3    6    8  -27   -9
 -13   11   -8    4    9    5  -13   -8
   2  -26   -4  -11   13   -4   -6   28
   7    4    3   -4  -17   -2   84  -22
 -27    4   -4  -17  119    6   10  -19
  -9   -3    3    7   -6   -1   16   -2
   1  -14  -10    5  -10   15    4    7
   4  -13   12   -5    6   25  -46  -38
   8   28  -61  -16    8   -3  -23    0
  -8   17  -22    8    6   -2  -12   -4
   8  -14   -5  -17    9    7   -9   20
   5   11    6   -3   -8  -14   77  -21
 -21   -8    2  -23  118    1    5  -19
 -10   -7   14   -7   -1  -14   11    3
   4  -18   -3    3   -9   10    5    7
  19   -7   16    2   12   32  -47  -40
  13   31  -57   -8   12    0  -22   -3
   0   11  -13    8    1  -18   -7   -1
   3  -22    5  -17   14    9   -6   31
   2    3   10   -3  -23  -12   80  -22
 -12    2  -12  -22  113    7   10  -30
 -10  -12   14   -4  -13   -2   15    0
  -1  -15   -8    7  -10   17    9   13
   7  -17    5   -3   12   24  -47  -40
  17   32  -57   -8    5    7  -20   -2
   2    6  -12    7    6    5   -6   -1
   3  -22   -5  -10    6    7   -6   20
   6   -2    0   -4   -9  -11   84  -25
 -22   -7   -3  -30  117    8   12  -16
 -11   -8    9   -8  -10   -9    3   -9
   2  -12   -5    6   -3   14    5    1
  14   -4   17    5    4   29  -47  -41
   2   20  -45    7   22   -1  -13   -5
   0   16  -12    8    2   -2   -6    3
  12  -41  -17  -15   16   -7   -1   14
   4   -4   10  -13  -19  -13   91  -19
 -11    6  -14   -3  116    5   -6  -10
  -4   -7    4   -2  -11  -11    5    7
  -2  -16  -13   -2    0    2   -7   13
   2  -14   12   -6   10   31  -48  -33
   0   25  -50  -11   16   -3  -31    1
  -3   10  -26   15    9    9  -11   -6
   8  -22   -1   -8   14    4   -5   22
   5   -1   11   -8  -14   -8   80  -22
 -23    7  -13  -18  120   -4   -5  -19
  -7   -7    7    8  -12   -2   17   -3
   2   -7   -4    1  -11    8    4    8
  11   -8   13    0   11   22  -48  -42
  14   20  -55   -3   10   -1  -11   -2
   0   12  -12    2    2    8   -7   -3
  12  -24  -17  -20   11    0   -7   21
   0    5    5    0  -15   -5   86  -23
 -16    6  -18  -12  122   -2   -1  -20
  -9  -10    7   -2   -6  -22   16   -1
  -6  -14   -6    0   -1    6    2    5
   6   -5    4    4   10   34  -43  -32
   6   24  -53   -8   12  -10  -23   -8
  -4    7  -12    5    8    6   -1    1
   5  -33   -8  -20   11   -3   -8   24
  15    4   -2   -4  -17  -11   88  -20
 -17   -1  -11  -21  117   -1    4  -20
  -4   -7    6    2   -4   -4   12   -3
   0  -11   -4   -2    0    4    0   14
  11   -3   12   -1    8   30  -47  -39
   6   34  -55   -5   13    0  -24   -4
  -1    4  -12   14    8    7  -10   -6
   7  -33   -8  -13    8    6   -5   19
   5    0   14   -5  -18  -16   85  -22
 -11   -1  -10  -17  119   10   -3   -8
 -17  -11   13  -10   -4  -10   12    4
  -4  -11  -14    2   -1    4    9    5
  -1  -13   22   -6    5   26  -46  -26
   7   23  -55  -13   20   -3  -18  -14
   3   10  -12    9   -5    0   -2   -3
   6  -34   -7  -11    8    6  -14   13
   2    0    5   -6  -21  -15   86  -19
 -18   -6   -6  -23  115    5   14  -19
  -9   -5   13    0   -5   -5    9   -1
   3    2   -7    6   -7   15    9    8
   3   -2   16    3    6   33  -48  -42
   1   33  -59  -10   10    6  -19   -7
  -4   10  -11    3   -5    0   -2   -4
   7  -23  -21   -5    4    0  -11   16
   9   -1    4   -8  -24  -16   90  -18
 -13   -3  -14  -24  115   12   14  -11
 -11  -11   16   -6  -10   -6    9   -1
 -10   -2   -7    7   -5   23    6   11
   0  -10   24    0    8   33  -42  -33
   3   26  -61   -7   15   -7  -19  -10
   7   -1    0   11    0   -4   -4    2
   8  -26  -13  -10    7    2   -6   17
   2   -1    7   -3  -22  -11   92  -18
 -13    0   -9  -18  115    2   11  -16
  -8  -18   14   -6   -4   -3    5    3
 -13   -5  -15   -3   -5   16    8    9
   2   -5   21   -3   15   31  -42  -42
   2   29  -57   -7   10    0  -12   -4
   4   12   -7    9   -2  -14    3    2
   2  -28  -10  -10    7   11  -15   14
   1    1    5  -12  -18   -7   87  -17
  -7   -7  -15  -24  120    5    7  -22
 -11  -11    9   -2  -11   -8    8   -2
  -5   -6  -12    1   -6   16   15    9
  -4   -6   19    8    7   33  -44  -34
   4   25  -56  -13   14    2  -15   -4
  -2   15  -10    8    0  -10   -1    2
  11  -29   -8  -18   10   -3   -8   17
   3   -5    3  -12  -21  -17   89  -17
 -12   -7   -6  -24  115   11    2  -15
  -1  -10    9   -3   -6  -14   14   -7
  -9    0  -10    0    0   14    8   13
   0  -11   17    0    5   39  -46  -31
  10   33  -61   -6   11   -1  -13   -8
   4    9  -10    2   -3  -19   -3   -2
   8  -35  -19   -5    8    1   -6    7
   3    1    0  -11  -14  -11   88  -21
  -6    1  -18  -24  119    1    6  -14
  -8  -16    9   -6   -3    0    8    0
  -4    0  -12    0   -8   22    9   11
   2   -6   21    6   10   25  -44  -34
   7   22  -59   -8   10   -7  -12  -11
   1   13   -8    5    0   -6    7    1
   6  -39  -26   -9    6    0  -10   16
   8   -6    6  -10  -18  -12   91  -16
  -9    0  -19  -17  114    6    3  -14
 -14  -15   15   -3   -7   -5    5    0
   0    0  -13   -4   -2   24    4   10
   6  -10   26    5    8   28  -45  -31
   4   15  -57   -4   20   -6  -10    0
   7   10    0    5    5   -2   10    0
  11  -35    0  -11    6    7   -7   18
  10  -11    9  -12  -12  -15   94  -18
  -5    1  -17  -19  115   -5   -6  -14
  -6  -13    3    7  -10  -19    3   -5
 -12    5   -9   -4    0    9   13   10
  -7  -11    9    0   -3   22  -46  -30
  12   23  -46  -14   15    2  -12   -5
   7   10  -13   10    0   -4   -3   -6
   5  -36  -14  -11   -2    7   -7   13
   2   -7   11  -10  -13  -10   90  -14
 -16    1  -16  -21  120    3   14  -19
  -6  -12    9   -2  -13  -12    2   -7
   3    0   -3    5  -14   17    7   15
   9  -12   19   -3    0   29  -46  -28
   1   27  -56    1   19    7   -7   -1
   7   19   -8    0   -5   -3    1    3
   5  -33  -20  -13    6   11  -13    9
   0   -5   11   -2  -15   -8   91  -23
  -6   -7   -9  -15  115    1    0  -11
  -7  -11    7   -4   -7  -15    4   -7
 -12   -5   -6   -3   -5   14    8   15
   4   -8   23   -2    0   28  -46  -35
   7   27  -59    3   19    0   -9   -8
   0   12  -16    8    1  -16   -5    2
   5  -24  -14  -11    5    1  -11   11
   7  -10    7   -7  -16  -13   96  -21
 -10   -2  -17  -26  105    9    6  -14
  -6  -13    7   -6   -1  -12    7  -10
  -4    7  -14    3   -7   20   10   10
  -1    0   20    3    0   39  -48  -35
  14   25  -52   -6   13   -3  -14   -8
  10    9  -11   19    2  -15    1   -1
   8  -32  -25   -3    7   -6  -10    9
   4   -2    1   -7  -20  -12   89  -16
 -10   -1  -15  -28  113    3   11  -15
 -12   -8   11   -6    1   -6    4   -9
 -12    2   -6    0   -4   19    7   14
  -4  -10   20    2    8   34  -50  -33
   4   27  -55   -1   13    7  -13   -8
   0   11  -14    6   -1  -12    0    0
   6  -36  -18  -12    7   -3  -14    6
   2  -12    6   -5  -24   -9   90  -17
  -9   -3  -18  -11  112    3    3  -26
  -3  -11   12   -1   -3   -4    8   -4
  -6   10   -8    8   -6   22   12   12
  -2   -6   21    3    7   37  -48  -34
   6   18  -55    2   18   -5   -2   -2
   8   21    0    5   -4  -17   -8    0
   5  -36  -22   -3   10   -2  -10    5
   0   -5   10  -11  -23   -1   88  -19
  -6  -12  -19  -19  104    5  -11  -17
  -6   -9   12  -13    2  -10   15    0
  -7   -4   -6   15   -4   24   -1   12
  -5  -11   25    2   29   38  -54  -34
   2    9  -47    6   20   -6  -14   11
  -2   19   34   15   -8  -58    0   -1
   9  -58  -16  -12   12    2   -9    3
 -22  -17   11   -3  -11    9   84  -17
   5   -3    2   -9  106    0  -10  -11
 -18   -8   22    3    2  -14    2  -13
 -13    0    2   14  -13   39   -3    3
 -10  -18   21   10    2   29  -36  -36
   3   27  -66   -8   20    4  -17   -5
   2   15   -2    7   -4  -12    1    2
   7  -40  -17  -11   15   -4  -12    8
  -8    0    3  -13  -21  -12   92  -14
 -14    4  -17  -16  112    2   -1  -15
 -13  -10   11   -1   -2   -9    3    0
  -7    1   -7    4    0   20    6    9
   5   -6   25   10    7   24  -46  -32
  11   20  -65   -1   12   -9  -14  -11
   8    4   -5   12   -2  -10    5    0
   4  -37  -16   -9    3  -10   -6    2
   6    0    8  -17  -11   -2   89  -14
  -7   -4  -11  -15  114    3   11  -13
  -8   -7    2   -2   -1   -9    7  -14
  -9   -3   -4    0   -2   20    9   12
   4  -12   28    5    2   35  -49  -35
  -1   18  -51   -2   18    1  -14   -9
   7   16    0   11   -2  -18    5    1
  10  -31  -15  -12    7    0   -9   13
   0   -7    6   -3  -18  -15   92  -14
  -8    3  -21  -19  111   -1   10  -12
  -6  -10    8   -9   -8  -11    4  -14
 -12    2   -4    5   -1   21   10    8
   1   -9   17    6    7   37  -49  -40
  11   24  -65   -5   13    2  -15  -16
  13   15   -4   10    4  -14    1   -1
   4  -30  -14  -13    9    0  -15   12
   8   -5   13   -7  -22  -15   92  -11
 -10    2  -12  -16  113    4    0  -12
 -19   -9   13   -5   -5  -11    2   -5
 -10    1  -11   -1   -4   27    7    8
  -3   -2   23    0   -3   30  -44  -35
  -5    7  -43    0   21   -9  -11   -5
  -8   12    0   13    0    2    0    3
   8  -48   -9   -7   11    0   -6   13
   0   -1    1   -3  -18   -5   92  -14
 -14   10    0  -16  122   -7    1  -19
  -3  -10    2   22  -13  -17    4   -3
  -8   -9    3    3   -3    2    2   10
   2  -16   18   -4    8   22  -45  -33
  -9   21  -40   -2   19   -7  -11  -10
  -5   20    6   13   -3   -6    2    2
   9  -54  -21  -18    8    0   -5   17
   9   -9   -5   -4  -14   -4   92  -21
  -6    2  -12  -11  118    0    6  -11
  -7   -6   -1    7   -5  -13    2  -11
  -7   -6    1    4   -5   16   -1   12
   0  -10   11   -3    8   31  -44  -34
   3   13  -51    0   11    1  -17   -9
   3   13   -9   11   -4  -19   -3   -1
  10  -42   -6   -7    8    8   -8   13
  11   -3    8   -9  -14   -7   88  -20
 -10    1   -8  -18  114    0  -10  -22
  -9  -11    9   -1  -12  -16   12   -8
 -11    1   -6    3   -6   15   11   14
   0   -1   21    9    2   38  -51  -24
  -5   11  -61   -5   21   -2   -4   -4
   0   10   -2    9    0  -18    6   -3
  12  -40  -16  -12    9    2   -9    7
  -1   -1    4   -5  -16   -5   94  -17
  -9   -5  -10  -28  115   -4   10  -23
 -14   -6    3   -3   -8   -5    6   -6
  -5   -6    0    3   -2   17    4   12
  12   -7   24    0    8   33  -43  -32
  11   18  -58    1   22    3  -16   -6
   4   13   -3   13    2  -19   -8    7
   8  -32  -19  -12   11    1  -10   14
  -1  -12   10   -9  -19  -10   93  -16
  -5    4  -10  -17  116   -3   -5  -19
  -9  -13    1   -5   -1   -3    1  -10
  -4   -3   -8    1   -3   16    9    9
   2  -14   16    3   -1   36  -44  -29
   8   21  -56   -7   21    2  -10   -6
   0   13   -3    8   -6  -16   -7    2
   9  -44  -13    0    3    0   -8    4
   3   -1    5   -2  -14   -4   92   -7
 -15   -7  -11  -19  116    6    1  -16
 -11  -13   12    0   -6   -3   13   -5
  -6   -3   -9    7   -3   12    0    8
  -1   -8   16    0   14   33  -48  -38
 -21    0  -29    0   28  -16    2   12
  -6   33   59   26  -19  -49   -5    8
   5  -76   20    3   -5   18   -7   11
 -31  -21   45  -22  -42   12   36  -35
   6  -29    9   -7   28   19  -29   -6
  15   10   15    5    6  -26   16   -8
 -14   -7   47   84  -20   38  -18   -5
 -18  -23  -10   13   58   12  -37  -15
  -5   22   25  -32   28  -16  -10    5
 -27   11   38  -42    6   14   27   10
  53   -9   12   -4  -20   23   -4  -10
  20  -41   28   -2   -9  -14    2  -16
  55   -4  -12   -2   70    3    5   -7
 -16  -13   47   28  -15   -6  -14  -18
 -10   -1  -16  -21   -8   -5  -21    6
 -22    3  -24   -2  -54    0  -12   -2
  -9   -5  -27   12   31   -1  -12    2
  -3   19   47   22    5  -87   12    9
  35  -53   -1  -18  -12    9   13    0
 -26  -23   16   32  -21    2   61   -5
  22  -18   28  -12   92   -8  -19  -12
 -10  -17   21   -6   -8  -28    5  -12
 -31    1    1   13   -2   37   -9    0
  -4   -9  -14    4  -27    0  -18  -18
   5   26  -60   -2   10   -6   -9    5
   4   19    3   14   -6  -22    0    1
   5  -41  -17  -15   13    6   -5   11
   2   -5   16   -4  -20   -5   93  -19
 -13    4  -13  -15  109    0   -2  -15
 -15  -11   12   -1   -4   -9    8  -14
  -8   -3  -11    4   -4   21    2   10
   7  -13   21    2    8   27  -48  -36
   0   19  -59    1   15    0  -21    4
   8   11   -1    8    8  -23    2    1
   4  -45   -1  -17    7   -4   -4   24
  -5    0   10   -2  -21   -3   90  -19
  -2    1   -8  -12  116   -1    6  -22
  -5  -11    8   -2   -6  -13    3   -2
 -15  -13  -11    1   -9   17    8   11
   2   -8   11    6   -2   30  -44  -34
   3   27  -66   -2   22    0  -12    0
  -5    8    0   15   -6  -17   -4    0
   7  -35  -15  -10    6    0   -7   14
 -11   -5   11  -10  -27  -11   89  -13
 -10   -8  -19  -14  111    3   -5  -15
  -6  -10   10  -12   -2  -17   12   -7
  -5    0   -3    7   -6   25   13   11
  12  -10   18    5   10   38  -44  -36
  -4   11  -42    2   15    3   -7   -4
 -19   32    3   17    4  -10    7    5
  14  -39   -5  -10   14   11   -6    9
  13  -10    9  -14   -8  -12   93  -17
 -10    7  -23  -10  113  -10  -10  -23
  -1  -10   -1   -3  -11  -11    6  -21
 -12   -4    6  -10   -2    6    5   20
  -5   -3   10   -4    5   24  -45  -34
   0    6  -43   -2   22   -7  -12    0
  -9   12    1    2   -7  -11   -3    2
  10  -38  -17  -15   13    0   -9   12
  10  -12   17   -8  -13    9  100  -19
  -9   11   -6   -8  113   -8   -9   -8
 -12   -3    2   13   -2  -11    8   -7
  -8   -6    1    7   -3   11   -9    4
  -3   -5   16   -2    0   21  -49  -30
   2   19  -45    6   19   -6  -13   -5
  -4   24   -1   15   -2  -17    3    1
  14  -42   -6   -3   20    3  -12   15
  -1   -7   13   -7   -6  -10   87  -11
  -3   12  -18  -13  116  -17    0  -23
  -4  -12    0    7   -6  -19   14   -6
 -15   -5    0   -9   -7   10    1   11
   0  -14   23  -10    4   23  -48  -29
   2   12  -48  -11   16   -5   -8   -8
   4   19    5   14   -2   -9    4   -4
  11  -49  -20  -13   11    5   -9    9
   1   -3   19   -4  -16   -1   92  -21
  -3   -4  -10  -17  118   -1   -4  -11
  -8   -9    0   -4   -5  -13   14   -3
 -13   -1   -4    1    6    4    1   10
  -8   -9   16    1   10   26  -46  -32
   2   16  -53    1   22    0  -13    0
 -12   12    7   19   -4  -14   -6    2
   7  -42  -18  -11   14    3  -16    9
  -1   -8    5    0  -22   -7   90  -12
  -8    9   -8  -10  120   -4   -4  -21
 -13   -6    6    6   -7  -13    4   -6
   0   -2    2    4    4   11    4    7
 -10   -7   13   -4    8   34  -45  -33
 -14   16  -51    5   21    0  -12    0
  -5   24    1    3  -17   -6  -11    0
   5  -52  -19    6    4   10  -12    8
  -4  -14   16  -10  -30    0   85  -21
  -7    0  -19   -9  106   19   -9   -6
  -4   -2    1    1   -4  -13    8   -3
   5   -2    2   25   -9   15   -3    6
 -15  -10   29   -1   29   36  -52  -29
 -22   31   12  -40   18    0  -13  -17
  17   15   15   -5   28   43   23   15
  56  -23   -5  -11  -37   27   -6   -7
   5  -29   -8   -5  -47  -10  -35  -42
  10  -18   21   20   14   16  -51   -8
  29    4    9   43  -12  -16    9   25
 -25  -32   20   44    6  -18   -6   11
  -8   -6  -30   -4   14   15   -4  -14
  -5   29   15  -33    6  -16  -10  -12
   0   20    0  -17   18  -11   21   14
  67   -2    1  -11  -14   28   17  -23
 -22  -39   -8   27    7    8  -27  -10
  48  -11   19    1   54   -1  -21  -11
   2  -13   29   19  -14  -18  -18   18
 -17  -22    0  -14    5   -9  -14   10
   0   -7  -34  -10  -52   -1   11    0
   5   26  -17  -37   19   -4   -5  -21
  -2   13   -3    0   18   42   23    4
  42    0    8  -17  -41   12   -3  -12
  41  -18    9  -14    0  -16   37  -11
  24   -9  -15   -4  100    2   17  -24
  -1  -23   27   -7  -22  -12    2    1
 -28  -10  -29    5   -5   -3   -3   25
  -7    7   -8   -2  -54   -2  -24  -11
   0   29  -52   -1   12   -1   -8   -5
   4   13   -5    7   -7   -1    3   -8
   6  -35  -16  -12   15    2  -12    8
   8   -7    5   -2  -15  -11   91  -14
  -8   -1  -16  -12  117    5    3  -10
 -17  -15    7   -9   -2   -5    2   -9
 -12   -4    0   -5   -2   21    2   14
   5   -5   19    0    1   30  -48  -34
   6   22  -56   -7   24    5  -26    0
   0   15   -7   18  -11  -10   -9    5
   9  -39   -4   -9    8    1  -17   19
  -3   -2   20  -14  -16   -5   88  -17
 -12   -7  -20  -19  117    0   -4   -8
  -6   -3   12   -3   -6  -10   10   -1
  -2  -14    4    7   -7   18    4    7
   6  -16   17    4    5   16  -43  -37
   3   23  -54    0   18   -4  -22    0
  -2   22   -2   13   -4  -19   -3    0
   7  -40   -8   -8    5    3  -14   19
  -4   -9    7  -12  -19  -12   87  -17
 -10  -15   -8  -18  112    0    4  -11
  -2   -6    7    2   -5  -10   15   -8
 -11   -9    7    9   -4   25    0   16
  11  -14   17    0   13   31  -49  -35
   0    9  -42    6   19   -6  -21   -2
 -23   28   19   -1   -1   -1   -6    6
  24  -65    6  -11   15    0   -8    9
  -6  -25   18    6  -31    7   70  -36
 -12  -13  -15   13  103   -2   -7   -1
   7   -2    4   47   -4  -27    2  -14
  -6   -9   30   24   -2   13   -2    8
 -14  -21   -3   -1    0   19  -42  -21
  -7   13  -20   -1   20    1  -22    4
 -25   22   21   20    5  -14  -28   -1
  43  -33    0  -26   29   30   -4   12
   3   -2   15   12  -41   -6   54  -40
 -12   -3   17   17   91  -20  -24  -29
  12   -6   15   57   -6  -18   29  -23
 -27  -21   24    1  -22   19   -6    3
  -2  -24   -7   -7    1   -3  -25  -26
 -10    4  -22    3   21  -13  -23    0
 -23   26   23   21    1  -42  -24    0
  32  -58    0  -21   30   12   -1    7
  -2    4    1   26  -20    9   42  -26
  -6    1    9    4  104  -26   -6  -22
  15   -8    3   73   -5  -32   27   -4
 -16  -18   32    3  -15    8  -17    7
   8  -23  -15    3    0  -12  -23  -31
 -16   -1  -50    7   19    0  -20    1
  -7   34   19   20   -6  -38    2   -2
  23  -58   -6  -18   20    0   -9   11
  -3   -9   19    4  -15   11   78  -26
   4   11    6   -5  109   -2  -11  -12
  -5  -14   13   28    4  -27   -8    0
 -15   -6   15   12   -6   19  -24    4
  -1  -10    0   -4   -5   15  -38  -31
 -12    8  -36   -5   27    2   -8    2
 -15   24   33   14    2  -12    0   -3
  29  -54    0  -10    0   11   -6   19
  -3   -7   20    5  -34    3   79  -27
  -1  -10   -6    3   98  -18  -15  -31
   8   -7   -1   25   -7  -24   29  -13
 -26  -13   14   -4    2    8  -10   14
   0  -11    0    0   10   12  -49  -18
 -22    1  -39    3   30  -17  -18   -8
 -16   30   16   17   -2  -17    2    4
  14  -58    0  -22    5   22  -10    6
   0  -13   13  -10  -31    7   76  -17
  -5   -5  -10    3  110    1    0   -4
  12  -13    3   18   -7  -11    7   -2
  -9  -21   19   14   -5   19   -4   15
  -6    3    4   -9   20   21  -48  -41
   1   26   -1  -51    4  -17  -24  -14
 -26    1   20  -45    2   73    9   -9
  29   -8   27   20  -12   42  -17   -6
  21  -17   37   -4  -18    2   10  -35
  21   -8  -26   -1   83   13  -12   -7
   3   -6   43   45  -12   -2   -5    4
   8  -31    0   18    0  -24  -21    7
 -23    7  -18    3    0   15  -34  -19
   1    6  -11  -16   26   -5   -4   11
 -26   23   52  -21   -2   -1   37    8
  38  -15    9   -3  -10   16    0   -1
  11  -41   47   10  -17    5    7  -10
  47  -12  -29   26   85  -21   -4   12
 -11  -26   31   26   -5  -23  -13  -21
 -36  -11   -6  -21  -30   15  -18   17
 -13    0  -18   -2  -57    6  -13  -11
   1    5  -42   19   22   -7   -6    0
 -25   17   14    6   -2  -26    9    5
   9  -68  -13  -16    5   13   -2    3
  -2  -16   30   -1  -16   13   93  -16
   3    1   -3   -3  111    1   -5   -5
  -9  -23    0    5   -5  -17   -9  -10
 -15   -1    0   -1   -1   16  -12   10
  -4   -9   22   -3   -1   20  -37  -31
  -1    6  -44    2   17  -13  -10  -11
  -3   14   20   22    5  -28    1    2
  17  -45    0  -13    7    7   -4    4
   5   -9   20   -8  -21   -6   91  -17
  -6   -3    1   -2  112   -6  -15  -23
   6   -3    1    6   -3  -22   11  -16
 -16  -15    6    5   -4    7  -11   12
  -1  -10   20    3    9   25  -46  -30
  -9   15  -28    5   28   -5  -19  -15
 -18   34    7   25    6  -16   -6    7
  29  -41    3  -16    1   14   -6    8
   3  -17    8  -14  -23   17   72  -29
  -3    6    6   -2  113   -7   -5  -18
   0  -12   -3   32   -4  -16   23  -23
 -12  -22    4   -4   -9   12   -4    3
   9  -12    3    1    4    2  -43  -31
  -7   12  -41  -14    6   -7  -25   -1
 -19   36   13   12    4  -15    3   -2
  10  -37    7  -14   20    3   -8   21
   9  -14    7  -33  -10    2   72  -21
 -10   12   -7  -13  125   -4   -7  -19
   4  -11   11   21   -4  -14    8  -10
   5  -22    7   -6  -13   19    5    7
   8  -17   14   -3   -7   24  -43  -26
  -5   36    8  -21   -2    2  -37    0
 -45   12    5    4    0   38   -2   -6
  27  -10   11    3   50   39   -5   24
   8   20    6   -4  -31    0    6  -28
 -18    3    4   -2  101  -25  -22  -17
   2  -16   14   71  -16  -25    4  -28
 -17   -6   22   -9  -30    2  -14   14
  19  -38  -22   15    5    0  -23  -30
 -10   35   11  -34   -3  -17  -23    0
 -47    6    5   -7    9   25  -13   -7
  21  -11   21   -6   57   19   -3   20
   3   26   -1   -5  -40   22    5  -42
 -28   12    6   -4   97  -12  -12  -21
   7  -10   25   68    7  -16    1  -16
 -18   -2   42    3  -24   16   -8    6
   3  -32  -21    0    6    1  -28  -37
   1   39   19  -31   -1    0  -32    5
 -27    0   11   -8    3   37   -3   -5
  25   -3    8    3   48   29  -14   29
  14   24    6  -12  -37   -5   12  -38
 -27   10   10   12   98   -4  -25  -21
   2  -13   29   67  -15    0    4  -27
 -12   -9   27  -18  -27    6  -12    0
  13  -22  -34  -10   -3   -4  -28  -33
  -3   19   -3  -28    4  -17  -29  -11
 -39   17    2   -8   13   33  -11    0
  28   -1   10   -7   34   28   -3   16
  22   22   16    9  -33   19   40  -30
 -17    4    9   -6  111   -8  -29  -24
   6  -17   16   54  -23  -15   13  -22
 -10  -10   15  -26   -6    5  -13   18
  -2  -17  -23  -10  -22    0  -35  -19
  -9   23  -13  -18   23  -24  -27    1
 -35   23   -3    6    9   20  -19   -2
  40  -33   30  -26   28   31  -10   22
   1    4   21  -20  -42   17   26  -33
  -8   19   -8   25  102  -23  -19  -25
   4   -7    0   54   -3  -30    0  -13
 -19   -6   29    0  -10   12   -6    5
  16  -17  -13   -3    4   10  -35  -26
 -17   14   15   -9   13  -13  -11    8
 -21   16   60   -4  -20  -37   -5    7
  37  -46   27   -7    8   29   -8    6
 -22  -26   29   -9  -27   61  -16  -33
  11  -40   26   12   22    6  -61  -19
  32    4    1   70    8  -40   -1  -10
 -16  -22   57   44   -7   22  -26   -5
  -1  -16   -6   -5   27    2  -19   -9
 -11   55   10  -25   12    1  -22  -21
   2   12   -6  -22    7   39    9    4
  59    1  -11  -14   -8   15   -5  -18
  11  -18   -3   27  -21    7  -52  -28
  25  -29   20   11   25   25  -38  -35
  14   10   34   48    0  -20  -12   31
 -24  -15   18    0   -1   -5  -10    0
   4  -28  -38    8  -10    8  -13    4
  11   63   21  -43    7   14  -25  -17
  -2    7  -10  -45   16   46    8   -4
  49   10  -11  -15  -14   16    1  -15
  28  -17  -15   11   -6  -14  -36  -14
  35   -2    9    2   61   17    0  -29
   9  -14   42   13  -11  -21  -31   21
 -16  -20  -11    2    4  -11  -16    0
   4    2  -32    0  -50   -2   10    0
 -21    0   11  -11   13  -19   -5   -4
  -7    4   39   -2   -3  -28   19   16
  72  -32   14   -1   -1   59   16   -4
  -6  -35   10   22   -4   11  -11  -19
  37  -26   14   -4   67   -7  -11  -24
   8   -7   -2   43   -4  -23   -2    0
 -28   -8   -8   -3    4    2  -19   12
 -14  -17  -32    2  -31  -16  -12  -14
 -16   -3  -19    3   39  -11  -12    6
 -14   34   52   12    1  -64    5    0
  37  -56    4  -17   16   27    6    0
 -17  -12   23   16  -17   16   58  -14
  12   -3   13   12   93   -1  -15   -2
  -4  -16    6   41   -4  -32   -5  -19
 -29  -14   18   -1  -27   18  -31    8
   3  -17  -13   -9  -22   -3  -24  -23
 -12   17  -24  -11   23   -3  -22    0
 -27   28   18   10   -3   13   11    4
  18  -53   19  -22   25   14   -1   18
  27  -14   15    8  -28   -4   63  -25
  -7    8   -9   11  114   -1   -2  -17
  -9  -20   14   37  -17  -12   -7  -26
 -10  -19    8  -16   -2   -2  -13   23
  -5   -3   -4  -18    5   -8  -39  -23
   0   35  -27  -11   29  -13  -14  -12
 -13   27   28   10   16   24    0   -5
  31  -18   37  -19  -15   19  -16   22
  17   -8   33    5  -21    6   47  -20
 -15  -16   -6   16  112    1  -10  -21
  -4  -20   18   25  -20  -25    2  -20
 -16  -24   -3  -19  -23    2    1   13
   6   -8  -23    3   -7    0  -31  -38
 -15   32   -3   -4   17    1  -18    9
 -24   29   25  -29   -2   13   -6   12
  46  -18   37  -18   21   15    6    6
  25  -15   41   -8  -29    2   11  -33
   5   -8  -15   16   86  -12  -18   -7
  10  -16   32   53  -11  -34   -2  -22
 -28  -23    4  -24  -15   -4   -6   16
  -6   14  -18  -13  -26    5  -38  -10
 -18   16   16  -16    4   -7  -23  -19
 -41   26   33  -45   18   40   10   10
  32  -31   14   -2   28   34    8   -3
   9  -11   31    6  -33   18   10  -37
  18   -5  -13   37   71   -9  -26    4
   7   -9   25   66   -9  -37  -16  -19
 -15  -10   11    5  -11   13  -20   18
 -27  -13  -35  -13    9    6  -34  -27
  -1   11   -3   -1   17   -6  -25   12
 -15   21   24  -21   -3   14    0    6
  45  -26   15  -19   33   33    4   -5
  11  -30   23   -6  -32   36   15  -35
  15   -1  -12   18   90  -18  -27   -4
  19  -23   10   66  -25  -35   -1  -19
 -21   -9    3  -25  -15   15  -28   17
  -3    0  -17   -6  -11    0  -17  -19
 -21    0   -2    0   11  -24   -7    9
 -22   20   59  -14  -25  -11    6    6
  19  -51    5   -3   23   10   -2  -18
  -9  -45   34    8  -32   64    1  -33
  25  -29    0   27   36   31  -39   14
  22  -10   14   65    0  -23   -9  -22
 -23  -15   57   61  -14    3  -37    2
 -23  -16   -3    0   21   14  -23  -14
 -28   25   24   19   17  -21  -17   -2
 -17    3   40   -4    0  -48    4   10
  43  -53    1   -8   19   46   17  -22
 -20  -24    1   23  -30   34  -50  -17
  12  -29   25   10   -3   12  -45  -11
  29    1  -10   61   12  -24  -10   14
  -9  -22   25   51    1   19  -22   -8
 -10  -23  -34    3   -6   -3   14   -2
   7   51   24  -40    1   10  -29    7
 -26    6    8  -40   -4   51   -2   -4
  26   10   -3   -6   32   30    4   11
  27  -10   -6    6  -21   15  -37  -31
   9  -15   -9    9   72    0  -19  -18
   2   -8   51   79  -21   -9   -5  -10
  -7  -25   24  -22  -18   -8  -25  -16
   4    0  -24   -3  -19    6   -2  -17
  -5   48   18  -68   -3   -1  -37   -8
 -30    4   20  -25   13   24  -19  -11
  14   10   -4   -1   54   28   -7   24
  21   21   14    5  -29   14  -11  -36
 -20    8   19   12   62  -16  -22  -26
  11   -8   37   92   -3   -5   -1  -18
 -20  -20   37   -9  -21    8   -6    2
  15  -35  -19   -5  -26  -20   -1  -15
   9   29   13  -40   -5  -18  -26   -9
 -28   13   13  -24   -5    8   -4   -6
  27    1   17   -4   56   27   11   10
   3   20   23    0  -19   10    8  -33
 -15   12    6   18   88   -1  -32  -45
   2   -7   23   90  -20  -18   -8  -20
 -22  -21   22  -21  -24   17   -6   10
  18  -16  -26   -3  -11  -14  -17  -20
  -6   23    0  -29   16   -6   -9  -15
 -19   24   -6  -19   16   67    6   20
  60    7    0    3   -8    8   -4   -4
  36  -24   36   -2  -18   -1   12  -33
  16   -8  -16   10   70    0  -24  -16
   0  -18   26   36  -22  -23   -7    9
  -7  -37    4   13   -1   -4  -17    4
 -29    1  -25   -2  -17   10  -36  -12
   6   23   -9  -21    8   -2  -20   -3
 -21   14    7  -33    4   42   42   13
  48  -14   15  -13  -23   25  -14   -6
  44  -34   23  -14    4  -14   23   -6
  41  -14   -6    2   90    0   -6   -9
   9  -18   24    8  -24  -23  -21  -24
 -21    1  -19    1    0   -5  -23    8
 -22    5  -15    0  -38   -2  -13   -6
 -17   10  -21  -12   25  -20    3  -13
 -22   21   22    0   14   14   36   11
  61  -34    4   -1  -20   40    6   -9
  20  -12   43   10  -26   -6   32  -18
  23    1  -10    0   84   -1  -28  -22
  -8  -20   11    8   -6  -32   12  -10
 -26   -9    6  -13  -11   17  -13   12
  -7  -16  -28   -8  -33   -4  -29  -10
 -16   18  -19    8   18  -11  -19   -1
 -39   32   33    8   16    3    5    7
  49  -35   29  -23  -11   22   -6    5
  12  -18   29  -17  -12   14   35  -31
   3    6    5    4  103  -10  -27  -12
   8   -7    5   35  -13  -25    1  -38
 -32  -18   23  -28   -2   12   -9    0
   8   -4  -10    0  -14    2  -33  -16
 -15   17    9   -9    7  -11  -13  -15
 -32   32   28  -15    3    8   34   12
  64  -11   24  -18    0   48   -3   -7
  21  -26   21  -15  -14  -10    0  -32
  31    2    4    6   70   -8  -12   -9
   1  -17    8   46  -19  -32   -9  -27
 -32  -14   22  -10    3   16  -26    7
 -21    3  -16   -9  -12    8  -23   -1
 -22   16    2  -16   19  -19  -18    9
 -34    4   55  -34  -16   33   13    7
  37  -37   19   12   19   32   11   -1
   9  -46   46   -4  -26   41    4  -32
  26  -14  -33   26   64    9  -33   15
  -5   -6   29   53  -16  -23  -17  -10
 -12   -4   20    0  -16    1  -31   10
 -16  -13  -20  -18   14    6  -29  -22
 -29   -2   24    4   18  -12   -8    1
 -11   16   52   -7   -5  -20   32    8
  45  -40   13    1   -6   18    5  -27
 -17  -33   19   -7  -34   55  -55  -30
  36  -29    8   25   -8    8  -53   -9
   4    9   16   42    1  -24  -11   16
 -10  -18   32   45   -2   11  -22   -2
 -11  -18  -14    0   20   12   -6    1
   0   57   34  -34    8    9   -9   -7
 -13   27    7  -30    0   26   21    2
  38   17  -15   -4  -12   37    0   -5
 -10  -21    7   -5  -25    7  -73  -19
  42  -19   15    7  -37   12  -24  -27
   9   10   35   14  -10  -14  -23   31
   3    0    3   -4    4  -16   16  -14
   2  -16  -29   -6  -16    0   22   10
   5   75   18  -57    4    2  -28   -7
 -31    1    5  -47    1   67    1  -10
  15   26   -7    4   15   38    0   16
  27    7    0   -3  -30   12  -32  -16
  -9  -16  -10   16   62   13  -13  -13
  -6   -9   53   59  -17  -20  -11   -7
  -5  -22   21   -4  -15  -27   -7   -4
  10  -10  -42   -4  -29   -4   16   -9
  10   49   24  -53   -3   -8  -37   -3
 -33    0   13  -28  -16   47  -14   -9
   9   14   -2   15   67   27    5   22
  10   14    3  -12  -41    7  -27  -37
 -29   -4    9   16   59    9  -22  -16
   8  -13   47   79  -13   -1    0  -14
  -9  -13   38   -8  -17    0  -28    1
  18  -30  -14   -2    9   -5  -13  -14
  -4   46    8  -46   -3   -2  -34    0
 -29   14   17  -23    1   31  -18  -13
   2   15   -2    4   53   28   -5   34
  10   31   11    6  -39    8  -24  -39
 -35   -2    7   11   62    0  -16  -42
  -4   -3   37   95   -1   -6    8  -25
  -4  -16   48   -8   -6  -11   -4    7
  18  -30  -24   -3   -2  -17   -5  -27
   2   42  -28  -33    8  -11  -31    8
 -24    2   14  -10    9   36    2   -3
  29   -6   24  -22   31   23   -9   21
  18   11   17  -15    3    8   29  -17
 -19   17  -13    5  118  -15  -17  -35
  -9  -25   28   52  -16  -26    3  -21
 -13  -12    4  -14  -19  -16   -3    0
  11   -2    1    1  -28  -16  -17  -31
 -12   23  -17  -14   25   -7  -29    2
 -30   16   23  -12    4   18   -1   -3
  24  -14    0  -18   29   30   -3    7
  13   -1   29    7  -39    9   58  -20
   1    8   -8    7  116   -7   -8    0
  -3  -25   18   40  -20   -6    0  -13
 -19  -22   11  -27  -16    4  -20   13
   3  -13   -7  -11    0    2  -40  -32
  -5   17  -16  -24   28  -14    3    0
 -23   32    7  -10   -8   32   13    5
  23  -29   10   -6  -10   13  -12    6
  52  -21   28  -31  -19  -18   61  -16
  11   -4  -33    9  106   10    7  -17
   9  -23   21    4  -18  -14   -8   -8
 -10  -10   -3   -4  -13    1   -5    8
  -9   -3    0  -12   14    9  -43  -26
   5   26  -19  -22   24   -9    1    5
 -42   31   28   -5    0    7   22   12
  28   -3    6   -6  -12   26   -8   11
  42  -25   55  -15  -23   -9   55  -15
  10   -5  -25   -1   92   -3  -14   -9
   5  -27   31  -14  -19  -32   -2  -20
 -14   -5  -10  -23   -6   11   -7   15
   1   -2   -2  -12  -12    8  -41  -29
  -5   25  -11  -15   19  -11   -7  -15
  -8   32    4  -31    3   44   36   12
  45   -4   26   -1  -28   26  -15    2
  43  -12   44  -14   -8  -15   23  -22
  17  -22  -21   -3   83  -17   12  -15
  17  -25   19   15  -11  -36   -7  -13
 -17  -15  -11   11   -8   -1  -14   20
 -25   -1  -21   -5  -11   15  -39   -9
 -11   -3   23  -15   16  -25   -5   21
 -33   37   47  -21  -17    3    5    5
  34  -43   14   -9   19   35    7   -5
  -5  -34   19    3  -21   57  -39  -31
  47  -19    0    8    9    5  -60    7
   5    4   32   52   -7  -17  -18  -16
 -12   -6   49   38  -18    7  -49   -4
 -13  -21  -22    4   21    0  -13   -2
 -25   42   25   -6   12   -7  -20    0
 -16   24   30  -16    9  -25   35    1
  52  -14  -12    0  -11   33    8  -23
  -5   -3    0    9  -31   16  -63  -23
  40  -26    6   25  -42   17  -46   -3
   6    9    5   26  -11  -22  -17    0
   3    3   21   42   17    2  -24  -13
  -9   -8  -20    0    1   -5    8    9
  15   65   32  -60   11   10  -19    2
 -22   16   20  -46   -1   21   20    0
  22   15  -11   -4  -23   41    6    1
  11   -9    0   -8  -20   24  -72  -14
  23  -15   -2   -2  -28   13  -19   -4
   1   11   38   12  -17  -16  -35    5
  15   -8   23    6    1   -3   -6  -26
   9    5  -30   -4  -22   -1   26   19
  16   74   12  -40    0   -9  -26    0
  -4    4   14  -29   -1   58   13    2
  21   26  -19  -14   12   42   -2    5
  30   17    2   -5  -18    7  -49  -28
  -7   -3   14   21   55   12   -9  -14
  -4  -15   46   48  -12  -21  -19    0
 -19  -36   18  -15  -24  -15  -16   -8
  10   -9  -35   -2  -38  -17   18    2
   4   55   19  -54   -4   -6  -23    2
 -32    1   11  -29   -9   39  -25  -21
   7    5    6    9   68   37    2   25
  18   27   -8   -2  -30   21  -19  -37
 -21   -1    1    2   52   -4  -15  -22
  -1   -6   40   90  -24   -3    0  -24
   3  -17   44   -6  -13  -15  -12    0
  19  -29  -20   -5   -8  -17   -6   -2
   1   51    0  -42   -6    2  -37    9
 -33    0   22  -14   -1   27  -17   -9
  13   -4   23   10   56   36    6   20
  22   31  -14   -6  -43   10  -18  -38
 -30    1   10   15   66   -2  -20  -29
  13  -18   30   92  -14   -2   -2  -12
  -4  -12   39  -25  -15   -4  -16    7
  13  -26  -23  -22  -11  -15    1  -17
  14   54    0  -48   -3  -11  -35   -1
 -50   -8    1  -12   -6   50   -9  -15
   4   -2    6    1   64   27    0   29
  13   34    7    2  -23   10  -18  -40
 -38    4    3   13   71   -7   -6  -32
   7  -15   30   77  -13    0    6  -24
  -4  -10   33  -11  -21    0  -17    6
  26  -20  -22    5    6  -14  -10  -21
   0   39  -11  -10   20   14  -32   26
 -42   28   41  -15  -11  -10  -19   -5
  20  -21    7  -24   37   23    0   10
  -1   11   24    6  -30    8   41  -20
  -9   -5    3    7  105   -2  -10  -29
   1  -24   36   56  -12  -29    7  -18
 -18  -11    4  -17  -21    0  -24   -1
  36  -11   -9   -9   -8   -3  -27  -29
 -16   26    0  -21   16  -28  -34  -10
 -14   27    8   10    2   19   -5    4
  38  -34   28  -31   19   12  -13   27
  13   -9   22  -14  -20    8   39  -32
 -15    1    0    3  110   -3   -6  -14
  22  -15    8   43  -19  -18    2  -20
  -9  -19   20   -5  -23    0    0   21
   8  -23  -16    3   -5    4  -36  -25
   2   13  -22  -11   29    6  -16   18
 -26   28   27    4   -4  -14   10   -1
  26  -30   14   -9    6   27   -4    9
  13  -11   29    5  -40    0   68  -19
  -7    7  -16    1  110  -12  -10  -11
  -4  -16   14   26  -19  -34    6  -17
  -8  -12    2  -19  -10   27  -15    7
  -3    2    1  -20  -12   -7  -44  -22
   0   19  -25  -16   21   -8    0    2
  -3   14   39    3   -3   -9   27    3
  36  -29   13   -9  -31   14   -7    5
  31  -33   32  -18  -26   -4   49   -6
  17    1  -29   11  108  -12   -2   -5
  10  -20   10   10  -32  -27   14  -22
 -34   -8   -9  -16   -3    5    2   16
  14  -10  -16    2  -26    4  -29  -19
  10   11  -27   -8   28  -11   -7   -6
 -13   21   21    8   -8   25   38    6
  30  -30   21  -13  -19   21   -2    6
  37  -19   20  -32  -10  -20   60  -18
   4   -4  -21  -12  100  -15    1   -5
   6  -26   34   -9  -11  -22    2  -19
 -22    0  -23  -12  -15   -1  -11   19
   0    4    1   -2    1   -3  -42  -13
  -2   79   30  -50    2   11   -5    2
 -23    8   15  -54    2   29   26    0
  36   14   -8   -8   -9   32    0    7
  25  -16   18  -11  -15    9  -57  -25
  25  -20   -5    4   -9   22  -31   -4
  -7    5   48   18  -21  -32  -10  -14
   0    3   28   -8  -10  -11   -6  -12
   2   -6  -29    0  -16    0   25   -5
  11   89   24  -55   -5   13  -25   -2
 -11   20   22  -43   -2   39   12    3
  19   19   -3  -11    9   37   -6   14
  16   -1   11  -14  -35    8  -77  -18
  -2    0   12   23    5    6  -20  -12
 -15    2   53   26  -13   -9  -15    0
 -13  -12   28  -14  -16   -8   -2  -10
   3   -4  -14   -5  -23  -11   26   -7
  22   64   21  -54   -1   -8  -13    6
 -18   26   12  -38  -13   50   -2  -13
   9   11   -1    0   21   23   20   19
   5    0   10  -10  -32   15  -68  -28
  -5   -9  -12    7   33    8  -12  -16
   2   14   60   57    0   -9  -13  -10
   3  -22   35  -19  -14  -15  -13  -13
  14  -21  -27   -7  -18  -18   19   -9
   7   61   16  -42   -4  -11  -31    4
 -41    8   10  -28   -2   30  -20  -15
  -2   16   11    5   59   30    7   21
   9   22   -1    1  -33   19  -29  -26
 -31   -2    9   23   60    4   -6  -13
   0   -8   36   93  -16  -19   -6  -18
 -17  -23   37  -11  -27    0  -14    7
  17  -24  -28   -2  -17  -13    6  -11
   0   63   15  -48    2  -11  -41    9
 -35    9   23  -22   -5   28  -20  -16
  15    5   -8  -11   52   26    4   37
  11   19   18  -10  -28   23  -30  -46
 -30   -5   24   13   53   -1  -30  -19
  18   -1   30   76    6  -12    3  -20
   1  -10   30  -21  -29   13   -4   -4
  20  -29  -23   -3  -11  -21   -6  -10
  14   70   12  -41   -6    6  -48    2
 -59    6   18  -21    0   16  -18  -20
  22   -1   14   -2   53   38   -3   22
  14   42   -9    5  -27    0  -22  -28
 -17   13    5    8   52    2  -32  -29
   8    0   20   82  -14  -11    0  -19
  -8  -17   34   -8  -17    1  -17   -1
  18  -36  -33   -6   -8    0   -5   -3
   7   37   11  -37   -1    1  -32    6
 -41   -1    8  -24  -12   11  -10  -22
   1    7    9    3   62   27    0   26
   8   27   10   -4  -23   15  -15  -44
 -26    1    9    4   80    0  -30  -19
   9   -5   26   95   -7    0    4  -12
  -8  -16   38   -6  -34   -1  -14    2
  22  -30  -31    0    7   -3  -10  -24
   2   49   -7  -16    2    0  -29   16
 -41   15   17   -5   15   31  -18    3
  23  -15    0  -36   41   16   -8   10
  19   -9   12   10  -18  -11   18  -18
 -25   -3    4   20  105  -18  -12  -37
  15  -33   26   62  -19   -6    5  -17
  -8   -1   31  -13  -30   -1   -6   11
  14  -11    8   -7  -32  -12  -23  -28
  -6   27  -32  -39   13    6   -7   -6
 -30   14    4    0   12   55   -3   -8
  18  -26   15   -5   -5    2    1    6
  21   -3   39  -10  -26   -4   42  -35
  -2   16  -18   -2  114    1  -11  -13
  10  -12   14   23  -16  -13   15  -15
   9  -21   19    3  -12   -9  -12   14
  -5  -10   -2   -3   19    6  -52  -29
  -2   14    5    8   16  -17  -35   13
 -15   17   33    0    3  -17    8    3
  33  -18   22  -26    1   29   -7   26
   9  -14    0   22   -7   -8   44  -21
   0    1    1   -1  116  -15  -19  -28
   3  -22   19   42  -23  -30   -5  -13
 -22  -20    1  -17   -6    4    7    3
  27   10  -18    0  -50  -11  -24  -32
  -6   22  -42  -16   15  -13   -5  -13
 -12    7    1   -2   -6    7   12    0
  17  -27   -1  -16    0   18   -9    6
  32  -18   28  -19   -5  -15   79  -20
   0    9  -38   -7  109    4    7   -1
   0  -14    7   11  -11  -25   10   -8
 -11   -2    5    0    2    5  -11   19
   0    5   16   -7    8   11  -49  -37
  -4   12  -36  -12   26   -8    5   -6
 -19   25   25   16    0  -18   17   16
  37  -56   42  -23  -34    6    2    0
  16   -9   35  -20  -23  -11   53  -16
  13   -4  -11    0  103  -21   -4  -15
   3  -23    8    0  -14  -15    4  -20
 -23    3   18    0    0   12   -2   21
  -1    4  -19    1  -23    0  -40   -5
   8   77   24  -42    1    0  -20  -24
 -30   10   -4  -53    8   54   14  -14
  31   22  -27   -3    8   19   -1   23
  28   -4   14  -12  -29   -3  -56  -27
  15   -7    1    6   23   13   -9  -10
  -3    8   51   36  -10  -29   -6   11
  -9  -21   29   -7   -4  -15  -18  -17
  13   -5  -39    1   -7    2   11    2
   9   76   19  -25    2    0  -19    4
 -23   -3   24  -33   -5   43   -6  -11
  14   11   -3  -17   40   34   11   22
  16  -11    6  -10  -46   30  -50  -28
  -6  -17   -6   12    8    4  -36    5
  -2    9   70   62    6   -7   -1   -8
  -8  -25   38   -6  -29    6  -13  -25
   1  -15  -29  -21   -5   -2    3   -8
  13   78   20  -46   -6    6  -19    1
 -18    2    0  -49    1   48  -10   -3
   6    3    2  -14   29   35    7   28
  24  -11   11   -2  -29   12  -54  -37
   0  -21    0    6   26    4  -15   -3
  -1    4   55   62   -7  -13  -16  -21
 -15  -33   47  -10  -18   -2   -2  -18
   0  -17   -6    0   -3   -4   17   -6
   0   70   10  -47   -1    5  -39   -1
 -50   11   16  -15  -19   38   -7  -12
  13   11   10   -6   49   28    3   22
  24   31   -5  -14  -25    5  -42  -44
 -32   -1   15   13   40    0  -25  -21
   9    6   29   77    0    0  -11   -5
   2  -31   39  -15  -13    3  -15   -8
  11  -11  -35   -5  -15    0    7  -10
   8   67   25  -34  -23    0  -26   10
 -32   -9    0  -41    2   28  -19  -17
  11    0  -12   -1   40   30    0   30
  27   21    6    0  -41   18  -34  -29
 -15   -2   10   12   48    9  -17  -17
   7   -2   36   87   -8   -8   -2  -15
 -16  -30   43  -21  -12   -1    0  -10
  26  -15  -47   -3   -9  -18    6   -8
  14   57    8  -45   -5   11  -37    5
 -35    2    7  -20   -1   48   -8  -24
   4    7    0  -13   61   24    2   23
  15   15   13  -14  -35   18  -16  -43
 -23   -6    0   14   60    7   -6  -30
  26   -4   39   84  -14   -3    0  -19
  -5  -11   33  -13  -28   -3  -16    6
  10  -20  -31   -5   -6  -18   -2  -22
  11   58   23  -56  -14   -3  -22    1
 -29   -5   26  -20   10   19  -11  -22
  15   13   10    4   52   33   -5   29
  18   41    9   -3  -31    8  -25  -42
 -20    0   22    7   49   -7  -27  -30
  21   -7   28   72  -13  -10   -7  -23
 -13  -11   59  -15  -39   18   -5   -7
   0  -26  -21   -2    5  -12   -8  -21
   4   31    2  -21    9    9  -24   11
 -15   12   26  -15  -10    2  -10   -8
  25  -13    0  -23   44   23    6   17
  12   12   10    3  -25   22    7  -18
 -16    4    6   17  104  -13    0  -39
   2  -21   29   84  -21  -31   -4  -27
 -30  -10   26  -29  -28    0   -4    8
   0    2  -24   -2  -45  -12   -6  -19
 -20   19  -16    6   16  -13  -27   -8
 -17   24   40   14    3   23   -9    1
  24  -31   20   -6   38   25  -14   15
  12   -8   33  -14  -40   13   36  -35
 -12   -7    4    8   93  -16  -28   -9
  20   -5   10   50   -5  -21   10  -23
  -2  -23   43    9  -32    0  -12   10
 -11  -17  -14   -6   24    1  -46  -42
  -1   10   -2  -49   14   -4  -33   14
 -45   15   25    0    0  -11   -8   -1
  39  -16    7  -23   48   15    0   19
   6    2   16   10  -31   15   21  -24
 -16   24   13    0   98  -21  -19  -36
  12  -19   45   62   -5  -29   -3  -20
 -20  -16   15  -13  -12   20  -11   -7
  12  -17  -12   -2  -13   -9   -9  -27
   0   13  -50   -3   15    5   -9    3
 -18   29    3    9    0  -32   12   -4
  19  -40   -3  -21   10   12   -6    7
  12  -13    5   -6  -19    3   78   -6
  -3    0  -14   -8  126  -16   -7  -14
 -12  -13   11   -1   -5  -20   -2   -7
 -14   -6    2  -10  -12   13    1   19
  -1   -5    7   10    2   17  -37  -34
  -7   20  -26  -10   30  -16    5  -20
 -19   30  -11    5    2   46   15    2
  32  -28   18    4  -30   29  -11    4
  32  -19   39  -40  -19  -29   33  -29
  -2   -6  -27    2   88   12  -19  -12
  17   -1    9    1  -15  -24   25  -11
 -11   -7    9   15   -5    0   -4   22
  -3   -1  -23   -6   23   18  -51  -29
