Shape: torch.Size([1, 100])
Range: [-5, 4]
Mean: -0.8700

量化值陣列:
  -4   -3    0   -2    0   -1   -4   -2
   0   -2   -1   -1    4    0   -5    0
  -1    2   -2    1   -2   -1   -2    1
  -2   -1    0   -2   -2    0    2    1
   0   -2   -2    0   -1    2    0    0
   1   -3   -2   -2   -4   -1    0   -1
  -1    4   -2   -5   -1   -3   -2    0
   1   -2   -1    3    1   -3   -2   -1
  -2   -2   -2   -1    1    2   -4    2
   2    1   -2   -3    4   -2   -3    0
  -3    1   -2   -4   -2    2   -1   -1
  -2    0    1   -2   -3   -1   -3    4
   0   -2    0   -2
