Shape: torch.Size([1, 144, 64])
Range: [-27, 127]
Mean: -0.2108

量化值陣列:
  -1   -9   -7   -4   -4    0   -3   -2
  -4   -1   -3   -1    0   -1   -3   -2
  -2   -1   -2   -4   -1   -2   -1    1
   0    1    1   -3   -4    4   -3   -3
  -2    1   -1    0  126   -3   -3   -2
   0   -2    0    0   -5   -4    0   -3
  -2   -3    0    3   -3   -1    0   -4
   0   -2   -5   -3   -1   -5  -21   -3
  -1   -8   -7   -4   -4    0   -3   -2
  -4   -2   -3   -1    0   -2   -3   -2
  -2   -1   -3   -4   -1   -2    0    1
   0    0    1   -2   -4    4   -3   -3
  -2    1   -2    0  126   -3   -3   -2
   0   -2    0    0   -5   -4    0   -3
  -2   -3    0    3   -3   -1    0   -4
   0   -2   -6   -2   -1   -5  -21   -3
  -1   -8   -7   -3   -4    0   -3   -2
  -4   -2   -4   -2    0   -2   -3   -3
  -2   -1   -3   -4   -1   -2    0    1
   0    0    1   -2   -4    4   -3   -3
  -2    1   -2    0  126   -3   -4   -2
   0   -1    0    0   -5   -4    1   -3
  -1   -2    0    4   -2   -1    0   -4
   0   -2   -6   -2   -1   -5  -21   -3
   0   -9   -7   -4   -4    0   -3   -2
  -4   -2   -4   -1    0   -2   -3   -3
  -3   -1   -3   -4   -1   -2    0    1
   0    1    1   -2   -4    6   -3   -3
  -2    1   -2    0  126   -3   -3   -2
  -1   -2    1    0   -5   -4    0   -3
  -1   -3    0    3   -3    0    0   -4
   0   -2   -6   -2   -1   -5  -21   -2
  -1   -9   -8   -4   -4    0   -4   -2
  -4   -2   -4   -2    0   -2   -3   -2
  -2   -2   -3   -4   -1   -2   -1    1
   0    0    0   -3   -4    5   -2   -2
  -2    1   -1    0  126   -3   -3   -2
  -1   -2    1   -1   -5   -4    0   -3
   0   -2    0    5   -2   -1    0   -4
   0   -3   -5   -2   -1   -4  -21   -3
  -1   -9   -8   -4   -4    0   -3   -2
  -4   -2   -3   -2    0   -2   -2   -2
  -2   -1   -3   -4   -2   -2    0    1
   0    0    1   -3   -4    4   -2   -3
  -2    1   -2    0  126   -3   -3   -2
   0   -2    0   -1   -5   -4    0   -3
  -1   -3    0    4   -3    0    0   -4
   0   -2   -5   -2   -1   -4  -21   -3
  -1   -9   -8   -4   -4    0   -3   -1
  -4   -2   -4   -2    0   -2   -2   -3
  -2   -1   -3   -4   -1   -2   -1    1
   0    0    1   -2   -4    4   -2   -3
  -2    0   -2    0  126   -3   -3   -2
  -1   -2    1   -1   -5   -4    0   -3
  -1   -3    0    4   -3    0    0   -4
   0   -2   -5   -2   -1   -4  -21   -3
   0   -9   -8   -4   -4    0   -3   -1
  -4   -2   -4   -2    0   -2   -3   -3
  -2   -1   -3   -4   -2   -2    0    1
   0    0    1   -3   -4    4   -2   -3
  -2    1   -2    0  126   -3   -3   -2
   0   -1    0   -1   -5   -4    0   -3
  -1   -3    0    4   -3    0    0   -4
   0   -2   -5   -2   -1   -4  -21   -2
  -1   -9   -8   -3   -4    0   -3   -2
  -4   -2   -3   -2    0   -2   -3   -3
  -2   -1   -3   -4   -2   -2    0    1
   1    0    1   -2   -4    3   -2   -3
  -2    0   -2    0  126   -3   -3   -2
  -1   -1    1   -1   -5   -4    0   -3
  -2   -3    0    4   -2    0    0   -4
   0   -2   -5   -3   -1   -4  -22   -2
  -1   -8   -8   -4   -4    0   -3   -2
  -4   -1   -4   -2    0   -2   -3   -3
  -2   -1   -3   -4   -2   -2   -1    1
   0    0    1   -2   -3    2   -2   -3
  -2    0   -2    0  126   -3   -4   -2
  -1   -2    2   -2   -4   -4    0   -2
  -1   -3    0    4   -2    1    0   -4
   0   -2   -4   -2   -1   -4  -22   -3
   0   -8   -8   -3   -3    0   -3   -1
  -4   -2   -4   -2    0   -2   -2   -2
  -2   -1   -3   -4   -2   -1    0    1
   0    0    1   -2   -4    1   -1   -3
  -1    0   -3   -1  126   -3   -3   -3
  -1   -2    3   -2   -5   -4    0   -3
  -2   -3    0    3   -3    2    0   -4
   0   -2   -5   -2   -1   -4  -22   -3
   0   -8   -8   -3   -4    0   -3   -1
  -3   -2   -4   -2    0   -2   -2   -2
  -2   -1   -3   -3   -3   -1    0    1
   1   -1    0   -2   -3    1   -1   -3
  -2    0   -2   -1  126   -2   -3   -2
  -1   -2    3   -3   -5   -4    0   -3
  -1   -2    0    4   -2    2    0   -5
   0   -2   -4   -2   -1   -4  -22   -3
  -1  -10   -7   -2   -3    0   -2   -1
  -4   -1   -3   -2    0   -2   -2   -2
  -1   -2   -4   -3   -2   -2    0    0
   2   -2    1   -2   -4    0   -1   -2
  -1    1   -3    0  126   -2   -4   -2
   0   -2    0   -3   -5   -4    0   -2
  -3   -3    0    0   -2    0    0   -4
   0   -2   -5   -2   -1   -4  -23   -2
  -1   -9   -7   -3   -3    0   -3   -1
  -4   -2   -4   -2    0   -2   -3   -3
  -2   -1   -3   -3   -2   -2    0    0
   1   -1    1   -3   -3    3   -2   -2
  -2    1   -2   -1  126   -3   -4   -2
   0   -2    1   -1   -5   -4    0   -3
  -1   -2    0    3   -2    0    0   -4
   0   -2   -5   -2   -1   -4  -22   -3
   0   -9   -8   -3   -3    0   -2   -1
  -4   -1   -4   -2    0   -2   -2   -2
  -1   -1   -4   -4   -2   -2    0    1
   1   -1    1   -2   -3    2   -1   -3
  -2    1   -3   -1  126   -3   -4   -2
   0   -2    1   -3   -5   -5    0   -3
  -2   -3    0    2   -2    0    0   -4
   0   -2   -5   -2   -1   -4  -22   -2
  -1   -9   -8   -3   -3    0   -3   -1
  -4   -2   -4   -2    0   -2   -2   -2
  -2   -2   -3   -4   -2   -2   -1    0
   2   -1    0   -2   -4    2   -1   -2
  -2    1   -2   -1  126   -3   -4   -2
   0   -2    1   -2   -5   -4    0   -3
  -1   -3    0    3   -1    0    0   -4
   0   -2   -5   -2   -1   -4  -22   -3
  -1   -8   -8   -3   -3    0   -3   -1
  -4   -2   -4   -2    0   -2   -2   -3
  -2   -1   -3   -3   -3   -1    0    0
   1   -1    1   -2   -4    0   -1   -3
  -1    0   -3   -1  126   -2   -4   -2
  -1   -2    2   -3   -4   -4    0   -2
  -2   -2    0    2   -2    0    0   -4
   0   -2   -4   -3   -1   -4  -22   -2
  -1   -9   -8   -3   -3    0   -3   -1
  -3   -2   -4   -2    0   -2   -2   -3
  -2   -1   -3   -3   -3   -1   -1    0
   1   -1    1   -2   -4    1   -1   -2
  -2    0   -2   -1  126   -2   -3   -2
  -1   -2    3   -3   -5   -4    0   -2
   0   -1    0    4   -2    1    0   -4
   0   -2   -4   -2   -1   -4  -22   -3
  -1   -8   -8   -3   -4    0   -3   -1
  -4   -2   -4   -2    0   -2   -2   -3
  -2   -1   -4   -3   -3   -1   -1    0
   1   -2    1   -3   -4    1    0   -2
  -2    0   -3   -1  126   -2   -3   -2
  -1   -2    5   -3   -5   -4    0   -2
  -2   -2    0    4   -3    3    0   -4
   0   -2   -4   -2   -1   -4  -22   -2
  -1   -9   -8   -3   -3    0   -3   -1
  -3   -2   -3   -2    0   -2   -2   -2
  -2   -1   -4   -3   -2   -1   -1    0
   1   -2    1   -2   -4    2    0   -2
  -2    0   -3   -1  126   -3   -3   -2
   0   -3    4   -3   -5   -4    0   -2
  -1   -2    0    3   -2    1    0   -4
   0   -2   -4   -2    0   -4  -22   -3
  -1   -8   -8   -3   -4    0   -2   -1
  -3   -2   -4   -2    0   -2   -2   -2
  -2   -1   -4   -3   -3    0   -1    0
   1   -2    1   -3   -3    1    0   -2
  -1    0   -3   -1  126   -3   -3   -2
   0   -2    4   -3   -5   -4    0   -2
  -2   -2    0    3   -3    1    1   -4
   0   -2   -4   -1   -1   -4  -23   -3
  -1   -9   -8   -3   -3    0   -3   -1
  -4   -1   -4   -2    0   -2   -2   -2
  -1   -1   -3   -4   -2   -1   -1    0
   1   -2    1   -3   -4    0    0   -2
  -1    0   -3   -2  126   -2   -4   -2
   0   -2    3   -3   -5   -5    0   -3
  -2   -2    0    3   -2    1    0   -4
   0   -2   -4   -2   -1   -3  -23   -2
   0   -8   -8   -3   -4    0   -3   -1
  -3   -2   -4   -2    0   -3   -2   -2
  -1   -2   -4   -3   -3   -1   -1    0
   2   -2    0   -3   -3    1    0   -3
  -1    0   -3   -1  126   -3   -3   -2
   0   -2    3   -3   -5   -4    0   -2
  -1   -2    0    3   -3    2    0   -4
   0   -2   -4   -2    0   -4  -22   -3
   0   -9   -8   -3   -4    0   -3   -1
  -4   -2   -4   -2    0   -2   -1   -2
  -2   -2   -4   -3   -3    0   -1    0
   2   -2    1   -3   -4    0    0   -2
  -1    0   -3   -1  126   -2   -3   -2
   0   -2    3   -3   -5   -4    0   -2
  -1   -2    0    2   -2    2    0   -4
   0   -2   -4   -2   -1   -4  -23   -2
  -1  -11   -7   -2   -3    0   -2   -1
  -3   -2   -2   -2    0   -2   -1   -2
   0   -1   -3   -3   -3    0   -1    0
   4   -2    2   -2   -3   -3    0   -2
  -1    0   -4    0  126   -3   -4   -2
   0   -2    0   -2   -5   -5    0   -2
  -5   -3    0    0   -3    0    1   -4
   0   -2   -5   -2   -2   -5  -24   -2
   0   -9   -7   -3   -3    0   -2   -1
  -3   -2   -4   -2    0   -2   -2   -3
  -2   -2   -4   -3   -4   -1   -1    0
   1   -2    1   -2   -3    0   -1   -2
  -2    0   -3   -1  126   -2   -3   -2
   0   -2    3   -3   -5   -4    0   -3
  -2   -2    0    3   -3    1    0   -3
   0   -2   -4   -2   -1   -4  -22   -2
  -1   -9   -8   -2   -3    0   -2   -1
  -3   -1   -4   -2    0   -2   -2   -2
  -2   -2   -4   -3   -3    0   -1    0
   1   -2    1   -2   -3    0    0   -3
  -1    0   -3   -1  126   -3   -4   -2
   0   -2    3   -3   -5   -5    0   -2
  -3   -2    0    2   -3    1    0   -4
   0   -2   -4   -2   -1   -4  -23   -3
  -1   -9   -8   -2   -3    0   -2   -1
  -4   -2   -4   -2    0   -3   -2   -2
  -2   -1   -4   -3   -3    0   -1    0
   2   -2    1   -3   -3    0    0   -2
  -1    0   -3   -1  126   -2   -3   -2
   0   -2    4   -3   -5   -5    0   -2
  -1   -1    0    4   -3    1    0   -4
   0   -2   -4   -2   -1   -3  -23   -3
   0   -9   -8   -3   -3    0   -3   -1
  -3   -2   -4   -1    0   -3   -2   -2
  -1   -2   -4   -3   -3    0   -1    0
   2   -2    0   -3   -3    0    0   -2
  -1    0   -3   -2  126   -3   -3   -2
   0   -2    4   -3   -4   -4    0   -3
  -1   -1    0    3   -2    1    0   -4
   0   -2   -4   -2   -1   -4  -23   -3
  -1   -9   -8   -2   -3    0   -3   -1
  -4   -2   -4   -2    0   -3   -2   -2
  -2   -2   -4   -3   -3    0   -1    0
   1   -2    1   -2   -4    1    0   -2
  -1    0   -3   -1  126   -3   -3   -3
   0   -2    4   -3   -5   -4    0   -2
  -1   -1    0    4   -3    2    0   -4
   0   -2   -4   -2   -1   -4  -23   -3
   0   -9   -7   -3   -3    0   -2   -1
  -3   -1   -3   -2    0   -3   -2   -2
  -2   -2   -4   -3   -3    0   -1    0
   2   -2    0   -2   -3    0   -1   -2
  -1    0   -3   -1  126   -3   -4   -2
   0   -2    4   -3   -4   -5    0   -2
  -3   -2    0    3   -3    2    0   -4
   0   -2   -4   -2    0   -4  -24   -2
   0   -9   -7   -3   -3    0   -2   -1
  -4   -1   -1   -2    0   -2   -2   -2
  -1   -3   -4   -3   -4   -1   -1    0
   2   -3    1   -2   -3    0    0   -3
   0    0   -3    0  126   -2   -4   -2
  -1   -2    2   -2   -4   -5    0   -1
  -4   -3    0    3   -3    3    0   -5
   0   -2   -4   -1   -2   -4  -22   -2
  -1   -9   -9   -3   -3    0   -3    0
  -4   -1   -3   -2    0   -3   -2   -2
  -2   -2   -4   -3   -2   -1   -1    0
   0   -2    0   -3   -4    2    0   -2
  -2    0   -3   -1  126   -3   -4   -2
   0   -2    4   -3   -5   -4    0   -2
   0   -1    0    4   -2    1    0   -4
   0   -2   -4   -1   -1   -4  -22   -2
   0   -9   -9   -2   -3    0   -3   -1
  -3   -2   -3   -2    0   -2   -1   -2
  -2   -2   -4   -3   -3   -1   -1    0
   2   -2    1   -3   -3    1    0   -2
  -1    0   -3   -1  126   -3   -3   -2
   0   -2    3   -3   -4   -4    0   -3
  -2   -2    0    3   -2    1    0   -4
   0   -2   -3   -2   -1   -4  -23   -3
  -1   -9   -8   -2   -3    0   -3   -1
  -3   -1   -3   -2    0   -3   -1   -2
  -1   -2   -4   -3   -3    0   -1    0
   1   -2    1   -2   -3    0    0   -2
  -1    0   -4   -1  126   -3   -3   -2
   0   -2    4   -3   -5   -5    0   -3
  -2   -2    0    3   -2    2    0   -4
   0   -2   -4   -2   -1   -3  -24   -3
   0   -9   -9   -3   -3    0   -3   -1
  -3   -2   -3   -2    0   -3   -2   -2
  -2   -1   -4   -3   -2    0   -2    0
   2   -2    1   -3   -3    0    0   -2
  -1    0   -3   -1  126   -3   -4   -2
   0   -2    5   -3   -5   -5    0   -2
  -2   -1    0    3   -3    2    0   -4
   0   -2   -4   -2   -1   -4  -23   -2
  -1  -11   -7   -3   -3    0   -2   -1
  -4   -1   -3   -2    0   -2   -2   -2
  -1   -2   -3   -3   -2   -2    0    0
   1   -1    1   -2   -4    0   -1   -2
  -1    1   -2   -1  126   -3   -4   -2
   0   -2    0   -2   -5   -4    0   -2
  -3   -3    0    1   -1    0    0   -4
   0   -2   -5   -2   -1   -4  -23   -2
  -1  -10   -7   -3   -3    0   -2   -1
  -4   -1   -2   -1    0   -2   -1   -2
   0   -2   -4   -3   -3   -1    0    0
   3   -2    1   -2   -3   -1    0   -2
  -1    1   -3    0  126   -3   -3   -2
   0   -2    0   -2   -5   -4    0   -3
  -4   -3    0    0   -3    1    0   -4
   0   -2   -5   -2   -1   -4  -23   -2
  -1  -10   -7   -2   -3    0   -3   -1
  -3   -1   -3   -2    0   -3   -2   -2
  -1   -2   -3   -3   -3   -1   -1    0
   2   -2    1   -2   -3    0   -1   -2
  -1    0   -3   -1  126   -3   -4   -2
   0   -2    2   -3   -5   -5    0   -3
  -2   -2    0    2   -3    1    0   -4
   0   -2   -4   -1   -1   -3  -23   -2
  -1  -10   -8   -3   -3    0   -2   -1
  -4   -2   -3   -2    0   -3   -1   -3
  -1   -2   -4   -3   -3   -1   -1    0
   1   -2    1   -2   -3    1   -1   -2
  -1    0   -3   -1  126   -3   -3   -2
  -1   -2    2   -3   -5   -4    0   -2
  -1   -2    0    3   -2    1    0   -4
   0   -2   -4   -2   -1   -4  -22   -2
   0   -9   -8   -2   -3    0   -3   -1
  -4   -2   -3   -2    0   -3   -2   -2
  -2   -2   -4   -3   -3   -1   -1    0
   1   -2    1   -3   -4    1   -1   -2
  -1    0   -3   -1  126   -3   -4   -2
   0   -2    2   -3   -4   -4    0   -3
  -1   -2    0    3   -2    1    0   -4
   0   -2   -4   -2   -1   -4  -23   -2
   0   -9   -8   -3   -3    0   -2   -1
  -4   -2   -3   -2    0   -3   -2   -2
  -1   -2   -4   -3   -3   -1   -1    0
   1   -2    1   -2   -3    1    0   -2
  -2    0   -3   -1  126   -2   -4   -2
   0   -2    4   -3   -5   -4    0   -2
  -2   -2    0    3   -3    1    0   -4
   0   -2   -4   -2    0   -4  -23   -3
  -1    0   -3   -4   -3    0   -2   -1
  -4   -2   -1   -2   -1    0   -3   -2
   0   -2    0   -3   -6   -2    0    0
   0   -3    1   -2   -3   -2   -3   -4
   0   -1   -3    0  126   -2   -4   -1
   0    0    0   -3   -3   -5    0   -1
  -7   -4    1    3   -3    1   -1   -6
   0   -2   -6   -2    0   -4  -23   -1
   0   -5   -1   -4   -3    0   -3   -1
  -5   -3    0   -4    0   -1   -1   -1
   4    0    0   -3   -5    0   -2   -1
   1   -3    1   -2   -2   -4   -4   -2
   1    0   -3    0  125   -3    0   -1
  -3   -1   -1   -2   -4   -5    0   -3
  -7   -3    0    0   -2    0   -1   -5
   0   -1   -6   -2   -3   -3  -25   -2
  -1   -5   -5   -3   -2    0   -3   -1
  -4   -2   -1   -2    0   -1   -1   -1
   2   -1   -1   -3   -6   -1    0   -1
   1   -4    1    0   -3   -2   -1   -2
   0   -1   -2    0  126   -1   -3   -1
  -2   -2    0   -4   -4   -6    0   -1
  -7   -3    0    3   -2    2   -1   -6
   0   -2   -6   -2   -3   -5  -24   -2
  -1   -9   -8   -3   -4    0   -2    0
  -3   -1   -3   -2    0   -3   -2   -2
  -2   -2   -4   -3   -2    0    0    0
   2   -2    1   -2   -4    0    0   -2
  -1    0   -3   -1  126   -3   -4   -2
   0   -2    3   -3   -5   -4    0   -3
  -3   -2    0    2   -2    1    0   -4
   0   -2   -4   -2   -1   -4  -23   -2
  -1   -9   -8   -3   -3    0   -3   -1
  -3   -1   -3   -2    0   -3   -2   -2
  -2   -2   -3   -3   -3   -2    0    1
   1   -1    2   -2   -4    0    0   -3
  -1    0   -3   -1  126   -3   -3   -2
   0   -2    2   -3   -5   -4    0   -3
  -4   -3    0    1   -3    1    0   -4
   0   -2   -5   -1   -1   -4  -23   -2
  -1   -9   -8   -3   -3    0   -2   -1
  -4   -2   -3   -2    0   -3   -2   -2
  -2   -1   -4   -3   -3   -1   -1    0
   0   -2    1   -2   -4    0    0   -2
  -1    0   -3   -1  126   -3   -4   -2
   0   -2    4   -3   -5   -5    0   -2
  -2   -2    0    3   -3    2    0   -4
   0   -2   -4   -2    0   -4  -23   -3
  -1  -11   -5   -2   -3    0   -2   -2
  -5   -1   -1   -1    0   -2   -1   -1
   0   -1   -3   -3   -2    0   -1    0
   4   -2    2   -2   -2   -3   -1   -2
  -1    1   -4    0  126   -3   -4   -2
   1   -2    0   -3   -5   -5    0   -3
  -5   -3    0   -1   -3    0    1   -3
   0   -2   -5   -2   -2   -5  -24   -2
  -1  -12   -5   -3   -3    0   -2   -1
  -4   -2   -2   -2    0   -2   -2   -2
   0   -1   -3   -3   -3   -1   -1    0
   3   -2    2   -2   -3   -1   -1   -2
  -1    1   -3    0  126   -3   -4   -1
   0   -1    0   -2   -4   -4    0   -3
  -5   -3    0    0   -2    0    0   -4
   0   -2   -5   -2   -2   -5  -23   -2
  -1  -10   -7   -2   -3    0   -2   -1
  -4   -1   -2   -1    0   -2   -1   -2
   0   -2   -3   -3   -2   -1   -1    0
   2   -1    2   -2   -3   -2   -2   -2
  -1    1   -3    0  126   -4   -4   -2
   0   -2    0   -2   -4   -4    0   -3
  -4   -3    0    0   -3    0    0   -4
   0   -2   -4   -3   -2   -4  -23   -2
  -1  -10   -7   -3   -3    0   -2   -1
  -3   -1   -2   -1    0   -2   -1   -2
   0   -2   -4   -3   -3   -1   -1    0
   3   -2    2   -2   -3   -1   -1   -2
  -1    0   -3   -1  126   -3   -4   -2
   0   -2    0   -3   -4   -4    0   -2
  -5   -3    0    0   -2    0    0   -4
   0   -2   -5   -2   -1   -4  -23   -2
  -1  -10   -7   -3   -3    0   -2   -1
  -4   -1   -3   -1    0   -2   -2   -2
  -2   -2   -4   -3   -3   -2   -1    0
   2   -2    1   -2   -4    0   -1   -2
  -1    1   -3   -1  126   -3   -4   -2
   0   -2    1   -2   -5   -4    0   -2
  -2   -3    0    2   -1    0    0   -4
   0   -2   -5   -2   -1   -4  -23   -2
  -2   -9   -7   -3   -3    0   -2   -1
  -4   -1   -3   -2    0   -2   -2   -2
  -1   -2   -4   -2   -4   -1   -1    0
   2   -2    1   -2   -3    0   -1   -2
  -1    0   -3    0  126   -2   -4   -2
   0   -1    1   -2   -4   -4    0   -2
  -3   -3    0    3   -3    0    0   -4
   0   -2   -4   -2    0   -4  -23   -2
   0   -6   -3   -5   -3    0   -3   -1
  -3   -2    0   -3    0    0   -1   -1
   4    0   -1   -4   -6   -1   -2    0
   0   -4    0   -2   -4   -2   -5   -3
   0    0   -2    0  126   -2   -4   -1
  -1    0   -2   -1   -3   -5    0   -2
  -7   -4    1    0   -2    0    0   -5
   0   -2   -5   -3   -1   -3  -24   -2
   0   -4   -4   -5   -3    0   -3   -1
  -4   -2   -1   -3    0   -1   -1   -1
   4    0   -1   -4   -5    0    0   -1
  -1   -5    0   -1   -2    0   -5   -2
   1    0   -1    0  126   -2   -2   -1
  -2   -1   -2   -2   -3   -5    0   -2
  -7   -4    0    0   -2    0   -1   -5
   0   -2   -6   -3   -3   -3  -22   -2
   0   -7   -5   -4   -3    0   -3   -2
  -4   -2   -2   -2    0    0   -1   -1
   3    0   -1   -3   -7   -1   -2   -1
   3   -4    0   -2   -2   -1   -2   -2
   0    0   -3    0  125   -1    0   -2
  -1   -2   -1   -3   -3   -6    0   -1
  -8   -3    0    1   -2    1   -1   -4
   0   -1   -5   -2   -3   -4  -25   -1
  -1   -9   -7   -2   -3    0   -2   -1
  -3   -2   -3   -2    0   -2   -2   -3
  -2   -1   -4   -3   -2    0   -1    0
   2   -2    1   -2   -3    0   -1   -2
  -1    0   -3   -1  126   -2   -3   -2
   0   -2    3   -3   -4   -4    0   -3
  -3   -2    0    2   -3    1    0   -4
   0   -2   -4   -2   -1   -4  -23   -2
   0   -9   -7   -3   -3    0   -3   -1
  -3   -1   -3   -2    0   -2   -2   -2
  -1   -1   -3   -3   -3   -2   -1    0
   1   -1    2   -2   -3    0   -1   -2
  -1    0   -3   -1  126   -3   -4   -2
   0   -1    3   -3   -5   -4    0   -2
  -4   -3    0    1   -3    1    0   -4
   0   -2   -5   -1   -1   -5  -22   -2
  -1   -9   -7   -3   -3    0   -3   -1
  -4   -1   -3   -2    0   -2   -2   -2
  -2   -1   -3   -3   -3   -2   -1    0
   1   -2    1   -2   -4    0   -1   -2
  -1    0   -3   -1  126   -3   -3   -2
   0   -1    2   -2   -5   -4    0   -3
  -4   -3    0    2   -2    2    0   -4
   0   -2   -5   -2   -1   -4  -23   -2
   0  -11   -3   -3   -3    0   -3   -2
  -4   -1    0   -2    0   -1   -2   -2
   2   -2    0   -4   -4   -1    0    0
   2   -2    1    0   -3   -2   -2   -3
  -1    0   -3    0  125   -3   -2   -1
   0   -1   -1   -1   -3   -5    0   -3
  -7   -4    1   -1   -2    0    0   -5
   0   -2   -6   -2   -2   -5  -24   -1
   0   -6   -2   -4   -3    0   -2   -2
  -4   -2   -1   -2    0   -1   -3   -2
   1   -1   -1   -4   -3   -1    0    0
   1    0    1   -1   -4   -2   -3   -4
  -1    0   -2    0  126   -4   -5   -1
   0   -1    0    0   -3   -4    0   -3
  -7   -4    0   -2   -3    0    0   -5
   0   -2   -6   -2   -2   -6  -22   -2
   0   -7   -3   -4   -3    0   -3   -2
  -4   -2   -1   -2    0   -1   -3   -1
   1   -2   -1   -4   -4   -2    0    0
   2    0    0   -1   -3    0   -3   -3
  -1    0   -2    0  126   -4   -4   -1
   0   -2   -2    0   -3   -5    0   -2
  -5   -4    1    0   -2    0    0   -5
   0   -2   -6   -2   -2   -6  -21   -2
  -1  -12   -5   -3   -3    0   -3   -2
  -4   -1   -1   -1    0   -2   -2   -2
   2   -2   -1   -3   -4   -1   -1    0
   3   -2    2   -1   -2    0   -1   -3
   0    1   -2    0  126   -3   -3   -1
   0   -2   -1   -2   -3   -5    0   -2
  -5   -3    0    0   -2    0   -1   -5
   0   -2   -6   -2   -2   -5  -23   -2
  -1  -11   -3   -4   -3    0   -2   -2
  -4   -1    0   -1    0   -1   -2   -2
   2   -1   -1   -4   -4   -1    0    1
   2   -1    2   -1   -3   -2   -1   -3
   0    0   -3    0  125   -4   -3   -2
   1   -2   -2   -1   -4   -5    0   -3
  -7   -4    0   -2   -2    0    0   -4
   0   -2   -5   -1   -2   -6  -25   -1
  -1  -12   -3   -3   -3    0   -3   -3
  -4   -1   -1   -1    0   -2   -2   -1
   2   -1   -1   -4   -4    0   -1    0
   3   -2    1   -1   -3   -1   -1   -2
  -1    0   -3    0  125   -3   -2   -1
   1   -2   -1   -2   -4   -5    0   -3
  -6   -4    1   -1   -2    1    0   -4
   0   -1   -5   -2   -2   -5  -25   -2
   0   -8   -3   -5   -4    1   -3   -2
  -5   -2    0   -4    0    0   -2   -2
   2    0    0   -3   -5    0   -2    0
   1   -3    1   -1   -2   -1   -5   -4
   0    0   -3    0  126   -2   -2   -1
   0   -1    0    0   -2   -4    0   -3
  -7   -4    0   -2   -3   -1    0   -5
   0   -2   -6   -2   -1   -4  -23   -2
   0   -5   -2   -4   -2    0   -3   -1
  -5   -2    1   -4   -1   -1    0   -1
   3    0    0   -3   -5    0   -1    0
   1   -4    1   -1   -3   -3   -4   -2
   1   -1   -4    1  125   -4   -1    0
  -3   -2    0   -2   -4   -5    0   -3
  -9   -3    0   -1   -3    2   -1   -4
   0   -1   -5   -2   -3   -3  -25   -2
  -1  -11   -4   -2   -3    0   -2   -1
  -5   -2   -1   -1    0   -2    0   -1
   2   -2   -3   -3   -4    0   -1    0
   4   -3    2   -1   -2   -2    0   -2
   0    0   -3    1  125   -3   -3   -1
   0   -3   -2   -3   -4   -5    0   -2
  -6   -3    0    0   -2    0    0   -5
   0   -2   -5   -2   -2   -5  -25   -2
  -1  -12   -4   -3   -3    0   -2   -2
  -4   -1    0   -1    0   -2   -2   -1
   1   -1   -2   -4   -3   -1    0    0
   4   -2    2   -1   -3   -2   -1   -3
  -1    0   -2    0  125   -3   -3   -2
   1   -1   -1   -2   -4   -5    0   -3
  -6   -4    0   -1   -3    0    0   -4
   0   -2   -5   -1   -2   -5  -24   -2
   0  -11   -3   -3   -3    0   -3   -3
  -4   -1    0   -1    0   -1   -2   -1
   2   -1   -1   -4   -4   -1    0    0
   2   -1    1   -1   -3    0   -2   -3
  -1    1   -2    0  126   -3   -2   -1
   0   -2   -2   -1   -4   -5    0   -4
  -6   -4    0   -2   -3    0    0   -5
   0   -2   -5   -1   -2   -6  -24   -2
   0  -11   -4   -4   -4    0   -3   -2
  -4   -1    0   -2    0   -2   -2   -2
   0   -1   -1   -4   -3   -2    0    1
   2   -1    2   -2   -3   -2   -3   -3
  -1    2   -3    0  126   -3   -3   -2
   1   -2   -1   -1   -4   -4    0   -3
  -5   -4    0   -2   -3    0    1   -4
   0   -2   -5   -2   -2   -5  -23   -1
   0   -2   -1   -5   -4    1   -3   -2
  -5   -2    0   -3    0    0   -2   -2
   0    0   -1   -3   -2   -1    0    1
   1    0    1   -2   -4   -3   -5   -3
  -1    0   -3    0  126   -4   -5   -1
   0   -2   -1    1   -3   -3    0   -4
  -8   -4    0   -4   -4    0    0   -4
   0   -2   -6   -1   -2   -6  -22   -2
   0   -2   -1   -5   -4    0   -2   -2
  -5   -2   -1   -3    0    0   -3   -2
   0    0    0   -4   -2   -1    0    0
   1    0    0   -2   -4   -2   -5   -4
  -1    1   -3    0  126   -3   -4   -1
   0   -2    0    1   -2   -3    0   -3
  -8   -4    1   -3   -4    2    0   -5
   0   -2   -6   -2   -2   -6  -22   -2
   0   -2   -1   -5   -4    1   -3   -2
  -4   -3   -1   -3    0    0   -2   -2
   0    0   -1   -3   -2   -1   -1    1
   1    0    1   -2   -4   -3   -5   -4
  -1    1   -3    0  126   -3   -5   -2
   0   -2    0    1   -3   -3    0   -4
  -7   -4    0   -4   -4    1    0   -5
   0   -2   -7   -2   -2   -6  -22   -2
   0   -5   -2   -5   -4    0   -3   -3
  -5   -2    0   -3    0   -1   -3   -2
   0    0    0   -4   -2   -1    0    1
   1    0    2   -1   -3   -1   -4   -3
  -1    1   -2    0  126   -3   -5   -2
   0   -2    0    1   -4   -3    0   -3
  -7   -4    0   -5   -3    1    0   -4
   0   -2   -6   -2   -3   -6  -22   -1
   0   -8   -2   -4   -4    0   -3   -2
  -5   -2   -1   -2    0   -1   -3   -2
   2   -1    0   -4   -2   -1    0    1
   0    0    1   -2   -4   -1   -5   -3
  -1    2   -3    0  126   -4   -4   -1
   0   -2    0    0   -4   -4    0   -3
  -7   -4    0   -4   -3    1    0   -5
   0   -2   -6   -2   -2   -6  -22   -2
   0    0   -2   -5   -3    0   -2   -1
  -4   -2   -1   -3   -1   -1   -2   -2
   2   -1    0   -4   -5   -1   -1    0
   1   -3    0   -2   -3    0   -5   -4
   0   -1   -2    0  126   -3   -6   -1
   0   -1   -3    0   -2   -5    0   -2
  -7   -4    1    0   -2    0   -1   -6
   0   -2   -5   -3   -1   -4  -22   -2
   0    0   -4   -5   -3    1   -3   -2
  -3   -3   -1   -4   -1    0   -2   -2
   2    0   -2   -4   -5   -1   -1    0
   0   -3    0   -2   -3   -3   -6   -3
   0   -1   -2    0  126   -1   -5   -2
  -1    0   -1   -1   -2   -4    0   -1
  -8   -4    1   -3   -3    0    0   -6
   0   -2   -6   -2   -1   -2  -23   -1
   1   -1   -4   -5   -3    2   -3   -1
  -4   -2   -3   -4    0    0   -2   -2
   1    0   -3   -4   -5   -1   -1   -1
   1   -3    0   -1   -3   -1   -6   -3
   0    0   -2    0  126   -1   -3   -2
  -1    0    0   -2   -2   -5    0   -1
  -7   -4    0   -1   -3    0   -1   -6
   0   -1   -6   -2   -3   -3  -21   -1
  -1   -6   -2   -4   -3    0   -3   -1
  -4   -3    0   -3   -1   -2   -1   -1
   5    0    0   -4   -5    0    0    0
   0   -4    0   -1   -1   -1   -4   -3
   0   -1   -2    0  125   -3   -2   -1
  -2   -2   -4   -1   -2   -5    0   -2
  -7   -3    0    0   -1    0   -1   -5
   0   -2   -6   -2   -2   -4  -24   -2
  -1   -7   -3   -4   -2    0   -3   -2
  -4   -2    0   -2    0   -1   -2   -2
   3   -1   -1   -4   -4   -1    0    0
   2   -3    1   -1   -2   -1   -2   -3
   0    0   -2    0  126   -2   -2    0
  -1   -2   -3   -2   -3   -6    0   -2
  -6   -4    0    0   -3    0   -1   -5
   0   -2   -6   -2   -3   -4  -23   -2
   0   -9   -2   -4   -3    0   -3   -2
  -5   -1    0   -2    0   -1   -1   -2
   1   -1    0   -4   -2   -1    0    1
   2   -2    2   -1   -3   -3   -3   -3
  -1    1   -3    0  126   -3   -3   -2
   0   -2   -1   -1   -4   -4    0   -4
  -6   -4    0   -4   -3    0    0   -4
   0   -2   -6   -2   -2   -7  -23   -1
   0   -2   -3   -4   -3    1   -2   -3
  -4   -1    1   -3    0    0   -2   -2
   0    0    0   -4   -6   -1   -1    1
   1   -2    2   -1   -3   -3   -3   -3
  -1    0   -3    0  126   -3   -3   -2
  -1   -2    0   -2   -5   -4    0   -3
  -8   -5    0   -4   -4    2    0   -4
   0   -1   -6   -1   -2   -5  -24   -2
   0   -3   -1   -4   -3    1   -3   -2
  -4   -2    1   -4    0   -1   -2   -1
   2    0    0   -4   -3   -1    0    0
   1   -2    2   -2   -2   -4   -5   -3
   0    0   -3    0  125   -3   -3   -1
   0   -2    0    0   -3   -3    0   -3
  -9   -4    0   -5   -4    0    0   -4
   0   -1   -5   -2   -2   -4  -25   -2
   0   -8    0   -4   -4    0   -3   -2
  -5   -2    0   -4    0    0   -1   -1
   3    0    0   -4   -3    0    0    0
   0   -2    1   -1   -2   -2   -4   -3
   0    0   -3    0  125   -3   -4   -1
  -1   -2   -1    0   -3   -5    0   -3
  -7   -3    0   -3   -3    1    0   -4
   0   -2   -6   -2   -1   -5  -25   -2
   0   -8   -1   -4   -3    0   -3   -2
  -4   -2    0   -3    0   -1   -2   -2
   4    0    0   -4   -3    0    0    0
   1   -3    1   -2   -2   -1   -4   -3
   0    0   -3    0  126   -4   -4   -1
   0   -2   -2    0   -4   -5    0   -3
  -7   -4    0   -4   -3    0   -1   -4
   0   -1   -5   -2   -2   -5  -23   -2
   0   -5   -2   -4   -4    0   -3   -1
  -5   -2    0   -4   -1    0   -2   -2
   2   -1    0   -4   -4   -1   -1   -1
   1   -4    1   -1   -2    0   -4   -3
   0   -1   -2    0  126   -2   -4    0
   0   -2   -2    0   -2   -5    0   -2
  -8   -4    2    1   -2    0   -1   -5
   0   -2   -5   -2   -1   -4  -23   -2
   0    0   -3   -4   -3    0   -3   -1
  -4   -3   -2   -4    0   -1   -2   -2
   2   -1   -1   -4   -5   -1    0   -1
   1   -4    0   -2   -3    0   -6   -3
   0    0   -2    0  126   -3   -6   -1
  -1   -1   -4    0   -2   -5    0   -1
  -7   -4    1    1   -2    0   -1   -6
   0   -2   -6   -2   -2   -3  -21   -2
   2    0   -2   -6   -4    1   -3   -2
  -4   -2   -1   -4   -1    0   -2   -2
   0    0   -2   -4   -3   -1    0    0
   2   -2    0   -2   -3   -2   -7   -4
   0    0   -3    0  126   -3   -5   -2
  -1    0    0    1   -2   -3    0   -3
  -7   -4    0   -4   -4    0    0   -6
   0   -1   -5   -2   -2   -5  -20   -2
   1    3   -2   -7   -5    1   -3   -3
  -4   -3   -1   -4    0   -1   -3   -3
  -1    0   -2   -4   -2   -1    0    0
   2    0    0   -2   -4   -2   -6   -4
  -1    0   -2    1  126   -4   -5   -2
  -1   -2    0    3   -2   -3    0   -3
  -8   -4    1   -4   -4    2    0   -5
   0   -2   -6   -3   -3   -6  -20   -2
   1    0   -1   -6   -5    0   -3   -3
  -4   -2    0   -4   -1   -1   -2   -2
   0    0   -1   -4   -2   -1    0    0
   1    0    1   -2   -3   -3   -5   -4
  -1    0   -3    0  126   -3   -5   -2
  -1   -1   -1    2   -3   -3    0   -3
  -8   -4    0   -5   -4    2    0   -4
   0   -1   -6   -2   -2   -6  -21   -2
   0   -9   -3   -4   -3    1   -3   -1
  -5   -2   -1   -3    0    0   -2   -1
   4    0    0   -3   -4   -1   -2    0
   1   -3    1   -1   -2   -2   -4   -3
   0    0   -3    0  125   -3   -2   -1
  -1   -1   -1   -1   -3   -5    0   -2
  -7   -4    1   -2   -3    0   -1   -6
   0   -2   -6   -2   -1   -3  -25   -2
   0   -7   -3   -4   -4    0   -4   -1
  -5   -3   -1   -3    0    0    0   -1
   5    0    0   -4   -5    0   -3    0
   3   -5    1   -2   -1   -3   -3   -2
   0   -1   -3    0  125   -3    0   -1
  -1   -1   -2   -3   -4   -6    0   -3
  -8   -3    0    1   -1    0   -1   -5
   0   -1   -5   -2   -2   -4  -24   -2
   0   -7   -3   -4   -2    0   -2   -1
  -4   -2    1   -2    0   -1    0   -1
   5    0    0   -3   -5    0   -1    0
   1   -3    2   -1   -2   -4   -3   -2
   0    0   -3    0  125   -3   -1   -1
  -3   -2   -2   -3   -3   -5    0   -3
  -8   -3    1   -1   -3    1   -1   -5
   0   -2   -6   -2   -2   -4  -26   -2
   0   -7   -2   -3   -3    0   -3   -2
  -5   -1    0   -2    0   -1   -2   -2
   4    0    0   -4   -5   -1   -1    0
   2   -3    2   -2   -2   -2   -3   -3
   0    0   -2    0  125   -4   -3   -1
   0   -2   -2   -1   -3   -4    0   -4
  -8   -4    1   -4   -3    0    0   -5
   0   -1   -5   -2   -2   -5  -25   -2
   0   -7   -1   -3   -4    0   -3   -2
  -5   -1    0   -3    0   -1    0   -1
   6    0    0   -4   -4    0   -2    0
   1   -3    1   -2   -1   -3   -4   -3
   0    0   -3    0  125   -3   -3   -1
  -1   -2   -2    0   -4   -5    0   -4
  -8   -3    1   -2   -2    1    0   -5
   0   -1   -5   -2   -2   -4  -25   -2
   0   -7   -1   -4   -3    0   -3   -1
  -5   -3    1   -4   -1    0   -2   -2
   3   -1    0   -3   -3    0    0    0
   0   -4    1   -2   -2    0   -5   -3
   0    0   -3    0  126   -3   -2   -1
  -1   -1   -1   -1   -3   -4    0   -3
  -8   -3    1   -3   -3    0   -1   -4
   0   -2   -5   -3   -1   -4  -24   -2
   0   -5   -3   -4   -3    0   -3    0
  -4   -3   -1   -3   -1   -1   -1   -2
   3    0    0   -4   -5    0   -1   -1
   0   -4    0   -2   -3    1   -6   -3
   0   -1   -2    0  126   -3   -5   -1
  -1    0   -3   -1   -2   -5    0   -1
  -7   -4    1    2   -1    0   -1   -6
   0   -2   -5   -3    0   -3  -24   -2
   2    0   -4   -5   -3    1   -3   -1
  -4   -2   -2   -4   -1    0   -2   -2
   0    0   -3   -4   -5    0   -1    0
   0   -4    0   -2   -3   -1   -7   -3
   0    0   -2    0  126   -2   -5   -1
  -1    1   -1   -2   -3   -5    0   -1
  -6   -3    0   -2   -3   -1    0   -6
   0   -1   -5   -3   -1   -3  -21   -1
   1    4   -3   -6   -4    1   -3   -2
  -4   -2   -2   -4   -1    0   -2   -3
  -1    0   -2   -4   -4    0    0    0
   2   -1    0   -2   -4   -1   -6   -3
  -1    0   -3    1  127   -2   -5   -2
  -2    0    0    0   -2   -4    0   -2
  -7   -4    0   -3   -4    0    0   -5
   0   -1   -6   -3   -2   -5  -19   -2
   2    4   -2   -7   -5    1   -3   -2
  -5   -3   -1   -4   -1    0   -3   -2
  -2    0   -2   -3   -1    0    0    0
   2    0    0   -3   -4   -2   -7   -4
  -2    0   -2    1  126   -3   -5   -2
  -1   -2    0    3   -2   -3    0   -3
  -7   -4    1   -4   -4    2    0   -5
   0   -2   -6   -3   -2   -6  -21   -2
   1    3   -2   -6   -5    1   -3   -2
  -4   -2   -1   -3   -1   -1   -3   -3
  -2    0   -2   -3   -2   -1    0    0
   2    0    0   -2   -4   -1   -6   -4
  -2    0   -3    1  126   -3   -5   -2
  -1   -2    0    3   -2   -3    0   -4
  -7   -4    1   -4   -3    1    0   -5
   0   -1   -6   -3   -2   -7  -20   -2
   0   -6   -3   -5   -4    0   -3   -2
  -4   -2   -1   -3    0    0   -2   -2
   1    0    0   -4   -3   -1    0    0
   2   -1    1   -2   -2    0   -4   -3
  -1    2   -3    0  126   -3   -4   -2
   0   -2    0    0   -3   -4    0   -3
  -6   -4    0   -3   -4    0    0   -5
   0   -1   -5   -2   -3   -6  -21   -2
   0   -6   -2   -4   -3    1   -3   -2
  -4   -2    0   -3    0   -1   -2   -2
   0    0   -1   -4   -3   -1    0    0
   1   -1    2   -1   -3   -2   -3   -3
   0    0   -3    0  126   -3   -3   -1
   0   -2   -1    0   -4   -3    0   -3
  -8   -4    0   -4   -4    0    0   -4
   0   -2   -6   -2   -2   -6  -23   -2
   0   -9   -2   -3   -3    0   -2   -2
  -5   -1    0   -2    0    0   -1   -1
   3    0    0   -4   -5    0   -2    0
   5   -3    2   -2   -2   -4   -2   -3
   0    0   -4    0  125   -3    0   -2
   0   -3    0   -3   -4   -5    0   -3
  -8   -4    0   -2   -3    1    0   -5
   0   -2   -5   -2   -1   -5  -26   -2
   0   -7   -2   -3   -2    0   -2   -1
  -5   -2    0   -3    0   -1   -1   -1
   3    0    0   -4   -5    0   -1    0
   4   -4    3   -2   -3   -4   -2   -2
   0    0   -3    0  125   -3   -1   -1
   0   -2    0   -4   -5   -5    0   -3
  -8   -4    0   -3   -3    3    0   -4
   0   -1   -5   -2   -2   -4  -27   -2
   0   -6   -2   -4   -3    0   -3   -1
  -4   -2   -1   -3    0    0    0   -1
   5    0    0   -3   -5    0   -2    0
   3   -3    2   -2   -1   -4   -3   -3
   0   -1   -3    0  125   -4    0   -1
   0   -2   -1   -2   -3   -6    0   -3
  -8   -4    0    0   -3    1   -1   -4
   0   -2   -5   -2   -2   -3  -27   -2
   0   -4   -2   -5   -3    0   -2    0
  -5   -2   -1   -4   -1   -1   -2   -2
   3   -1    0   -4   -4    0    0    0
   1   -4    0   -2   -2    0   -6   -3
   0    0   -2    0  126   -3   -6    0
  -1   -1   -1   -1   -3   -5    0   -2
  -7   -3    2    0   -2    0   -2   -5
   0   -2   -5   -2   -1   -4  -23   -2
   1   -2   -4   -4   -3    0   -3    0
  -4   -2   -1   -4    0   -2   -1   -2
   3    0   -2   -4   -5    0   -1   -1
   1   -2    0   -2   -3   -1   -6   -2
   0   -1   -2    0  126   -2   -6    0
  -2    0   -4   -2   -3   -5    0   -1
  -6   -3    1    2    0    0   -2   -6
   0   -1   -5   -3   -1   -4  -22   -1
   2    4   -4   -6   -3    1   -3   -1
  -4   -3   -2   -5   -1   -1   -2   -2
  -1    0   -3   -4   -6    0    0    0
   1   -3    0   -2   -4    0   -7   -3
   0    0   -2    0  126   -2   -5   -1
  -1    1   -1   -2   -3   -5    0   -1
  -6   -4    1   -2   -3    0    0   -7
   0   -1   -5   -3   -1   -4  -20   -1
   2    5   -4   -6   -4    1   -3   -2
  -4   -3   -2   -4   -1    0   -2   -2
  -1    0   -3   -4   -5    0    0    0
   2   -1    0   -3   -3   -1   -7   -4
  -1    0   -2    1  126   -2   -5   -1
  -1    0    0    0   -2   -4    0   -2
  -7   -4    0   -4   -4    0    0   -6
   0   -1   -6   -3   -3   -5  -19   -1
   2    4   -2   -7   -5    1   -3   -2
  -5   -3   -2   -4   -1   -1   -4   -3
  -2    0   -2   -3   -2    0    0    0
   2    0    0   -2   -4    0   -6   -4
  -2    0   -3    1  126   -3   -5   -2
  -1   -1    0    3   -3   -3    0   -4
  -6   -4    1   -4   -4    1    0   -5
   0   -1   -6   -3   -2   -7  -20   -1
   1    2   -3   -6   -5    1   -3   -2
  -5   -3   -1   -3   -1   -1   -3   -2
  -1    0   -1   -3   -2   -1    0    0
   2    0    0   -2   -4   -1   -6   -4
  -2    0   -3    1  126   -3   -5   -2
   0   -2    0    3   -3   -3    0   -3
  -7   -4    1   -5   -4    2    0   -4
   0   -2   -6   -4   -3   -6  -19   -2
   2    2   -3   -6   -5    0   -3   -2
  -5   -3   -2   -3   -1    0   -3   -3
  -2    0   -2   -4   -1   -1    0    0
   2    0    0   -2   -4    0   -6   -4
  -2    1   -3    1  126   -3   -5   -2
  -1   -2    0    3   -3   -3    0   -4
  -7   -4    0   -4   -4    1    0   -4
   0   -2   -6   -2   -2   -7  -20   -2
   0   -1   -3   -4   -3    2   -3   -2
  -5   -1    0   -4   -1   -1   -3   -2
   0   -1   -2   -4   -3   -1    0    0
   0    0    1   -1   -3   -2   -4   -3
  -1    0   -3    0  126   -2   -4   -2
   0   -2    0    0   -3   -4    0   -3
  -7   -4    0   -2   -4    0    0   -5
   1   -2   -6   -2   -2   -5  -22   -2
  -1   -5   -1   -4   -4    0   -3   -3
  -4   -2    0   -3    0   -1   -2   -2
   1   -1    0   -5   -3   -2   -1    1
   1   -1    2   -2   -3   -2   -4   -3
  -1    1   -3    0  126   -3   -4   -2
   1   -2   -1    0   -4   -4    0   -3
  -7   -4    0   -3   -4    0    0   -4
   0   -2   -6   -2   -2   -6  -22   -2
   0   -8   -3   -4   -3    1   -3   -2
  -5   -1    1   -2    0   -1   -1   -2
   2    0    0   -3   -4    0    0    0
   2   -2    2   -1   -3   -3   -2   -3
  -1    0   -3    0  125   -3   -2   -1
   0   -2   -1   -2   -4   -4    0   -3
  -7   -4    0   -4   -3    1    0   -5
   0   -1   -5   -2   -2   -6  -25   -1
   0   -7   -3   -3   -2    1   -2   -1
  -4   -2    2   -3    0   -2   -1   -2
   3    0    0   -3   -6    0   -2    0
   3   -4    2   -2   -3   -4   -2   -2
   0    0   -4    0  125   -3   -1   -1
  -1   -2    0   -3   -5   -5    0   -3
  -9   -4    0   -3   -3    2    0   -4
   0   -1   -5   -2   -2   -4  -26   -2
   0   -8   -2   -3   -2    0   -3   -2
  -4   -2    0   -2    0    0    0   -1
   4    0    0   -4   -5    0   -1    0
   5   -4    2   -2   -2   -4   -2   -3
   0    0   -3    0  125   -4   -1   -1
   0   -3    0   -3   -4   -6    0   -3
  -9   -3    0   -2   -3    1    0   -4
   0   -1   -5   -1   -1   -5  -26   -1
   1    1   -3   -5   -4    1   -2   -1
  -4   -3   -1   -5   -1    0   -1   -2
   0    0   -3   -4   -5    0   -1    0
   1   -3    0   -2   -3   -2   -7   -3
   0    0   -2    0  126   -2   -5   -1
  -2    1    0   -2   -3   -5    0   -2
  -7   -3    1   -3   -3    0    0   -6
   0   -1   -5   -3   -1   -4  -20   -2
   1    6   -3   -6   -4    2   -3   -2
  -4   -2   -2   -4   -1    0   -2   -2
  -1    0   -3   -4   -4   -1    0    0
   1   -2    0   -3   -4   -2   -8   -3
  -1    0   -2    1  126   -2   -5   -1
  -2    0    0   -1   -2   -4    0   -2
  -7   -4    1   -4   -4    0    0   -6
   0   -1   -5   -3   -2   -5  -20   -2
   3    5   -3   -6   -4    1   -2   -2
  -4   -2   -2   -4   -1    0   -3   -3
  -1    0   -2   -4   -4   -1    0    0
   1   -2    0   -3   -4   -2   -7   -4
  -1    0   -3    0  126   -3   -5   -2
  -1    1    0    0   -1   -3    0   -3
  -7   -4    1   -4   -4    0    0   -6
   0   -1   -6   -3   -2   -6  -19   -2
   2    7   -3   -6   -5    1   -3   -2
  -5   -3   -1   -4   -1   -1   -3   -3
  -2    0   -2   -3   -2    0    0    0
   2    0    0   -3   -4   -1   -6   -4
  -2    0   -3    2  126   -3   -4   -2
  -1   -1   -1    3   -2   -3    0   -3
  -7   -4    0   -4   -4    1    0   -5
   0   -1   -6   -3   -3   -6  -20   -2
   2    7   -2   -6   -4    1   -3   -2
  -5   -3   -1   -4   -1   -1   -3   -3
  -1    0   -3   -4   -2    0    0    0
   2    0    0   -3   -4   -1   -7   -4
  -2    0   -2    1  126   -3   -6   -2
  -1   -1   -1    2   -1   -3    0   -3
  -7   -4    0   -5   -4    2    0   -6
   0   -1   -6   -3   -2   -7  -20   -2
   3    4   -2   -6   -5    1   -4   -2
  -5   -3   -1   -4   -1   -1   -3   -3
  -1    0   -2   -4   -2   -1    0    0
   2    1    0   -2   -4   -2   -6   -4
  -1    0   -3    1  126   -3   -6   -2
  -1   -1   -1    2   -2   -3    0   -3
  -7   -4    0   -4   -4    2    0   -5
   0   -2   -7   -3   -2   -5  -20   -2
   2    4   -2   -6   -4    1   -3   -2
  -5   -3   -1   -4   -1   -1   -3   -3
  -2    0   -2   -3   -2   -1    0    0
   2    0    0   -2   -4   -1   -6   -4
  -2    0   -3    1  126   -3   -6   -2
  -1   -2   -1    3   -2   -3    0   -3
  -7   -4    1   -4   -5    1    0   -5
   0   -2   -7   -3   -2   -6  -20   -2
   0   -2   -2   -5   -4    1   -3   -2
  -5   -2    0   -3    0    0   -3   -2
   0    0   -1   -5   -2   -1    0    0
   2   -1    1   -1   -3   -3   -5   -3
  -1    0   -3    0  126   -3   -4   -2
   0   -3   -1    0   -3   -3    0   -3
  -6   -4    1   -3   -4    0    0   -4
   0   -2   -5   -2   -3   -6  -21   -2
   0   -8   -3   -5   -4    1   -2   -2
  -5   -2    0   -2    0    0   -2   -2
   1   -1    0   -4   -4   -2    0    0
   1   -2    2    0   -2   -2   -4   -4
  -1    1   -3    0  126   -3   -4   -1
   0   -2   -1    0   -3   -4    0   -3
  -6   -4    0   -3   -4    0    0   -4
   0   -2   -5   -2   -1   -6  -23   -2
   0   -5   -3   -4   -3    0   -3   -2
  -4   -2    2   -3    0   -1   -2   -2
   0    0   -1   -3   -5   -1    0    1
   1   -2    1   -1   -2   -3   -3   -3
  -1    0   -3    0  126   -2   -3   -1
  -1   -2   -1   -1   -4   -4    0   -3
  -6   -4    0   -3   -3    0    0   -5
   1   -1   -6   -2   -3   -5  -22   -2
  -1  -11   -3   -3   -4    0   -2   -2
  -4   -2   -1   -2    0   -1   -1   -1
   3    0   -2   -4   -4    0   -1    0
   5   -3    3   -2   -2   -3   -1   -2
  -1    1   -4    0  125   -3   -2   -1
   0   -2   -1   -2   -4   -6    0   -3
  -7   -3    0   -1   -2    0    0   -4
   0   -1   -5   -2   -2   -6  -25   -2
   0   -5   -3   -3   -2    0   -2   -2
  -4   -2    0   -2    0   -2   -1   -1
   4   -1    1   -5   -6    0   -1    0
   2   -2    2   -2   -2   -5   -2   -2
   0    0   -3    0  125   -4   -2   -1
   0   -2    0   -3   -5   -4    0   -3
  -9   -3    1    0   -2    2    0   -4
   0   -1   -6   -1   -3   -5  -27   -1
   2    2   -3   -6   -4    1   -3   -2
  -4   -2   -3   -5   -1    0   -2   -3
   0    0   -3   -4   -5   -1    0    0
   1   -2    0   -2   -4   -2   -7   -3
   0    0   -2    0  126   -2   -5   -1
  -2    1    0   -1   -2   -4    0   -2
  -7   -4    1   -3   -3    0    0   -6
   0   -1   -6   -2   -1   -4  -19   -1
   2    5   -2   -5   -4    1   -3   -2
  -4   -3   -1   -4   -1    0   -3   -3
  -1    0   -3   -4   -3    0    0    0
   1   -2    0   -3   -4   -1   -7   -4
  -1    0   -3    0  126   -3   -6   -1
  -2    0    0    0   -1   -3    0   -3
  -7   -4    1   -4   -4    1    0   -6
   0   -1   -6   -3   -2   -5  -20   -2
   2    5   -2   -6   -4    2   -3   -2
  -4   -3   -2   -5   -1    0   -3   -2
  -1    0   -2   -4   -4   -1    0    0
   2   -2    0   -3   -4   -3   -7   -4
  -1    0   -3    0  126   -3   -5   -1
  -2    0    0    0   -1   -3    0   -3
  -8   -4    1   -4   -4    1    0   -6
   0   -1   -5   -2   -2   -5  -20   -2
   3    7   -3   -6   -5    1   -3   -2
  -5   -3   -2   -4   -1   -1   -3   -3
  -2    0   -2   -4   -3   -1    0    0
   3    0    0   -3   -4   -2   -7   -4
  -2    0   -3    1  126   -3   -5   -2
  -1    0   -2    2   -1   -3    0   -3
  -7   -4    1   -4   -4    2    0   -6
   0   -1   -6   -3   -2   -5  -20   -2
   2    7   -3   -6   -5    1   -3   -2
  -5   -3   -2   -4   -1   -1   -3   -3
  -2    0   -3   -4   -3    0    0    0
   3    0    0   -3   -4   -2   -6   -4
  -1    0   -3    1  126   -3   -5   -2
  -1    0   -2    2   -1   -3    0   -3
  -8   -4    1   -4   -4    1    1   -6
   0   -1   -7   -3   -2   -6  -20   -2
   2    4   -2   -6   -5    1   -3   -2
  -5   -3   -1   -3   -1    0   -3   -3
  -2    0   -2   -4   -2   -1    0    0
   2    0    0   -3   -4   -1   -6   -4
  -2    0   -3    1  126   -3   -5   -2
   0   -1    0    3   -2   -3    0   -3
  -7   -4    0   -4   -4    1    0   -4
   0   -1   -7   -3   -2   -7  -20   -2
   2    5   -2   -7   -5    1   -3   -2
  -4   -3   -1   -4   -1   -1   -3   -3
  -1    0   -2   -3   -3   -1    0    0
   3    0    0   -3   -4   -3   -6   -4
  -1    0   -2    1  126   -3   -5   -2
   0   -1   -1    2   -2   -3    0   -3
  -7   -4    1   -5   -5    2    0   -6
   0   -1   -6   -3   -2   -6  -21   -2
   0   -1   -2   -5   -4    1   -3   -2
  -4   -2    0   -4   -1   -1   -3   -2
   0    0   -2   -4   -2   -1    0    0
   1    0    1   -2   -3   -2   -5   -3
  -1    0   -3    0  126   -3   -3   -2
  -1   -2   -1    1   -3   -4    0   -3
  -7   -4    0   -4   -4    0    0   -4
   0   -1   -6   -2   -3   -6  -21   -2
   0   -6   -2   -4   -4    0   -3   -3
  -4   -2    0   -2    0    0   -3   -2
   0   -1    0   -4   -2   -1    0    0
   1   -1    1   -1   -3   -2   -4   -3
  -1    0   -3    0  126   -4   -5   -1
   0   -1   -1    0   -3   -4    0   -3
  -6   -4    1   -2   -4    0    0   -5
   0   -2   -6   -2   -1   -6  -22   -2
   0   -4   -2   -6   -4    0   -3   -2
  -5   -2    0   -3    0   -1   -2   -2
   0    0   -1   -4   -2   -1    0    1
   1    0    1   -1   -4   -2   -5   -3
  -1    1   -2    0  126   -4   -4   -2
   0   -2    0    0   -3   -4    0   -3
  -7   -4    0   -3   -3    2    0   -6
   0   -2   -6   -2   -2   -6  -21   -2
   0  -11   -5   -3   -3    1   -2   -2
  -4   -1    0   -2    0   -2   -1   -2
   1   -1   -2   -3   -4    0    0    0
   4   -2    2   -1   -3   -3   -1   -2
  -1    0   -3    0  126   -4   -2   -1
   0   -2    0   -3   -4   -5    0   -3
  -7   -4    0   -2   -3    1    1   -4
   0   -2   -5   -1   -2   -5  -24   -2
   0   -9   -2   -3   -3    0   -2   -2
  -4   -1   -1   -2    0    0   -1   -2
   4    0    0   -3   -6    0   -2    0
   3   -3    2   -2   -2   -3   -3   -3
  -1    0   -3    0  125   -2   -2   -1
   0   -1   -2   -3   -4   -6    1   -3
  -7   -3    1   -1   -2    0    0   -4
   0   -2   -6   -2   -1   -4  -26   -2
