Shape: torch.Size([1, 144, 64])
Range: [-128, 127]
Mean: -9.8722

量化值陣列:
-123  -86  -94  -99 -110 -120  -89  -73
  90  -93  -82 -114   98  -68 -108  -82
 -58  -74  -38  118   83 -116 -110   71
 -58   65  -57  113   85  112   40  125
-112  105  116  -94   74  122  -86 -115
 -94   90 -106   61   98  111  -97   81
  99  118  -87  118   92  -81  123 -107
-114  113  107  122   83   85  114  124
-125  -86  -93  -97 -114 -122  -91  -70
  92  -95  -78 -120   98  -66 -106  -80
 -56  -73  -41  120   82 -114 -110   66
 -57   59  -56  119   85  113   41  126
-108  105  118  -92   76  124  -90 -113
 -96   90 -105   64   98  112  -98   80
 101  118  -87  120   88  -81  127 -104
-116  112  107  124   86   87  113  120
-124  -87  -95 -101 -110 -119  -90  -75
  88  -94  -81 -110  101  -73 -108  -84
 -60  -75  -38  121   83 -116 -107   71
 -61   64  -59  114   89  115   41  126
-108  101  114  -95   75 -128  -82 -116
 -97   90 -106   59   97  110  -96   81
  99  119  -90  117   93  -79  119 -108
-118  111  104  120   85   85  114 -128
-124  -89  -97 -101 -111 -121  -90  -76
  89  -96  -79 -114   99  -72 -107  -82
 -60  -74  -38  120   85 -116 -108   70
 -62   63  -58  115   89  116   42  124
-107  102  116  -94   78  126  -85 -117
 -98   91 -105   62   99  111  -98   83
 100  117  -91  120   94  -80  121 -108
-117  111  104  121   87   86  111  126
-123  -90  -92 -103 -109 -119  -90  -83
  83  -93  -83 -103  103  -75 -111  -90
 -60  -75  -33  119   88 -115 -105   77
 -62   72  -61  106   93  116   40 -128
-112  102  110  -94   73  124  -79 -117
 -92   91 -109   59   98  109  -93   87
 100  116  -86  116   96  -86  114 -107
-115  109   95  116   84   78  118 -122
-123  -91  -92 -100 -112 -119  -92  -81
  84  -94  -81 -108  102  -70 -111  -88
 -59  -72  -34  118   88 -115 -106   76
 -60   72  -61  109   91  115   40 -128
-113  103  112  -91   75  122  -80 -119
 -93   93 -108   60   98  110  -94   87
 104  115  -84  116   93  -87  120 -105
-113  108   95  119   87   79  120 -125
-122  -91  -94 -100 -109 -120  -90  -80
  86  -94  -83 -108  100  -70 -110  -85
 -60  -73  -33  117   86 -116 -109   76
 -60   72  -60  108   89  114   40  126
-114  104  113  -94   75  120  -82 -119
 -93   91 -108   61   98  111  -95   86
 101  115  -86  117   95  -85  120 -108
-113  111  100  119   84   80  116 -127
-123  -93  -93 -102 -111 -120  -92  -84
  83  -95  -80 -105  103  -73 -110  -88
 -60  -73  -32  119   89 -115 -104   76
 -62   73  -61  108   94  117   41  127
-112  101  111  -92   76  124  -79 -120
 -94   93 -108   60   98  109  -94   88
 103  114  -87  117   96  -86  117 -105
-115  108   93  117   88   79  119 -123
-124  -93  -89 -100 -115 -119  -94  -84
  82  -96  -79 -107  105  -71 -112  -91
 -59  -72  -33  120   89 -115 -103   78
 -60   74  -63  110   94  116   41 -127
-113  101  111  -89   76  123  -79 -120
 -94   95 -109   60   97  109  -94   89
 107  113  -84  116   93  -90  121 -103
-113  107   89  117   89   77  122 -125
-123  -93  -90 -101 -112 -117  -93  -86
  79  -94  -82 -100  105  -75 -114  -95
 -62  -72  -33  119   90 -116 -103   82
 -62   79  -65  106   95  116   40 -127
-116  102  109  -91   75  124  -74 -121
 -92   95 -110   57   97  108  -92   89
 107  114  -83  114   95  -90  116 -106
-113  106   88  115   88   75  124 -119
-125  -94  -87  -97 -118 -120  -96  -84
  79  -95  -78 -108  105  -67 -113  -92
 -59  -69  -32  120   90 -114 -102   79
 -56   77  -65  110   94  117   42 -125
-115  101  108  -85   75  122  -78 -121
 -93   97 -110   60   95  110  -94   90
 113  111  -80  114   91  -94  124 -100
-110  105   85  117   91   76  127 -125
-123  -94  -88 -100 -113 -117  -95  -88
  77  -94  -82 -100  107  -73 -115  -95
 -61  -71  -31  119   91 -116 -101   83
 -60   81  -66  106   96  116   40 -126
-117  101  107  -89   75  123  -73 -122
 -92   96 -111   57   96  107  -91   91
 109  113  -81  114   95  -92  117 -104
-112  105   84  115   89   73  127 -119
-124  -98  -86  -97 -120 -120  -99  -87
  77  -99  -75 -107  108  -67 -113  -94
 -61  -67  -30  122   91 -115 -101   81
 -56   82  -67  111   96  118   42 -124
-117  101  108  -83   78  121  -75 -125
 -95  100 -112   62   95  109  -94   95
 117  107  -80  114   91  -96 -128  -96
-109  104   79  116   93   74 -125 -125
-123  -93  -92  -99 -113 -119  -94  -84
  81  -94  -80 -105  104  -71 -111  -88
 -62  -70  -31  119   88 -117 -104   79
 -59   76  -63  108   94  116   41 -128
-114  100  109  -91   75  123  -76 -122
 -95   95 -109   58   97  108  -94   89
 107  113  -85  114   95  -87  120 -105
-113  107   90  118   89   77  123 -122
-125  -95  -88  -97 -119 -121  -96  -84
  81  -97  -76 -110  105  -68 -113  -91
 -59  -69  -32  120   90 -115 -103   79
 -57   78  -64  111   94  116   42 -125
-115  102  111  -85   77  120  -79 -122
 -94   98 -110   62   96  110  -95   92
 112  110  -82  115   91  -93  127  -99
-110  106   85  118   91   76  126 -127
-124  -95  -87  -99 -117 -118  -97  -86
  77  -96  -78 -105  108  -70 -114  -94
 -61  -70  -31  121   90 -116 -100   81
 -58   80  -66  110   96  117   42 -125
-116  100  108  -86   76  124  -75 -123
 -94   98 -111   59   95  108  -93   92
 113  110  -81  113   92  -93  122 -101
-112  104   82  116   91   75 -127 -122
-125  -96  -86  -99 -118 -119  -98  -87
  78  -97  -77 -105  108  -71 -115  -96
 -60  -70  -32  121   91 -115 -101   81
 -59   81  -66  110   97  117   42 -124
-116  101  109  -85   77  123  -76 -122
 -94   98 -111   61   96  109  -93   93
 113  110  -81  114   92  -95  123  -99
-111  105   81  116   92   74 -128 -123
-124  -95  -83  -98 -118 -117  -99  -87
  75  -95  -79 -102  109  -69 -116  -98
 -60  -69  -32  122   90 -115  -99   83
 -57   82  -69  108   96  117   41 -123
-118  101  107  -84   75  124  -73 -122
 -92   99 -113   58   94  107  -91   93
 115  110  -77  112   90  -97  123  -98
-111  103   78  114   91   72 -123 -120
-125  -97  -84  -99 -120 -118 -100  -89
  74  -97  -75 -104  111  -71 -115  -99
 -60  -70  -33  123   93 -114  -97   82
 -58   81  -69  111   99  119   42 -123
-115  100  107  -83   77  125  -73 -122
 -94  100 -112   60   94  107  -91   95
 118  109  -79  114   91  -98  123  -96
-112  101   75  114   95   73 -124 -120
-124  -98  -84  -97 -120 -118 -100  -89
  74  -97  -76 -104  109  -68 -115  -97
 -60  -67  -30  122   92 -114  -99   83
 -56   83  -68  109   98  118   41 -123
-118  101  106  -83   77  122  -73 -124
 -93  100 -113   59   94  108  -91   95
 118  108  -78  114   91  -98  125  -96
-109  102   76  114   93   71 -123 -121
-124  -98  -85  -96 -121 -119 -100  -87
  76  -97  -75 -107  108  -65 -114  -95
 -60  -66  -31  122   91 -115  -99   81
 -55   81  -68  111   96  118   41 -124
-117  101  107  -82   77  121  -74 -125
 -94  101 -112   60   94  108  -94   94
 119  108  -78  114   89  -98 -128  -96
-109  102   77  116   94   73 -123 -124
-125  -96  -82  -96 -119 -118 -100  -86
  76  -95  -77 -104  109  -67 -116  -98
 -59  -68  -31  122   90 -115 -100   84
 -54   84  -69  109   96  117   41 -122
-119  102  106  -83   75  122  -74 -123
 -92  100 -114   59   93  108  -92   93
 118  109  -76  112   89  -99  126  -96
-109  103   78  115   92   72 -121 -122
-125  -98  -85  -96 -121 -118 -102  -87
  73  -98  -73 -105  109  -67 -113  -96
 -61  -66  -30  125   92 -115  -97   81
 -55   81  -69  112   99  120   42 -124
-115   99  106  -81   78  125  -71 -125
 -96  102 -112   60   93  107  -93   95
 121  108  -79  114   90  -98  126  -94
-111  101   74  114   96   73 -122 -121
-124 -100  -84  -97 -122 -119 -102  -89
  73  -99  -73 -105  110  -67 -114  -97
 -61  -67  -30  124   93 -114  -97   82
 -56   83  -69  111  100  120   42 -124
-116   99  106  -81   78  123  -72 -126
 -95  102 -113   60   94  107  -93   97
 121  107  -78  114   90 -100  126  -94
-110  100   72  114   96   72 -121 -121
-124  -97  -85  -93 -119 -118 -101  -84
  76  -96  -76 -107  107  -63 -113  -93
 -60  -65  -29  122   89 -117 -101   82
 -52   83  -68  110   95  117   41 -124
-120  101  106  -82   75  120  -72 -125
 -94  101 -113   58   93  108  -95   93
 120  108  -78  112   88  -96 -126  -96
-108  103   79  117   92   73 -120 -124
-123  -97  -85  -97 -117 -119  -99  -88
  76  -96  -77 -103  107  -66 -114  -95
 -59  -67  -29  121   91 -115 -101   83
 -55   83  -67  107   97  117   41 -124
-119  102  106  -84   75  119  -73 -124
 -92  100 -113   60   95  108  -92   95
 116  108  -78  114   91  -98  125  -97
-109  103   78  115   92   71 -123 -122
-124  -97  -83  -96 -120 -118 -100  -87
  75  -96  -77 -104  108  -67 -115  -97
 -60  -67  -30  121   91 -115 -100   84
 -54   85  -69  109   96  117   41 -123
-120  102  106  -83   76  121  -72 -125
 -92  101 -114   59   93  108  -92   94
 119  108  -77  112   89  -99 -128  -96
-108  103   77  115   93   71 -121 -122
-124  -98  -81  -96 -119 -118  -99  -89
  74  -95  -79 -101  109  -67 -116  -99
 -59  -68  -29  121   92 -115 -100   86
 -54   87  -69  105   97  117   40 -121
-121  102  105  -83   74  119  -72 -123
 -90  100 -115   59   93  108  -91   96
 118  108  -75  111   90 -101  126  -96
-108  103   75  114   91   69 -120 -120
-124  -98  -83  -97 -120 -119 -101  -89
  73  -97  -75 -103  110  -67 -114  -97
 -60  -67  -29  123   92 -114  -98   83
 -55   84  -69  109   99  119   41 -123
-118  100  105  -81   76  122  -71 -125
 -93  101 -114   59   93  107  -92   96
 119  107  -77  113   90  -99  125  -95
-110  102   73  113   94   71 -121 -120
-124  -98  -83  -96 -120 -119 -100  -88
  75  -97  -76 -104  108  -66 -115  -97
 -60  -66  -30  122   91 -115 -100   84
 -55   85  -69  109   97  118   41 -122
-119  101  106  -82   76  121  -73 -125
 -93  101 -114   60   93  108  -92   96
 119  107  -77  113   90  -99 -128  -96
-108  103   76  115   93   71 -122 -122
-125  -99  -83  -96 -121 -120 -100  -88
  76  -98  -75 -106  108  -66 -115  -96
 -60  -66  -30  122   91 -115 -100   83
 -55   85  -68  109   97  118   41 -122
-119  101  107  -81   77  120  -74 -125
 -93  100 -114   61   93  109  -93   96
 118  107  -78  113   90  -99 -127  -96
-108  104   77  114   93   71 -123 -123
-124  -99  -84  -92 -121 -120 -101  -85
  77  -98  -73 -110  105  -59 -113  -92
 -60  -63  -27  122   90 -116 -102   82
 -50   84  -67  110   94  117   39 -124
-121  104  106  -80   77  116  -73 -128
 -94  101 -114   61   92  109  -95   95
 121  106  -76  114   87  -98 -121  -93
-106  104   78  116   93   71 -120 -126
-124  -98  -83  -97 -120 -118 -101  -88
  74  -97  -76 -103  109  -67 -115  -98
 -60  -67  -30  122   91 -114  -99   84
 -55   84  -69  109   98  118   41 -123
-119  101  105  -82   76  122  -71 -125
 -93  101 -114   59   93  107  -91   95
 119  108  -77  113   90  -99  126  -95
-109  102   75  114   94   70 -121 -120
-124  -98  -83  -96 -119 -119 -100  -88
  74  -97  -76 -103  109  -66 -114  -96
 -60  -66  -29  122   92 -114  -99   83
 -54   84  -68  108   98  118   40 -123
-119  101  105  -82   76  120  -72 -125
 -92  101 -114   60   93  107  -92   96
 119  107  -76  113   90  -99  126  -95
-109  102   75  114   93   70 -121 -121
-124  -98  -82  -95 -119 -118 -100  -88
  74  -95  -78 -102  108  -65 -115  -97
 -60  -66  -28  121   91 -115 -100   85
 -53   86  -69  106   97  117   40 -122
-121  102  105  -82   74  119  -71 -125
 -91  100 -115   59   93  107  -91   95
 119  108  -75  112   90 -100  127  -96
-108  103   75  114   92   69 -119 -120
-124  -99  -82  -96 -121 -118 -101  -89
  73  -97  -75 -103  109  -67 -116  -99
 -60  -66  -30  122   93 -114  -98   85
 -55   85  -69  109   99  118   40 -123
-119  102  105  -81   76  121  -71 -125
 -93  101 -114   59   93  107  -91   95
 121  108  -76  113   90 -100  126  -95
-109  101   73  113   94   69 -120 -120
-124  -96  -86  -95 -118 -119  -98  -84
  78  -96  -77 -108  106  -63 -112  -91
 -60  -66  -29  121   89 -116 -102   80
 -53   81  -66  110   93  116   40 -125
-119  102  108  -84   75  119  -75 -124
 -94  100 -112   60   94  109  -95   93
 116  108  -79  113   89  -95 -127  -98
-108  105   82  118   91   74 -124 -125
-125  -98  -85  -95 -121 -120 -101  -86
  77  -98  -74 -108  108  -64 -113  -93
 -60  -66  -30  123   90 -116 -100   80
 -53   82  -67  112   96  118   42 -124
-118  101  107  -81   77  122  -74 -125
 -95  101 -113   61   94  109  -95   95
 119  107  -79  114   88  -97 -126  -95
-109  103   78  116   94   74 -123 -125
-125  -97  -83  -94 -119 -119  -99  -86
  77  -95  -77 -106  107  -64 -114  -94
 -59  -67  -29  121   89 -116 -101   83
 -52   85  -68  108   95  116   41 -122
-121  102  106  -82   74  119  -74 -124
 -92  100 -114   60   93  109  -94   95
 118  107  -77  112   89  -98 -127  -96
-107  105   79  116   91   72 -121 -124
-123  -97  -84  -96 -118 -118 -100  -87
  74  -96  -77 -104  107  -65 -114  -95
 -60  -66  -29  121   90 -115 -100   83
 -54   84  -68  108   96  117   40 -124
-120  102  106  -83   76  120  -72 -125
 -93  100 -114   58   93  108  -92   94
 118  109  -76  113   90  -98  127  -97
-108  103   78  114   92   71 -121 -121
-124  -99  -83  -96 -119 -119  -99  -89
  74  -96  -77 -102  108  -65 -115  -97
 -60  -66  -27  121   91 -115 -100   85
 -54   87  -69  106   97  117   40 -123
-121  102  105  -82   75  118  -72 -126
 -91  100 -115   59   93  108  -92   96
 118  107  -76  113   91 -100  127  -95
-107  104   76  114   92   69 -120 -121
-124  -98  -83  -95 -120 -119 -101  -87
  75  -97  -75 -105  108  -65 -115  -97
 -60  -66  -30  122   91 -115  -99   83
 -54   84  -68  110   97  117   41 -123
-119  102  106  -82   76  121  -73 -124
 -93  101 -114   60   93  108  -92   95
 119  107  -76  113   89  -99 -128  -95
-109  102   76  115   93   71 -121 -122
-124  -88  -88  -88 -120 -125  -95  -62
  98  -98  -77 -127   92  -54 -108  -83
 -59  -66  -45  119   78 -116 -120   70
 -47   70  -59  120   79  108   39 -125
-121  116  120  -87   81  112  -93 -117
 -96   94 -111   69   93  115 -103   81
 109  116  -82  120   79  -88 -104  -99
-106  118  115  123   86   83  120  109
-117 -103 -119  -95 -128 -102 -127  -55
 107 -106  -67   79  120  -52  -94  -58
 -82  -98  -84  -92   96  111  -82   42
 -63    4  -85  -87   80 -118   68   74
 -71   93   98  -77  113  -95  -98  126
 118 -123  -87   76  115  110  108   73
-116  125  -96 -122   92 -106  117  -80
 106   89  122 -109 -128  -95  110  115
-121  -94  -88  -86 -120 -117 -102  -73
  81  -98  -73 -117   98  -53 -112  -87
 -64  -56  -31  121   82 -123 -109   82
 -45   83  -68  116   84  112   37 -128
-127  110  110  -81   79  115  -70  123
 -98  101 -111   58   91  111 -101   85
 125  109  -78  114   82  -93 -107  -96
-102  107   94  121   92   76 -119  123
-124  -98  -83  -95 -120 -118 -100  -87
  74  -96  -76 -104  108  -65 -114  -96
 -60  -66  -29  122   91 -115 -100   84
 -54   84  -68  108   97  118   40 -123
-119  101  105  -82   75  120  -72 -125
 -93  100 -114   59   93  108  -92   95
 119  108  -77  112   90  -99  127  -96
-108  103   76  114   93   70 -121 -121
-124  -98  -85  -94 -119 -120  -98  -86
  78  -96  -77 -108  105  -62 -113  -92
 -59  -65  -28  120   90 -116 -103   82
 -52   84  -66  108   94  116   40 -124
-120  103  107  -82   75  116  -75 -125
 -92  100 -113   61   94  109  -94   95
 117  107  -78  114   89  -98 -126  -96
-106  105   80  117   91   72 -123 -125
-124  -98  -83  -97 -119 -119  -99  -89
  74  -97  -77 -102  108  -68 -115  -98
 -60  -67  -30  121   92 -114 -100   85
 -56   86  -69  107   98  117   41 -123
-120  102  106  -83   76  120  -72 -125
 -92  100 -114   59   93  108  -91   95
 118  108  -77  113   91  -99  125  -97
-108  103   77  113   93   70 -122 -121
-124  -96  -86  -92 -119 -120  -99  -83
  78  -96  -77 -108  105  -62 -112  -91
 -60  -65  -28  120   87 -117 -104   82
 -51   84  -67  109   93  115   40 -124
-121  103  108  -83   74  118  -74 -125
 -93  100 -113   59   94  109  -95   93
 118  108  -79  112   88  -95 -124  -97
-106  106   83  119   91   72 -122 -126
-124  -97  -85  -94 -120 -121  -99  -84
  79  -98  -75 -111  106  -63 -112  -91
 -60  -66  -30  122   89 -116 -103   81
 -52   82  -66  111   94  116   41 -124
-119  102  109  -83   77  118  -76 -124
 -95  100 -112   62   94  109  -95   94
 117  107  -80  113   88  -95 -124  -96
-108  106   82  118   92   74 -124 -127
-124  -96  -85  -92 -119 -121  -98  -82
  80  -96  -77 -110  104  -60 -112  -90
 -59  -65  -28  120   88 -116 -104   81
 -50   82  -65  109   92  115   40 -124
-121  103  108  -83   74  116  -77 -124
 -92   99 -113   61   94  110  -95   93
 117  108  -78  113   88  -96 -123  -97
-106  106   84  119   91   73 -124 -128
-125  -97  -84  -94 -121 -120 -101  -83
  77  -98  -73 -110  108  -63 -113  -93
 -60  -66  -31  124   88 -116 -100   79
 -52   81  -67  114   95  117   41 -123
-118  101  109  -81   78  122  -75 -124
 -96  101 -113   61   93  109  -95   94
 119  107  -79  114   87  -96 -124  -95
-109  104   79  117   93   75 -123 -127
-124  -98  -85  -97 -119 -119  -99  -88
  76  -98  -76 -105  107  -66 -114  -95
 -60  -66  -29  121   91 -115 -101   83
 -55   84  -67  108   96  117   40 -124
-119  102  107  -83   77  119  -74 -125
 -93  100 -114   60   94  109  -93   95
 117  108  -78  114   91  -98  127  -97
-108  104   79  115   92   71 -124 -123
-125 -100  -84  -98 -121 -121 -100  -89
  77  -99  -75 -105  109  -69 -114  -97
 -61  -68  -30  122   92 -114 -100   83
 -57   85  -68  109   99  118   42 -123
-118  101  108  -83   79  121  -75 -124
 -94  100 -114   63   94  109  -93   97
 117  106  -80  114   92  -98  127  -96
-109  105   76  114   94   71 -124 -123
-128  -85 -125 -106 -120 -125  126  -60
-110 -101 -103   62  127  -66  -97  -70
 -80  123  123  -91  107  119  -91   38
 -82   -4 -101  -99   72 -117   94   83
 -60  100  100  -78 -125  -94  108 -103
 115 -119  -89  122  115  126   92   72
 125 -117 -110  -98   96 -125  120  -85
  91  123  -86 -120 -128  -61   81   79
-124  -81 -127 -107 -121 -110  122  -60
-113 -101  -97   57 -123  -70 -104  -74
 -82  118  118  -83  102  105  -86   39
 -82   -6 -106  -87   69 -119   87   71
 -65  101  100  -76 -127  -86  122 -118
 112 -110  -85  111  121  126   84   62
-122 -117 -109  -99   91 -125  116  -80
  93  112  -84 -113 -127  -56   91   82
-121  -92 -102  -88 -119 -120 -107  -67
  92  -99  -71  119  102  -56 -109  -74
 -64  -70  -49 -128   83  127 -108   65
 -52   61  -69 -126   82  117   50  117
-112  104  119  -84   87  127  -84 -124
-106  113 -102   67  103  109 -114   82
 126  111  -88  122   85  -93 -113  -94
-116  104  104 -122  103  100  124  112
-124  -97  -83  -96 -119 -118 -100  -87
  75  -96  -77 -104  109  -67 -115  -96
 -60  -67  -30  122   91 -115 -100   84
 -55   84  -68  109   97  117   40 -123
-119  101  106  -83   76  121  -72 -124
 -93  100 -113   58   93  107  -92   94
 118  108  -77  112   90  -97  126  -97
-109  103   77  115   92   71 -121 -121
-124  -96  -86  -97 -119 -120  -98  -85
  78  -97  -76 -107  106  -66 -114  -94
 -59  -68  -32  121   90 -115 -102   81
 -55   81  -66  111   95  117   41 -124
-118  103  109  -84   76  120  -76 -123
 -93   99 -112   61   95  109  -94   93
 116  109  -79  115   90  -96  127  -97
-109  105   82  116   92   73 -125 -125
-124  -95  -84  -95 -118 -119  -98  -84
  78  -95  -78 -105  106  -65 -114  -94
 -59  -68  -30  121   89 -115 -102   82
 -53   82  -67  108   94  116   40 -123
-120  103  107  -84   74  119  -75 -123
 -92   98 -113   59   94  108  -93   92
 115  109  -77  112   89  -96  127  -97
-108  105   82  116   90   72 -123 -124
-126  -95  -91  -92 -122 -124 -101  -73
  87 -101  -69 -124  102  -58 -107  -81
 -61  -65  -36  126   83 -118 -105   69
 -50   69  -63  123   88  117   44 -128
-113  102  115  -82   81  123  -82 -123
-103  100 -109   66   94  111 -103   88
 117  109  -86  118   84  -88 -115  -95
-112  108   94  123   94   85  125  118
-125  -82  -98  -90 -118  124  -94  -44
 114 -100  -69  108   84  -48  -93  -61
 -55  -72  -57  124   73 -114 -124   50
 -47   40  -50 -124   73  112   46  121
-105  115  126  -91   82  116 -110 -107
-105   90 -106   80   96  115 -111   70
 102  120  -92 -125   79  -78 -103  -93
-118  125 -120 -123   87  104  104   93
-123  -83 -101  -88 -116  120  -93  -42
 117 -100  -68  104   80  -42  -90  -53
 -52  -70  -56  124   73 -113 -127   47
 -44   35  -48 -125   71  113   46  117
-105  118  126  -90   82  111 -114 -108
-105   90 -106   84   98  116 -112   70
 102  119  -92 -121   80  -80 -101  -90
-118  127 -118 -121   88  108  101   89
-124  -96  -87  -91 -121 -121 -100  -77
  82  -99  -72 -117  102  -57 -110  -86
 -60  -63  -31  122   86 -118 -105   77
 -48   78  -65  115   90  115   40 -127
-120  105  110  -82   78  117  -77 -126
 -97  100 -112   62   93  110  -99   90
 119  108  -80  115   85  -93 -117  -95
-107  107   88  120   92   77 -124  124
-125  -92  -91  -88 -120 -125  -99  -68
  89  -99  -72 -124   97  -54 -106  -78
 -60  -62  -35  122   79 -119 -111   71
 -46   73  -62  119   84  113   42 -127
-119  106  117  -83   78  117  -83 -122
-100   98 -110   66   93  112 -103   86
 116  109  -85  117   82  -87 -109  -97
-108  113  100  125   91   84  126  114
-124  -97  -88  -91 -121 -122 -100  -78
  82  -99  -73 -117  103  -58 -110  -86
 -60  -63  -31  122   85 -117 -106   76
 -49   79  -64  115   90  115   41 -125
-119  103  112  -82   79  118  -78 -125
 -97  100 -111   63   94  110  -99   92
 118  107  -81  115   85  -93 -116  -96
-107  107   87  120   93   77 -126  123
-125 -107 -114 -111 -127 -127 -127  -60
 114 -119  -61   73 -124  -64  -92  -52
 -77 -108  -81  -86  100  121  -75   26
 -74   -5  -75  -85   90 -110   79   80
 -49   77  113  -77 -126  -84 -118 -113
 106  125  -87  100  113  109  108   91
 115  110 -114 -115  101  -94  112  -79
  90   99  112 -117 -128  -83   83  100
-118 -104 -110  -91 -126 -118 -118  -56
 102 -111  -62   93  107  -45  -90  -55
 -76  -75  -58 -105   91  123  -96   48
 -52   26  -69 -104   84 -124   57   93
 -84   97  106  -78  106 -115  -90  125
 126  116  -96   77  102  108  125   82
-125  113  -97 -126   89  -92 -119  -85
 120  101  110 -120  117 -125  112  112
-123 -100  -85  -93 -122 -119 -103  -85
  75 -100  -72 -110  107  -61 -113  -93
 -62  -62  -28  124   90 -117 -100   83
 -51   85  -68  112   96  118   40 -125
-120  102  107  -80   79  119  -71  127
 -97  103 -113   60   92  108  -95   96
 124  105  -78  113   87  -98 -121  -94
-107  103   76  116   95   72 -119 -125
-124  -96  -86  -91 -120 -122  -99  -80
  81  -98  -74 -114  102  -58 -111  -88
 -60  -63  -29  121   85 -117 -106   79
 -49   82  -65  113   90  115   40 -125
-122  105  111  -82   77  116  -77 -126
 -95  100 -113   62   93  110  -98   92
 118  107  -80  114   86  -94 -117  -96
-106  108   87  119   91   75 -124  124
-125  -92  -91  -88 -120 -125  -99  -69
  89  -99  -71 -126   98  -53 -106  -77
 -58  -63  -35  122   81 -118 -110   68
 -46   69  -60  120   84  114   42 -128
-116  104  116  -83   79  118  -84 -122
-100   99 -109   66   94  112 -103   86
 115  109  -85  118   82  -88 -111  -96
-109  111   98  125   92   85  125  114
-124  -94  -92  -92 -118 -125  -98  -75
  86  -98  -72 -120  100  -57 -106  -79
 -58  -65  -32  122   84 -116 -107   71
 -49   71  -62  116   88  116   43  127
-115  103  112  -84   76  117  -83 -123
 -98   99 -109   65   96  111 -101   88
 114  109  -84  118   87  -90 -120  -95
-110  109   94  123   92   83  125  120
-121  -81 -115  -99 -112  125  -98  -38
 127  -99  -71   90   87  -52  -82  -42
 -57  -91  -78 -118   79 -118 -117   32
 -58    2  -54 -112   73  124   60   96
 -78  110  119  -96   92 -122 -127 -101
-118   96  -96   92  106  114 -126   62
  98 -127 -103 -112   92  -82 -125  -89
 114  125 -103 -113   99 -113   83   90
-122  -82 -116 -101 -112  121  -97  -35
-124 -101  -72   87   85  -52  -79  -39
 -58  -93  -80 -118   79 -117 -119   29
 -60   -2  -52 -112   73  124   62   96
 -74  110  121  -97   95 -122  123  -98
-120   94  -96   97  105  116 -127   62
  94 -126 -106 -109   93  -80 -124  -89
 111 -126  -97 -114   99 -109   77   86
-120  -80 -117 -101 -109  120  -96  -34
-123 -100  -72   90   83  -54  -80  -39
 -57  -93  -82 -120   76 -117 -123   31
 -60    0  -52 -114   72  122   61   96
 -79  114  124 -100   94 -125  124  -97
-119   94  -98   97  106  114 -126   60
  94 -126 -106 -108   93  -79 -122  -89
 112 -125  -94 -112   97 -112   77   85
-123  -84 -109  -96 -116  122 -100  -42
 118 -103  -66   97   89  -51  -86  -47
 -58  -81  -68 -120   76 -118 -115   38
 -54   18  -55 -114   76  122   58  105
 -87  107  123  -90   92 -125 -117 -106
-118   98 -100   89  102  113 -122   69
 104  121 -102 -116   88  -81 -114  -87
 121  124 -116 -117  100 -126   93   90
-123  -83 -106  -92 -115  118  -95  -42
 115 -102  -66  105   81  -47  -86  -48
 -55  -71  -58 -128   73 -113 -123   42
 -49   30  -50 -123   75  117   52  114
 -97  111  126  -91   85  120 -113 -107
-111   93 -104   86   98  114 -114   70
 102  119  -99 -118   86  -77 -106  -91
-125  127 -118 -120   95  115   96   90
-125  -94 -110 -100 -126  114 -112  -33
-109 -113  -72   76   95  -38  -75  -47
 -67 -102  -92 -102   88 -113 -117   19
 -57   -3  -59 -106   76 -123   67   97
 -73  115  107  -83  115 -127  104 -104
 127  101 -106  120   98  127  111   77
 100 -126 -102  -94   91 -101 -111  -71
 107 -117  -85  122  102 -101   79   73
-126  -88  126 -108 -117 -107  124  -71
-103  -88 -113   49 -117  -75 -105  -81
 -86  101  105  -95  116  105  -84   58
 -91  -13 -117  -90   63 -120   98   64
 -55  104   92  -81 -126  -99  103 -101
 117 -109  -76  115 -124  123   81   61
-127 -105 -102 -106  100  124  102  -90
  89  110  -79  -99 -126  -45   85   88
-123  -87  125 -108 -117 -101  121  -70
-112  -89 -106   48 -113  -78 -106  -78
 -86  103  107  -90  113   99  -78   57
 -90  -14 -118  -84   65 -119   97   60
 -53   97   96  -81 -128  -91  116 -105
 113 -101  -73  106 -119  116   82   59
-120 -109 -104 -111   99 -128   98  -89
  87  100  -92  -91 -119  -45   91   93
-120 -100 -111  -97 -126 -124 -120  -43
 126 -111  -68   76  108  -36  -82  -50
 -70  -97  -80  -96   94 -127  -97   25
 -55   -2  -66  -97   77 -120   61   86
 -72  104  103  -76  114 -114 -121 -119
 123  114  -99   98  104  117  111   79
 117  124  -96 -107   88 -101 -124  -73
 107  112 -116 -127  110 -101   96   94
-122  -94  -94  -85 -121 -123 -104  -62
  89 -102  -67  125   96  -47 -102  -74
 -64  -58  -37  127   80 -122 -110   67
 -43   65  -61  126   82  116   40  122
-115  107  114  -81   83  119  -78 -128
-106  101 -108   65   91  110 -106   83
 122  110  -84  120   80  -86 -104  -93
-110  109  102  125   95   88 -128  114
-125  -93  -93  -89 -122 -123 -102  -69
  87 -100  -69 -126  101  -57 -105  -78
 -62  -64  -37  126   82 -120 -107   69
 -49   67  -63  124   87  116   45  126
-112  101  115  -83   80  124  -81 -123
-103  101 -107   64   95  110 -104   85
 119  109  -87  116   84  -87 -114  -96
-112  108   96  127   97   87  126  118
-123  -89  -99  -89 -119 -127 -100  -59
  98 -101  -68  116   94  -51 -101  -67
 -59  -66  -46  125   78 -120 -113   58
 -48   53  -58 -126   79  115   46  120
-108  107  122  -86   84  122  -93 -118
-106  100 -104   71   98  112 -110   79
 114  112  -90  125   82  -83 -108  -95
-115  113  112 -124   95   99  115  105
-124  -90 -108  -90 -123  126 -108  -47
 109 -105  -63  101   93  -51  -90  -55
 -65  -73  -62 -118   77 -123 -113   47
 -50   33  -63 -113   80  124   59  109
 -93  104  118  -83   93 -123 -105 -116
-120  106 -101   84   99  113 -123   73
 120  116 -100 -123   86  -86 -107  -85
 127  119 -128 -118  108  123  106   95
-127 -112 -105 -107  123  123 -126  -53
 112 -126  -54   76  125  -46  -79  -47
 -72  -94  -66  -81  101 -123  -74   17
 -62   -8  -62  -88   92 -107   70   88
 -47   76  105  -68  127  -91 -116 -119
 105  114  -97  102  100  111  114   97
 114  108 -109 -112   92  -92  122  -72
  93  103  104  123  123  -94   88  100
-124 -104 -108  -98 -127  123 -116  -48
 115 -115  -57   84  104  -40  -78  -45
 -66  -84  -63  -99   93 -119  -95   28
 -54    5  -58 -103   86 -117   63   94
 -67   94  106  -75  109 -114 -115 -118
 121  108 -100   98  100  112  123   85
 116  114 -102 -113   90  -91 -122  -74
 109  112  118 -126  115 -112   94   96
-126 -109  -99 -102  124  118 -120  -48
-127 -121  -64   74  117  -35  -77  -50
 -69  -97  -66  -92  100 -119  -92   20
 -54   -1  -53  -97   86 -116   60   95
 -61   94  104  -73  122 -115  127 -114
 117  102 -103  108   96  116  114   97
 103  112 -100 -111   88  -91 -121  -73
 103  116  123  118  103 -106   89   92
-128  -89 -123 -106  126 -126 -127  -50
-107 -112  -90   66  119  -58  -89  -65
 -79 -125 -122  -87  105  126  -99   26
 -77   -5  -90  -99   78 -115   85   84
 -63  105   95  -79  126  -97  106 -111
 116  126  -96  121  108 -122   95   73
 124 -117 -110  -91   96 -124  123  -74
  95 -126  -81  125  121  -71   83   79
 125  -90 -123 -114 -127 -113 -125  -70
-105  -96 -102   48 -120  -80  -93  -71
 -76  106  125  -89  125  111  -82   53
 -92  -26  -97  -90   76 -115  102   66
 -33   90   86  -82  121  -85  101 -100
 115  125  -75  114  120  125   94   62
-127 -115 -111 -119  101 -121   90  -90
  83  114 -100  -99 -126  -44   80   93
-127  -79 -120 -107 -120 -122 -109  -45
-105  -95  -90   65  105  -64  -84  -54
 -63 -128 -113 -102  104  126 -106   35
 -76  -24  -72 -103   71 -124   83   79
 -51  106   96  -90  101 -103  102  -95
-127  105  -86  108  111  126  110   53
 112 -113 -106 -109   97 -106  106  -84
  95 -126  -83 -107  110  -70   75   83
-122  -88 -115 -100 -118  122 -105  -37
-124 -103  -67   80   91  -46  -78  -39
 -58  -97  -84 -110   85 -118 -112   25
 -58   -9  -57 -107   75 -126   66   90
 -69  109  113  -89  100 -121  120 -102
-124  102  -97  103  107  116  123   66
 104  127 -102 -105   93  -92 -125  -77
 107  125 -103 -114  107 -102   80   84
-123 -102 -117 -105 -126  126 -118  -57
 118 -115  -62   79  112  -59  -90  -50
 -72  -98  -79 -100   96  126  -94   33
 -69    6  -70  -97   86 -118   74   86
 -65   92  116  -81  118 -103 -120 -115
 118  119  -92   99  112  112  116   83
 118  113 -110 -112   99  -96  125  -79
 104  109  124 -115  123  -98   86   94
-120  -99 -110  -92 -126 -114 -118  -60
  99 -106  -63   99  110  -54  -98  -64
 -74  -81  -64 -108   88  122  -95   51
 -56   31  -75 -103   84 -127   58   97
 -89   98  110  -79  101 -112  -90 -127
-125  120  -96   73  107  109  125   79
-124  116  -95 -127   88  -95 -123  -85
 122   98  112 -118  117 -127  117  113
-122  -99 -104  -93 -126 -123 -114  -59
  96 -110  -61  108  104  -50  -94  -64
 -71  -70  -54 -112   87 -125  -99   50
 -52   39  -67 -112   86 -127   54  107
 -92   97  111  -77  100 -118  -90 -127
-124  111 -102   77   97  109 -121   84
 126  113  -95 -125   87  -91 -115  -86
 126  105  107 -128  113  116  114  110
-123  -89 -102  -87 -119  126 -102  -53
 100 -102  -65  116   89  -48  -96  -61
 -61  -62  -47 -128   74 -120 -117   57
 -44   52  -60 -125   79  117   49  119
-109  108  119  -84   83  120  -92 -121
-110  101 -106   74   95  111 -112   76
 118  113  -93  127   83  -83 -102  -91
-116  118  119 -123   98  101  116  101
-123 -101 -108  -94 -128 -121 -120  -45
 111 -112  -61   87  109  -43  -84  -53
 -73  -85  -70  -96   89 -127  -93   32
 -53    8  -67  -96   82 -120   61   93
 -73   95  104  -75  110 -107 -106 -122
 121  114  -98   87  100  112  119   80
 123  120  -98 -118   86  -93 -122  -78
 110  106  123 -125  116 -112  103  103
-125 -118 -110 -112  120  126  127  -58
 120 -126  -55   67 -126  -52  -78  -47
 -77 -108  -77  -77  111 -127  -73   19
 -70  -17  -67  -84   96 -102   78   76
 -38   77   99  -70 -122  -89 -125 -118
 102  120  -93  108  108  110  107   98
 118  109 -111 -110  100  -99  110  -68
  86  100  106 -126 -126  -81   83  102
-121 -106 -126 -108  125  125 -124  -54
-114 -120  -79   70  114  -55  -85  -56
 -83 -114 -106  -92  108 -125 -101   24
 -78    0  -82  -99   87 -110   83   80
 -64  106   99  -82 -122 -104  108 -116
 115  123  -98  122  111 -126   98   87
 119 -126 -111  -89  105 -121  125  -73
  97  125  -95  125  125  -81   78   87
-121  -90  110 -107 -119  -96  119  -71
-109  -89 -126   60 -119  -89 -108  -88
-108  103   88  -99  114  102  -89   69
-103    5  119  -92   65 -117  106   62
 -64  106   89  -92 -120  -91  106 -105
 113  -96  -74  109 -118  126   78   59
-118  -89 -109 -103  108  115  103 -105
  91  108  -65  -94 -109  -47   91   99
-124  -93 -127 -117 -112 -115  125  -79
-100  -92 -111   45 -107  -85 -102  -76
 -88   93  115  -94 -127  102  -81   64
 -98  -17 -107  -93   73 -118  101   57
 -41   95   96  -89 -122 -101  105  -94
 111 -114  -73  121 -120  111   85   70
 119 -118 -110 -114  111 -117   88  -93
  79  109  -98  -94  127  -42   77   92
 127  -84 -125 -114 -119 -119 -112  -58
-104  -95  -99   65  118  -79  -86  -60
 -73  116 -115  -96  114  118  -98   44
 -88  -25  -78 -101   78 -118   91   73
 -39   96   90  -93  109  -90  104  -97
 122  106  -79  108  113  126  104   56
 111 -113 -116 -117  105 -103   90  -95
  85  127  -87 -107  115  -59   71   93
-121  -73  126 -112 -107 -121  -95  -42
-103  -91  -96   81   92  -77  -84  -52
 -69 -126 -112 -113   94  126 -121   40
 -83  -18  -65 -112   70  126   76   79
 -59  114  107 -109   99 -107  108  -93
-123   95  -84  101  113  124  116   44
  95 -106 -115 -109  105  -88  103 -102
  96 -119  -63 -107  101  -80   64   90
-119  -80 -115  -92 -111  120  -91  -39
 126  -96  -69   93   75  -47  -85  -41
 -51  -80  -71  123   74 -115  124   41
 -52   19  -51 -122   70  115   56  103
 -96  121 -128  -98   83  112 -126 -102
-106   96 -100   91  109  115 -118   61
 103  124  -98 -112   89  -83 -110  -88
-126 -127 -104 -106   96  126   89   84
-124  -93  -98  -92 -124 -124 -104  -66
  91 -103  -66  121  102  -58 -101  -72
 -64  -68  -44 -124   84 -121 -105   61
 -52   55  -62 -124   88  121   49  119
-102   99  115  -84   87 -126  -86 -121
-111  103 -103   69   96  109 -109   83
 119  111  -92  121   85  -85 -116  -94
-120  107  100 -126  102   98  119  115
-125  -97  -91  -90 -124 -121 -106  -77
  81 -101  -69 -120  107  -62 -111  -86
 -65  -65  -37 -128   85 -121 -102   74
 -51   75  -69  124   93  119   47 -127
-114   99  113  -81   83 -128  -76 -125
-103  107 -108   63   95  108 -103   91
 126  106  -85  114   84  -92 -116  -95
-113  103   85  124  101   84 -124  124
-124  -96  -93  -90 -126 -117 -109  -75
  79 -102  -68 -120  106  -63 -111  -88
 -70  -62  -39 -126   85 -124 -102   76
 -51   76  -72  126   92  119   46  127
-114   99  111  -80   85 -125  -71  127
-107  109 -107   60   93  107 -104   88
-126  109  -86  114   85  -92 -114  -96
-113  102   87  124  105   84 -122  126
-122  -93 -103  -87 -123 -120 -110  -60
  92 -103  -66  115  102  -54 -102  -69
 -70  -66  -50 -121   79  127 -106   61
 -49   54  -68 -117   82  120   51  115
-106  100  118  -82   92 -122  -82 -126
-116  111 -101   67   98  109 -117   80
 126  112  -93  121   83  -86 -108  -95
-120  106  108 -122  107  106  122  111
-125 -103 -117 -106  123 -126 -124  -48
-115 -111  -76   65  118  -51  -80  -53
 -76 -121 -102  -86  108 -127  -94   24
 -70  -17  -76  -95   85 -110   81   78
 -51   98   91  -78  121 -101  109 -108
 116  118  -94  115  109  123  101   79
 120 -126 -105 -102  100 -115  114  -68
  92  119 -106 -122  123  -76   83   90
-126  -87  125 -110  127 -111  117  -57
-112 -110  -99   63 -120  -73  -98  -76
 -92  116  110  -76  108  113  -84   32
 -87   -4 -113  -88   79 -110   94   74
 -62   99   92  -80 -121  -75  115 -116
 105 -108  -92  116  118 -126   84   72
-118 -112 -114  -91   97  120  112  -77
  87  118  -81 -124 -120  -55   91   88
-120  -94  111 -112 -117 -100  121  -79
-105  -91 -125   54 -113  -96 -110  -87
-111   96   93 -100  121   97  -89   75
-108    4  125  -91   70 -118  109   58
 -58  103   93  -97 -115  -93  105 -102
 110  -99  -70  113 -115  120   77   64
-123  -98 -113 -109  113  124   97 -109
  86  106  -75  -89 -111  -44   85  100
-124  -89 -127 -113 -112 -113  126  -73
 -99  -88 -113   45 -113  -81 -104  -78
 -86   95  108  -98  122  103  -86   64
 -94  -14 -110  -94   66 -122   97   59
 -49  102   99  -88 -125 -106  102  -92
 115 -112  -74  120 -119  112   85   65
 120 -113 -105 -111  106 -121   97  -92
  85  110  -89  -91  126  -45   80   86
-128  -80 -127 -115 -114 -120 -109  -56
-103  -94 -103   69  112  -79  -83  -59
 -71  118 -116  -98  113  120 -101   43
 -89  -26  -76 -106   76 -119   90   74
 -39   97   89  -95  106  -90  105  -97
 123  102  -80  109  110  127  107   52
 109 -109 -117 -114  105 -101   89  -99
  85 -125  -80 -111  113  -60   69   93
-124  -83 -124 -111 -116 -122 -107  -47
-108  -96  -89   74  104  -68  -82  -52
 -69 -128 -107 -102  103  126 -107   34
 -79  -23  -69 -106   76 -122   80   75
 -50  105   96  -95  104 -102  108  -99
 126  103  -86  106  112  123  111   56
 104 -114 -110 -108  105  -99  100  -88
  92 -127  -83 -111  109  -74   70   90
-123  -74  126 -111 -109 -123  -98  -45
-106  -92  -97   78   95  -78  -84  -52
 -68 -124 -111 -112   98  126 -118   41
 -84  -18  -66 -111   72 -128   80   81
 -55  108  106 -106   99 -102  109  -93
-124   97  -83  102  112  124  117   46
 101 -108 -117 -112  104  -90  102 -104
  95 -121  -72 -107  106  -77   66   90
-123  -84 -101  -90 -119 -125  -98  -51
 107  -97  -70  111   91  -53  -97  -64
 -58  -74  -59  127   77 -119 -117   55
 -50   40  -58 -122   77  115   49  117
-102  111  121  -90   83  123 -103 -111
-106   98 -102   75  100  113 -111   70
 111  120  -91 -128   82  -84 -111  -94
-120  117  126 -119   96  107  109  102
-124  -86 -102  -89 -116  123  -97  -51
 106 -100  -67  111   88  -48  -94  -56
 -55  -69  -50  126   73 -117 -118   51
 -46   44  -55 -126   76  115   50  118
-105  108  123  -88   82  119 -103 -113
-107   97 -105   79   98  113 -113   74
 109  114  -94 -126   83  -81 -106  -91
-119  121  125 -120   94  107  108   96
-123  -93  -96  -88 -122 -123 -103  -68
  87 -101  -67 -126   97  -55 -103  -75
 -65  -61  -38  126   81 -121 -109   69
 -47   68  -64  124   87  117   45  124
-113  103  114  -83   81  122  -79 -126
-105  103 -106   65   94  109 -105   84
 123  110  -88  118   84  -87 -110  -95
-112  109   98  127  100   87  126  117
-122  -96  -98  -86 -122 -125 -108  -65
  86 -103  -64  124   98  -49 -102  -71
 -65  -59  -37 -126   80 -123 -107   64
 -44   65  -65 -128   86  120   46  121
-112  102  113  -79   86  124  -77  127
-110  107 -107   67   93  108 -110   86
 127  107  -88  121   82  -88 -105  -91
-114  107   97  127  103   92 -128  114
-123  -95  -90  -87 -122 -118 -105  -75
  80  -98  -73 -118  104  -60 -112  -87
 -65  -62  -35  125   83 -124 -105   79
 -48   80  -70  120   90  115   43 -127
-120  102  112  -82   80  124  -71 -127
-100  107 -109   58   94  108 -102   88
 127  107  -82  111   83  -93 -113  -97
-108  103   87  125   99   80 -120  125
-123  -92  123 -110 -118 -103  120  -74
-100  -87 -121   43 -108  -84 -107  -83
 -97   91   97  -95  122   98  -83   68
 -98   -9 -124  -88   67 -119  103   56
 -52  102   92  -89 -121  -99  101  -96
 113 -101  -71  116 -115  116   77   65
-126 -104 -105 -112  107  124   96  -96
  84  105  -83  -87 -121  -40   87   94
-122  -90  123 -113 -113 -106  126  -75
 -98  -86 -121   47 -114  -86 -107  -82
 -95   91  100 -100  122   99  -88   70
 -99   -9 -118  -93   65 -122  100   55
 -52  105   95  -93 -122 -104  100  -94
 115 -108  -72  117 -116  115   81   62
 123 -105 -106 -111  109 -126   96  -98
  85  110  -79  -88 -126  -43   80   91
-120  -95  119 -123 -105 -116 -126  -85
 -95  -91 -120   54 -113  -99 -107  -81
-100   88  111 -101 -127   99  -92   74
-108   -7 -109 -101   76 -120  103   55
 -46  103   98 -101 -115 -105  104  -94
 112 -118  -71  123 -118  112   83   68
 111 -113 -118 -113  120 -110   85 -107
  79  114  -83  -95  125  -45   68   97
 127  -78 -126 -115 -114 -118 -111  -60
 -95  -89 -110   61  118  -82  -86  -66
 -71  110  126 -102  115  118 -102   54
 -91  -25  -86 -104   71 -123   94   73
 -42  102   91  -96  109  -96   97  -92
 125  106  -79  113  114  127  103   50
 112 -105 -114 -116  102 -108   93 -100
  86 -124  -73 -104  113  -54   73   89
-128  -75 -127 -116 -113 -118 -109  -57
 -93  -89 -111   65  113  -85  -86  -67
 -73  110  122 -103  112  119 -106   55
 -91  -23  -86 -106   70 -125   93   74
 -45  106   91  -99  108  -98   96  -91
 126  105  -82  114  114  127  105   47
 110 -102 -114 -113  103 -107   95 -101
  87 -120  -65 -106  111  -56   71   87
-127  -78  127 -115 -113 -117 -107  -55
-102  -92 -104   71  110  -82  -85  -61
 -73  117 -120 -100  111  120 -103   46
 -91  -25  -79 -106   74 -121   90   73
 -42  100   89  -98  106  -90  105  -97
 124  103  -80  107  112 -128  107   48
 109 -105 -117 -114  105 -101   89 -101
  86 -124  -74 -109  112  -60   69   94
-124  -83 -121 -109 -115 -127 -105  -44
-109  -97  -85   73  101  -63  -81  -47
 -64 -122 -101 -104   99 -127 -109   31
 -75  -22  -63 -106   75 -123   77   80
 -53  105  102  -95  103 -106  108  -96
-128  100  -87  107  110  122  114   58
 101 -118 -110 -109  101  -94  107  -87
  95 -126  -87 -111  106  -79   70   87
-120  -78 -111  -92 -111  122  -90  -41
 124  -94  -72  100   76  -50  -89  -47
 -52  -79  -68  120   73 -116  124   48
 -51   27  -52 -126   70  112   54  108
-101  121  127  -99   79  112 -122 -102
-103   93 -101   87  107  115 -115   61
 102  125  -96 -118   88  -82 -110  -92
-123 -126 -105 -108   92  119   93   87
-124  -90 -105  -97 -117  126  -98  -63
 101 -103  -70  119   97  -65 -100  -65
 -64  -73  -49  127   80 -122 -113   58
 -58   51  -59 -125   85  118   54  118
-100  101  125  -91   89 -126  -96 -115
-112   99 -101   75  101  111 -112   80
 107  112 -102  125   92  -77 -118 -101
-123  117  116 -122   99  106  105  106
-120  -87 -104  -86 -113  127  -97  -54
 103  -97  -69  114   85  -45  -97  -57
 -57  -65  -47  122   74 -121 -121   59
 -44   52  -59  125   75  113   48  115
-114  114  120  -89   78  112  -96 -119
-103  100 -105   74  100  112 -112   73
 115  114  -90 -128   84  -86 -105  -91
-113  119  124 -117   94  102  115  100
-125  -96  -87  -92 -123 -120 -103  -80
  80  -99  -72 -115  107  -64 -112  -90
 -62  -66  -35  125   87 -118 -102   77
 -52   77  -67  119   94  117   43 -125
-115  101  112  -82   80  124  -76 -123
 -98  103 -110   61   94  108  -98   92
 121  107  -82  113   85  -93 -121  -96
-111  103   82  121   97   78 -124  127
-122  -92  -92  -82 -120 -118 -104  -68
  81  -97  -73 -119   97  -52 -110  -82
 -67  -54  -31  122   76 -127 -111   80
 -42   83  -69  119   83  111   40 -127
-127  107  112  -82   77  119  -68  125
-101  104 -109   56   90  109 -103   83
 127  108  -82  110   81  -88 -102  -99
-103  109   97  127   95   78 -118  120
-123  -94  126 -117 -113 -112  126  -82
 -95  -89 -118   43 -108  -89 -107  -81
 -93   87  106  -98 -128   98  -86   71
-102  -12 -114  -93   70 -121  102   54
 -46  102   97  -92 -118 -105   99  -93
 113 -110  -70  122 -116  113   80   68
 119 -113 -109 -114  113 -121   90  -98
  82  110  -88  -88 -128  -40   76   91
-123  -97  126 -123 -112 -123 -126  -85
 -88  -96 -118   46 -112  -97 -105  -81
 -97   87  111 -102 -123  102  -96   76
-107   -5 -105 -100   77 -122  104   58
 -45  104  102 -100 -114 -110   94  -90
 111 -122  -73 -125 -120  113   85   73
 111 -119 -118 -115  119 -111   93 -103
  81  121  -86  -94  122  -45   67   88
-124  -91 -128 -118 -110 -117 -126  -78
 -92  -88 -115   47 -113  -86 -102  -79
 -88   89  111  -99  126  104  -90   68
 -99  -15 -106  -97   71 -121   99   57
 -45  104   96  -93 -123 -108   97  -90
 115 -121  -74  124 -121  114   84   65
 112 -113 -110 -113  111 -115   91  -95
  82  116  -83  -95  120  -43   73   89
-122  -84  116 -125 -102 -114 -112  -73
 -94  -89 -120   72  122 -103  -96  -75
 -92   99  116 -104  118  109 -104   68
-107  -13  -97 -107   76 -122   97   63
 -46  107   93 -109  124  -95  106  -96
 118  114  -76  114  124  121   96   52
 106 -101 -124 -114  117 -101   82 -115
  80 -127  -63 -105  116  -52   64  102
-128  -85 -126 -119 -114 -118 -118  -69
 -97  -92 -111   56 -127  -84  -91  -70
 -78  102  122  -96  122  113  -91   57
 -95  -24  -94 -100   74 -119   98   66
 -38   99   88  -92  120  -94   98  -95
 118  116  -78  118  119  123   96   59
 114 -110 -113 -114  106 -112   89  -96
  81  125  -82 -104  118  -46   72   91
 127  -79 -126 -114 -118 -121 -109  -58
 -98  -93 -105   63  113  -82  -85  -63
 -70  116 -123 -102  115  120 -105   50
 -91  -24  -79 -104   74 -122   94   76
 -41  101   92  -96  107  -93   98  -94
 125  103  -79  112  112 -127  107   51
 113 -108 -117 -117  103 -105   94 -100
  88 -123  -78 -105  114  -58   71   89
 127  -75 -126 -112 -114 -123 -106  -51
 -98  -93 -104   68  105  -77  -82  -60
 -67  121 -121 -103  109  124 -109   45
 -87  -25  -75 -109   71 -123   89   79
 -44  104   93  -96  103  -97   99  -94
 127   99  -83  112  108 -126  110   47
 109 -105 -115 -111  100 -102   99  -99
  89 -118  -70 -111  109  -62   69   85
-120  -84 -115  -94 -117  121  -98  -37
-123  -98  -67   83   79  -44  -81  -40
 -53  -88  -81 -123   80 -116 -126   35
 -53    5  -54 -115   72  122   62   96
 -85  121  120  -94   90  119  121 -101
-112   99  -99   99  109  116 -126   61
 108  126  -98 -107   89  -92 -114  -79
 121 -127 -100 -107  102 -117   86   81
-125  -84 -102  -94 -117  123  -93  -49
 113 -103  -70  109   86  -55  -94  -59
 -58  -73  -55  125   74 -117 -122   51
 -52   41  -51 -123   75  113   49  118
-101  110 -127  -93   87  122 -109 -109
-110   90 -103   80   98  116 -112   72
 100  118  -99 -126   84  -74 -107  -99
-121  126 -122 -122   90  108   99   94
-119  -84 -116  -94 -116  121  -98  -38
-127  -98  -66   87   79  -45  -81  -40
 -53  -86  -80 -124   78 -116 -125   36
 -53    7  -56 -115   72  122   62   96
 -86  119  119  -93   89  120  124 -103
-112  100  -99   97  108  116 -125   60
 108  127  -98 -107   90  -92 -114  -79
 121 -128 -101 -108  103 -118   87   83
-124  -99  -88  -92 -123 -120 -103  -83
  77 -100  -70 -114  106  -60 -110  -89
 -62  -63  -30  125   89 -117 -100   78
 -51   79  -67  116   95  119   42 -127
-116  100  108  -80   79  122  -73 -128
 -99  103 -111   61   93  109  -98   93
 123  107  -81  115   87  -95 -121  -94
-109  102   79  118   97   76 -122 -127
-127  -90  -93  -92 -122 -122 -106  -66
  89 -102  -72  127  107  -64 -110  -82
 -65  -70  -47 -126   79 -123 -103   64
 -53   64  -67 -124   85  116   49 -128
-108   98  121  -83   89 -120  -85 -118
-109  105 -105   66   95  110 -109   86
 116  111  -91  116   82  -86 -113  -99
-118  108  101  126   99   96  121  114
