Shape: torch.Size([1, 144, 64])
Range: [-104, 127]
Mean: 2.4144

量化值陣列:
 -20   11  -13  -25   -4   -9  -40  -13
 -20   23   -1   22   42    4  -13    1
   0  -17    2  -59   25   -6   10   48
 -14   79   25   -2  -21   58   37  -26
 -12   27   25    7    1   -1   -7  -30
  18  -16    2   30  -25  -17    0  -12
  33   -2   -5   54   17  -10    0   15
  23   12  -12   -2    9    3    0  -25
 -16   11  -16  -27    0   -2  -39  -13
 -16    8    1   24   46    1  -14   -1
  -1  -15   -2  -72   28   -2   11   55
 -15   61    8    7  -29   57   40  -34
  -6   26    3    6    1    5   -7  -31
  18  -11   -3   32  -23  -17    2   -8
  35    0  -17   54   22   -8    0   26
  24   11  -35    8   13    4    0  -29
 -21   11  -13   -4    8  -14  -56  -13
   0    7   -8   19   32   -2  -18  -16
  -3  -21   -5  -64   25   -2   18   53
  -7   67    6    3  -25   54   41  -11
  -6   36   15   -2    1   -6  -15  -27
  17   -5   -2   25  -34  -15   10  -10
  50   15  -12   57   29   -9   -6   23
  19   18  -21    7   13   -2    0  -29
 -14   10  -17  -25    2  -14  -44   -8
 -14    7  -16   35   43    0  -24   -8
  -4  -19  -11  -59   24   -6   15   35
 -12   77    3    2  -29   73   41  -38
 -11   31   14    4    1   -2   -8  -24
   6   -8    2   25  -22  -15    4   -4
  56    3  -18   52   20   -6   -1   28
  16   14  -16    2   15    5    0  -18
 -23   10  -23   -7   -9  -21  -56  -10
 -13   13  -14   16   42   -4  -24    0
   0  -27   -7  -62   17    4    5   48
 -11   65   -8   -9  -26   67   45   -1
 -10   41   26  -11    1    3   -6  -32
   6  -11    4   15  -22  -18   -1   -8
  75   15   -9   73   38  -10  -10   21
  10    7    5    5    9   10    0  -26
 -17   10  -28  -14    6  -12  -47  -12
 -12    7   -2   14   51    0  -10   -2
  -1  -14   -3  -67   16   -1   13   36
 -10   51   14   -8  -26   54   47  -22
  -8   26   16   -7    1    4   -4  -27
  18   -7   -1   20  -24  -16    5    0
  56   -6  -18   62   21    4    0   22
  14   15   -2   10   11   14    0  -32
 -26   11  -30   -9    7  -11  -47    2
  -5   12   -6    7   42   -3   -2  -15
  -2  -18   -1  -52   22   -6    1   52
 -20   50    8    0  -22   56   50  -26
  -5   21   21   -1    1    5  -10  -31
  11   -7    4   15  -24  -13    3    0
  60    0  -21   68   21   -1    0   23
  21   12  -10    2    9    8    0  -34
 -13   11  -27  -10    3   -7  -43    4
  -7   16   -8    3   35    2  -11  -15
  -3  -20  -12  -52   15  -12   14   40
 -16   54   13   -2  -20   55   49  -13
  -8   23    8   -5    1    2   -9  -30
  21   -5    0   12  -33   -7    2   -6
  56   -7  -18   63   17    4    8   28
  17    8    2    5   11    9    0  -15
 -15   11  -26    0    1    0  -45   -5
 -15   14    0    0   48    2  -13  -13
  -1  -19   -8  -49   10   -8   12   41
  -3   38   10    2  -21   47   54  -12
  -9   15    7  -12    1    8   -8  -27
  12   -4    3   12  -24    2    2   -1
  46    0  -31   62   24   13    1   15
  13   17    7    0   13   12   -1  -21
 -15   11  -31  -13    4  -13  -40    0
  -8   23  -15    3   38   -4  -13   -9
   3  -11   -9  -64    9    9    7   33
  -5   48   10    1  -13   38   51  -22
  -6   -2   13  -16    1    3  -12  -27
   1   -9   13   -5  -18  -21   -5    4
  50   -2  -23   64   24   18    3   14
  32   21   21   11   17   22   -1  -28
  -8   11  -28    1   11   -6  -38    3
   6   14   -5    1   30  -11   -7   -1
   0  -14    0  -63   14   13   12   54
  -8   29   22    5  -30   32   59  -20
   0    9  -13  -25    1    8   -6  -44
   8  -13   18  -11  -38   -6    0    2
  36    4  -29   57   18   29   14   26
  20   13   -3    2   17    8   -2  -33
  -5   11  -29    1    0   -1  -36    6
   9    7   -5    2   32    0   -6   -4
   0  -16   -9  -42    0   20   10   29
  -2   14    0    2  -13   31   63  -31
  -6   -9    2  -39    1   16   -3  -26
  -2  -10   17  -20  -32  -14  -16   -8
  54   14  -25   63   28   31    1    3
  29   26   26   18   15   18   -2  -32
 -17    9  -13   37   34   -6  -18   20
   4   25    7   15   18   -1    0   10
  11  -33  -16  -42    7   -1   23    9
  16    2   20    8  -17   14   60   11
   1   31   -8  -12    1   13  -17  -13
  49   -7    2  -17  -28  -11   -6   20
  27  -16  -30   25   35    5   -1   29
  20   20    3    4   17   22   -4   -8
 -23   10  -21   -1   19  -13  -53   12
  -1   14  -17   15   49    3  -13  -12
   3  -19   -6  -44   12    3   13   23
  -2   24   18    0  -17   49   51   -2
  -7   32    1  -19    1   -2  -20  -24
  28   -9    5    5  -30    0    5   -3
  57   11  -23   54   25    5    0   16
  22   21   10    5   13   10   -1  -28
  -7    9  -27   15   12  -11  -15   17
   7   21   -3    0   29    4   -6   -6
   9  -20  -18  -57   11   -1   11   28
  -3   25   13   10  -17   40   61  -10
  -2   29  -11  -24    1    3  -15  -28
  23  -11    6  -14  -23  -31    5    2
  44    0  -25   49   34    7    3   13
  20   27    0   15   16   28   -2  -13
 -17   10  -27   13   12  -22  -42   13
  -5    8   -6    2   43    1    0   -1
   2  -28  -12  -61    8   -5    6   24
  12   24    1    3  -22   40   61    5
  -4   22    5  -34    1    3  -12  -27
  34  -10    5   -9  -22   -3    0    0
  59    9  -24   57   44    2   -3   27
  24   26   16    5   16   22   -2  -26
 -15   10  -26   13   16   -6  -43   20
   4    4   -3   18   37    2  -10  -12
   5  -26  -10  -38    2   13   14   23
   4    9   19    5  -20   25   61  -12
   1    6   -7  -31    1   19  -16  -15
   8  -12   15  -24  -20  -15    0   11
  39   13  -34   45   29   11   11   11
  11   17   30    2   16   16   -2   -1
 -15   10  -28    7   26  -14  -35    9
   9   11   -8    5   16   -2   -3  -10
   2  -25  -12  -45    2   21   -3    3
  -2   12    7    0  -26   32   62   -5
  -5    1    0  -40    1    8   -2  -30
  11   -8   22  -17  -25  -10   -7    3
  71   50  -27   65   24   19   10   13
  13   27   26   13   14   21   -2  -35
 -19   11  -34    9    4   -1  -39   19
  -4    9   -7   -1    0   -3   -4  -11
   4  -18  -26  -30    0   28    0    7
   6    4    3   -1  -24   25   71   -4
  -2    0  -20  -42    1   15   -1  -24
  11  -15   28  -22  -33  -17   -6    3
  44   42  -27   62   21   37    8   18
   9   19   41    9   18   22   -2  -21
 -20   10  -38   12   15  -20  -40   22
  13   -7    3    9   11   -7   -6   -1
   5  -21  -18  -28    3   24    8   10
   0    2    7    3  -23   34   70   -3
  -2    7   -6  -35    1    7   -5  -27
  15  -25   23  -23  -25   -7  -12   12
  54   41  -39   54   26   24    7   15
  12   23   33    2   23   20   -2  -38
 -17   10  -33   20    6   -6  -25   29
  11   16   -2    7    3  -11    5    1
   1  -21  -15  -35    2   40   -6    7
   5    3   11   -5  -16   26   72   -4
   2   -3  -22  -42    1    8   -6  -36
  18  -14   22  -18  -36  -21   -7    5
  49   37  -32   51   19   25   27   16
   5   26   34   24   17   24   -3  -25
 -16   10  -33   10   16   -5  -30   27
  -1   21   -4    7   14   -7   -1    2
   9  -24  -14  -55    9   14    5   13
   1    0    8   -5  -25   21   72    0
   0    1   -7  -44    1   15  -11  -27
  28  -13   21  -19  -27  -30    1    0
  42   41  -31   57   31   22   16   26
  13   18   31   11   16   34   -4  -20
 -11   11  -38   17    6  -10  -28   29
   9    8   -5   -3    1  -17   -1   -8
   6  -28  -24  -22   -2   33    7  -13
   8    3   -1   -4  -10   27   69  -10
   2    9  -20  -42    1    3   -8  -27
  22  -21   20  -22  -23   -5   -7   11
  56   46  -33   51   17   27   13   19
  15   24   37   18   21   11   -2  -25
 -13   10  -37   19    5  -18  -25   31
   1   15   -3    3    4   -9   19    2
   4  -34  -31  -28   -3   40    1   -1
  21  -11    6   -2  -18   18   73    8
   0   11  -22  -30    1   11  -10  -26
  21  -21   22  -20  -30  -14  -12   16
  52   45  -34   48   28   29    6   19
  22   19   45   17   19   15   -3  -15
 -13    8  -22   27   28  -12  -17   33
  17   16   25   19    6    3   27   13
  29  -27   -1  -27   -2   50   10   13
  45  -17   34    8    0  -18   76    5
   7   20  -30  -11    1   -2  -15  -21
  49  -16    4   -7  -33  -42  -14    7
 -18    4  -24   21   22   16   41   20
   9   26    0   16    6    4   -7   -4
  -7   10  -18    5   19   -3  -19   22
  20   16   -5   10    8   -3   -1  -12
   4  -27  -16  -33  -11   21   11    6
   8   -4   19    0  -15   22   69    4
  -2   12  -18  -35    1   12    0  -29
  27  -13   18  -17  -34  -19  -13    0
  48   27  -19   51    4   24   11   32
  28   19   28    6   11   19   -3   -7
 -18   10  -29   28   27    2  -13   33
  17   31   -2   -2   -7   -4    4    4
   4  -27  -25  -37    4   50   -2   -6
   5   -3   19    7   -5   21   75  -13
   3   -6  -14  -29    1    6  -13  -21
  29  -14   21  -20  -29  -29  -14    4
  29   26  -23   44   19   23   17   30
  20   25   36    9   12   15   -4  -26
 -15   11  -33   31   18  -10  -22   33
  -1    9  -13    5   -1  -17   -2    1
   2  -21  -21  -34   -6   59   -2  -14
  11  -14    2    0   -7   22   75   -3
  -1    2  -22  -37    1   10   -9  -26
  34  -19   23  -23  -21  -30  -12    3
  52   66  -34   63   19   24   13   13
   6   32   33   14   16   27   -3  -29
  -7   11  -29   19    9  -15  -33   34
  18    6   -8   22    4  -14    5   -7
   6  -27  -31  -21   -3   38    0  -11
   9    0    1   -1  -16   24   70    5
   0    5  -21  -46    1    7   -5  -28
  22  -12   24  -23  -16  -16  -13    1
  50   60  -26   56   25   25   11   23
   1   16   32   12   19   23   -4  -27
 -16   11  -31   22    9    0  -27   27
   0   11  -10    2   -1  -12    2   -4
   4  -29  -24  -39    0   38   -5  -17
   6  -15    5    2  -20   26   73    0
   0    0  -25  -24    1    5  -11  -41
  36  -15   24  -18  -24  -13  -10    7
  52   65  -27   58   18   28   17   22
   6   25   36   15   19   26   -3  -28
 -12   11  -23   19   15   -8   -4   32
  17   25    4    1  -11  -12   -6    2
   4  -28  -25  -27   -3   43    4  -23
  15   -8    0    2  -15   20   69   -3
   3  -19  -27  -20    1    5  -21  -27
  39  -10   24  -28  -14  -28    0   22
  18   36  -20   53   20   32    0   16
   8   22   32   18   32   23   -4  -21
 -11   10  -16    6   23  -11  -25   34
   0   25   44    6   13   -4    1    5
  15  -46  -19  -32  -11   19    7  -32
  20  -26    6   17    0   15   75  -25
  15  -10   -2   -5    1   15  -19  -15
   8   -7   14  -14  -17  -39  -13   30
  -3    2  -11   60   18   43   -3    0
   2   16   23   32    6   10   -4  -21
 -21   10  -44   11   24   -7  -38   37
   3   20    0    4    2  -14    4   -2
   3  -34  -23  -35    6   25   -2  -20
  -6    3   -1   -9  -17   34   70    9
  -4   19  -15  -34    1    4  -17  -26
  17  -15   22  -19  -22  -18  -16   14
  68   56  -27   64   38   20    3   14
  14   22   43   22   19    8   -2  -23
  -9   10  -44   24   10  -22  -30   31
  16    0   -1   12   -1   -9   12   -3
   3  -30  -22  -33   -6   26   10  -24
  14    1    8  -11   -8   30   71   10
   2    2   -9  -33    1    7   -3  -24
  27   -9   16  -18  -20  -20   -9   -2
  48   43  -23   51   28   25   13   24
  18   16   52   18   17   27   -4  -30
 -23   10  -28   27   22   -8  -31   25
  14   23    6   10   -6  -16   13    2
   9  -27  -23  -36    0   55    3   -5
   6   -8   11    5  -11   11   79    6
   0   12  -35  -26    1    0   -3  -24
  38  -14   24  -27  -34  -28  -16   -5
  38   46  -21   58   24   31   18   13
  13   22   25   20   17   29   -4  -40
 -10   11  -43   18    9   -7  -33   18
  23   19   -2    8    7  -15    6   -6
   2  -25  -21  -39    4   49   -7   -5
  13   -6   15    0  -15   18   75   10
   0    8  -19  -33    1    8  -14  -25
  16  -12   29  -22  -29  -26  -20    5
  42   57  -32   53   22   37    9   15
   4   30   39    8   10   16   -3  -25
 -27    8  -13   14   35  -18  -13    9
  -6   26   11   20   14    3    3    6
   9  -38   -9  -34    6    4   14   13
   6   17   12   12  -19   25   63   17
   0   50   11  -23    1    0  -11  -17
  57  -12    3    2  -30  -17   -6    4
  25   -5  -11   36   47    0    1   24
  17   15   12    6    8   17   -4   -8
 -26    9   -9   19   31  -12  -14   10
  -4   34   32   26   11    0   13   16
  21  -42  -22  -47    0   18   15   12
  35   -4   13   17   -4   -1   73    0
   7   29  -19  -18    1    2   -3  -14
  46   -6   -1   -8  -23  -23  -10   -3
  12   -8  -11   26   23   20   16   26
  21   27    2   12   10   24   -6  -18
 -16    9  -22   24   13   -7  -31   21
  11   22    1   12    4  -12   -1   -2
   8  -33  -10  -24    2   21   10   10
  22    0   22    1  -16   20   65   -5
   1   20  -10  -32    1    6  -22  -32
  25  -12   15  -17  -34  -26    0    0
  33   36  -25   42   20   19   21   32
  14   34   30   25   12   31   -5   -1
 -28    9  -34   16   27  -12   -7   35
   1   13    2    9    9  -14   11  -10
   8  -30  -19  -29   -1   28    5  -15
   8    1    5    5  -17   29   69    1
   1    6   -4  -43    1    1   -3  -32
  11   -8   14  -20  -28   -8  -11    8
  55   34  -16   54   29   19    5   23
  28   24   34   11   19   22   -3  -16
 -12   10  -31   22   31   -6  -33   34
   8   17    0   13   11  -16   -5    9
   4  -27  -24  -34    3   32    2   -2
   2  -13   12   -1  -21   29   70    5
   3   19   -8  -33    1    0  -19  -29
  22  -18   15  -22  -19   -6  -19    3
  61   38  -27   54   30   20   10   17
  12   15   23   15   15   27   -3  -13
 -12   10  -30    8   29   -3  -19   26
   3   17    2    6   -1  -11   -9    1
   7  -33  -17   -9   -6   32    8  -18
   8    1    7    9   -9   28   72   18
  -2   -5  -13  -35    1   10  -11  -28
  17  -16   23  -16  -26   -9    0    7
  47   31  -28   54   22   18    2   15
  11   22   23    9   21   22   -3  -30
 -19   15   44  -25   30    4    0    8
   1   21   43   -2  -34   29  -12   13
  31  -38   55  -40  -41    4   13  -16
  -6  -38   18    6   -7   -6   33  -61
  28  -50   -4   -6    1   31  -16   -3
  19   19   -5  -19   16  -55  -17   28
 -52  -31   29   57    8   23  -28  -26
  -8   18  -21   20   24   11   -5   15
   9   11   80  -31   38  -14  -47   37
 -41  -14   92  -56  -15   17   28   34
  78   15   51  -40  -33   62  -17  -38
   5  -42    6   17   21  -23   23   24
  59  -33  -12   11    1    4   45    8
 -43   -3   -8   -5   -6  -51  -31  -12
 -61   -7   -8   22   34   12  -36  -11
 -34   54  -18   13  -14   35   -9   -2
 -18   12    9    4   41   -2  -34   18
   0   -2   50   -7    4    9   21   26
  52  -24   23  -26  -41   14   29  -37
   3  -48    3   54    3   -4   60    2
  31  -48   18   19    1   36   -3    5
 -23  -15   -5  -35   -7  -71   -9   41
 -44    1   -1   53   42   32  -35  -20
   0   31  -25   15  -12    6   -6   -3
 -14   10  -31   16    5  -15  -15   45
  12   28   11   14   -3  -14    2    3
   5  -29  -20  -42    5   41   13   -9
  13   -2   25    9  -19   21   73   -8
   0   12  -17  -30    1    1  -14  -26
  21  -12   23  -17  -26  -19   -9   -1
  29   30  -29   48   24   27    6   19
  26   21   26   17   17    9   -4  -18
 -18   10  -30   20   22   -7  -36   36
  22   21   12    5   25  -12    7    3
   4  -33   -4  -40    1   -2   18   41
   2   10   29   10  -26   17   71  -12
   8    9  -12  -24    1    5   -5  -32
  28  -11   15  -18  -27  -21  -14    3
  13    5  -31   37   17   26   18   26
  19   29    4   23   11   22   -4  -19
 -15   11  -35   17   27   -4  -23   33
  -4    6    3   12  -11  -13   -7    0
   5  -24  -19  -40   -1   31   10   -1
 -10   -2    4    0  -24   21   70    3
   0   -8  -26  -27    1    3  -17  -25
  29  -11   25  -27  -24  -35   -6    4
  40   46  -17   52   19   34   16   18
  29   24   30   21   21   24   -2  -27
 -20    7    8   31   16    0   -9    1
 -29   51   43   41   16    0   20   27
  38  -24   -4  -42    7   53   11   10
  49   -2   44   11   12  -16   70    8
   5   42  -37    0    1  -11  -17  -25
  64  -12   -3  -19  -32  -28   -8  -17
 -23  -16   -3    1   16    9   35   40
  14   37   -7   13    5    5   -7  -16
 -18    8    9   13   32  -11  -17   12
 -10   22   29   20    7    0    5   19
  31  -26   -8  -42    1   25   10    0
  36   -1   38   17    7    5   70    4
   5   44   -9  -16    1   -4  -17   -4
  47   -3   -4   -3  -14  -17   -3    2
 -14  -26  -10   28   33   10   -4    9
  18   32    8   16    0    3   -6   -1
 -16    8  -11   24   31  -13  -20   14
   0   42   23   32    4   -5   12   12
  22  -30   -6  -16   11   26    5   10
  24    5   36   10    6   -3   57   23
   8   47  -26  -17    1  -14  -11  -24
  58  -13    1   -9  -22  -24    4    2
   6   -4  -16   19   20   10   10   26
  19   21   20    0    4   10   -6   -3
 -14    9  -13   13   22   -7  -10   16
  14   30   25   24    3    0   13    0
  18  -34  -19  -36    3   33   10    0
  27    2   44   16  -10    1   68    0
   9   12  -17  -21    1    2  -11  -17
  37   -8    4  -18  -21  -24    3    9
  -5    4  -16   25   29    9   17   20
  11   29   15   20   15    9   -6  -10
 -18    9  -19   19   35   -7  -17   28
 -11   23   16   24   13   -5   -2    6
   5  -31  -17  -28    2    9    0   -5
  12    4   11   15  -22   18   59   15
   4   39   -3  -19    1    2  -15  -22
  33   -6    5  -10  -23  -13  -10    8
  43    9  -11   41   46   10    3   18
   1   28   10    7   12   25   -4   -8
 -31   10  -17   16   27   -3  -17   25
  -2   33   12    2   -6   -3   -3    7
  10  -39  -18   -3  -11   36    3  -22
  11  -15   12   15  -15   14   58    4
   4   14  -20  -11    1   26  -18  -12
  27   -2   10  -13  -20  -22   -6   19
  22    9  -10   53   16   16   -6   12
  -1   24   33   10   26   22   -3   -3
   6   10   46  -43   23    4  -31   16
  19   -3   61  -20    0   28   18   41
  75    8   34  -68  -50   33  -11  -17
 -18  -54  -27    8  -17   -5    6  -31
  25  -20   19   24    1   31  -12   15
  12   18  -21   17    7  -35   -4   27
 -58  -37   27   26   44   -2  -21   -1
 -28   39   -6    1   20   51   -7   -9
  20   11   30  -35   15  -23  -38   28
   0    0   49  -39   -8    8   24   38
  77   21   23  -55  -36   46   18  -42
 -37  -72  -26   39   37   10   11   13
  49  -25   30    5    1   27    7   21
 -18    9  -18   -3    5  -53  -36   27
 -56  -34    7   12   46   -1  -36    0
 -23   35  -20  -10  -12   49   -5    5
   2   10   21  -28   20    4  -33    0
   1    0   27    6    4   36   35   29
  68   17   35  -24  -59   34   -9  -50
  28  -47   -5   15   34    3   45   -7
  33  -37  -19   14    1   40   39   -8
  -3  -10   -9  -33    2  -69   -5   32
 -67  -14  -22   35   27   26  -24   17
 -18   45   -5   15  -17   30   -9   15
 -20   10  -22   24   10  -10  -15   29
  11   18    1    6   -8   -1    7  -13
   4  -26  -19  -30    8   46    1   -9
  18   -5   13   10   -9   14   66   10
   2    5  -23  -23    1   10   -9  -19
  14  -18   20  -24  -20  -11  -18    0
  27   21  -16   42   21   28    9   27
  21   28   24   13   12   14   -4  -12
 -10   10  -19    5   36    5  -42    4
  12   23    5   17    8   -1   -9   13
   8  -22   -4  -43    3    6    1   27
  -2   19   36    1  -17   12   66   -8
   3    0  -25  -28    1    1  -13  -13
  30    0   17  -16  -25  -18   -5    4
   9   -9   -8   34   17   27   14   15
  29   20   16   23    8   -2   -3  -15
 -13   10  -18   18   24   -8  -37   16
   6   34    7   10   12   -5   -2    3
   6  -24   -9  -42    2    5    2   23
   0    4   19    2  -21   10   66   -3
   4  -11   -9  -28    1    0   -5  -17
  35   -4   16  -14  -24  -19    0   -2
  11    5   -6   46   26   33   10   31
  34   23   16   15   15   18   -5  -18
   1    7   50    0   25    2  -32  -28
 -25   33   69    0    1   21   -3   23
  59  -28   46  -65  -16   17   12    8
  23  -16   27   54    9   -9   52  -48
  10   -3  -21    9    1   -5   17   16
  62   -3  -14   24    3  -44  -29   -6
 -46  -41   19    2   35   14   12    5
  10   23  -19   25   -1    3   -8   10
   0   11   57  -26   18    7  -23  -24
 -14   18   55   -2   -7   18  -29   16
  43  -14   35  -82    2   21   24   22
   0   40   15   33  -25  -11   38  -56
   9   11    6   29    1  -16  -26   -5
  51   -5   -8   48    6  -10    0  -12
 -54  -57    6  -14    6   12    3   -6
  22   24  -20   14    0  -25   -4   -3
  -4   11   48  -24   23   -8  -27  -25
 -21   19   39   -3   -8   14  -30   32
  46  -27   35  -80  -15    7   26   -7
  11   35   -1   45   -6   17   35  -45
  12   18    0   13    1  -16  -15    6
  50   -8  -15   44   15  -48    2   15
 -18  -54   15    5   32    7  -14   -5
  28   20  -39   16   -3  -25   -3  -15
 -28    7   21    1   22   -4  -34  -15
 -10   52   53   30   13    0   11   22
  56  -30   23  -48   -9   17    7   -4
  36   -2   41   38   14   12   62  -36
  18   42    5   -8    1    7    2    3
  42  -16  -10    1    3  -59  -35   19
 -18  -27    6   19   41   13  -24    3
  17   29  -23   16   -6   -9   -7   -9
 -18    8   51  -10   37    5  -12  -25
 -17   41   88   24   14   10    4   14
  60  -23   38  -62  -14   28   15   40
  19   13   44   43  -15   -8   63  -33
  16    9  -12    0    1  -20    1  -14
  67   -9  -15    8  -13  -36    4   -8
 -50  -43    3  -20   34   10    0   16
  27   31  -13   28    2  -15   -9    9
 -27    7   52   15   35  -14  -32  -35
 -23   43   54   37    7    4    7   30
  54  -25   32  -80  -17   49    6    7
  35   -5   29   34   -8    1   59   -7
  12   23  -16    0    1   -2   18    8
  75  -16  -13   -3   -8  -45  -13    1
 -27  -47   11    1   31   19   10   17
  17   46  -12   13    6   -3   -8  -17
  16    9   53  -55   -7   13  -50   -4
 -29   -8   66  -56  -21   46    3    0
  58    6   65  -18  -28   44  -12  -11
   2  -31   27   48   30    3   15  -60
  27   12  -20    3    1   23   11    4
  27   13   -5   31   33    3  -24    5
 -47  -62   -1  -19   15   -6  -15  -10
 -25   39  -21   25   10   21   -6    2
   8   11   61  -17   47   -2  -39   37
 -32   -1  115  -41  -30   11   40   26
  65   10   58  -42  -27   59   -6  -24
   2  -42   19   31    8  -16   24   33
  51  -46  -30   47    1  -17   29   25
 -38  -19   -4   -9   -7  -48  -39  -16
 -95  -25   -1    0   10   39  -36   11
 -19   66   -8   16  -15   36   -9  -17
 -14    7   33   32   16  -13  -23   15
 -50   17   53   30   -3   -4   43   42
  59  -39    0  -35  -22   94    9  -33
  51  -28   45   37   21   -3   80   -4
  15    1  -12   57    1    1    4    2
  26  -32  -16  -18  -12  -61  -39    7
 -41  -14   -9   22   41   15   10    8
   7   28   11   16   -2  -10   -9  -13
 -13    7   24   15   20  -11  -16  -21
   0   25   61   43   17   -3    9   25
  42  -23   16  -53   -8   32   20    9
  44    0   44   26  -10   -8   73   -9
  11   13    0   -1    1   -4   -2  -13
  68   -3  -10  -13  -13  -45   -5  -12
 -36  -43   -1   -2   26   13   10   19
  24   30   15   32    6    6   -8   -7
  -9    7   55    5   33    0  -27  -44
 -20   43   62   34   12    8   -3   33
  55  -16   38  -69  -19   29   16   20
  22    6   31   26   -2   10   54  -34
  14   53    2   -2    1   -7    7    0
  57  -14  -20   11   -6  -34    6  -19
 -25  -51   -4  -16   24   13    8   -5
  37   31  -14   29    0  -23   -8   -6
  -6    8   38   -9   -4    5  -30  -33
 -14   42   72   11   12    4    2    5
  30  -19   31  -63    3    5   18   41
  24   10   37    9    1   -2   41  -21
   8   69  -13  -15    1   -1    4  -12
  73   -9  -11   16  -10  -21  -11   -4
 -18  -57   -6  -16    8   19   33   11
  37   29   -2   17   -5    0   -6   10
   6   14   73  -42  -15   24  -46  -27
 -37    2   63  -17  -23   33   -6    5
  30   -2   37  -39   12   30   22   46
   5   50   20   14  -20  -20    4  -40
   5   16   -7   12    1  -23  -29   -3
  20  -15  -10   74    5   19  -31  -23
 -63  -43    2  -35   -8   11   11   20
  41   10  -37   37    1  -26   -4  -12
  13   14   78  -55  -17    0  -25  -28
 -42   -5   50  -25  -17   24  -13    8
  28   -3   46  -53   12   14   23   27
   2   63    1   10  -32   -7    4  -66
   0   29  -10   15    1  -12  -24   -4
  21  -11   -1   77   34   25  -36  -16
 -66  -36   19  -29   -2   30   10    1
  21   16  -39   18    0  -19   -4  -22
  15   15   73  -47  -16   17  -35  -21
 -16  -12   55  -24  -19   27   -6    5
  25    0   30  -42   13   21    9   43
   8   51    9    8  -25  -20    8  -56
   0   29   -3   23    1   -5  -31  -11
  25  -12   -4   76    4   49  -30  -21
 -60  -46    5  -38   -8   20   13    2
  32   25  -50    5   -2  -29   -4  -13
  -1   12   61  -42  -11   -6  -35  -42
 -35    7   56  -25    0   22  -14    9
  39    0   46  -60    6   21   21   37
   7   50   32   30  -12    1   25  -45
   4   45    0    5    1   -9  -32  -12
  39  -18   -4   65  -18   21  -16  -18
 -55  -44   -1  -46   10   24    7   24
  18   27  -42    5  -11  -26   -4    6
   0   10   64  -34   10   -9  -26  -34
 -27   22   37   -8    0   13  -18   12
  50   -9   59  -80   17   22   16   48
  -5   37   20   13  -33    0   13  -45
   7   78  -17   31    1  -18  -24   -7
  53  -11   -2   52   -9   -5  -31  -11
 -45  -32    7  -33    9   25    4    4
  35   30  -31   14   -2  -13   -5    1
  12   14   68  -41   11   -7  -22    8
 -17  -10   50  -34  -35   10   -8   17
  54  -13   53  -67  -36   19    1  -21
   9  -39    3    1   10   27    9  -51
  20  -37   15   15    1    0  -53   -4
  40   10  -25   35   39  -43  -32   17
 -50  -44   33   18   35   11  -30  -18
  -1   26    8   -3   15   19   -4    0
  17   14   38  -39   26   29  -40   -8
  18  -14   50  -44  -31   37    0   19
  53   11   13  -76  -37   20    4  -26
 -12  -40  -25   23   -6  -13  -11  -29
  25  -49   13   18    1   41  -26  -13
   6   42  -10   17   47    5  -37   34
 -66  -34   18  -24   12   14   -4  -20
  -1   32  -20   16    8   53   -5   13
  28   13   29  -46   12   37  -51   13
   8   -6   17  -63  -15   46    1    3
  45   16   -1  -61  -35   24    4  -40
   1  -39  -41   42    6    1   -1  -21
  30   -9   10    2    1   49   -5   -9
   7   25   -8   -6   42  -31  -49   43
 -51  -34   -4   -2   23    3  -26  -17
  -7   41  -15    8   -7   43   -2   12
 -13   10   59   -9   18  -25  -32   21
  -9  -21   80  -13  -30    4   16   40
  94    2   46  -48  -27   96   16  -17
  -7  -56   -3   35   56    2   17  -14
  38  -41   10   11    1    6   14   -3
  -9   -7  -31   13   28  -48  -23   12
 -60  -16    0   25   54    2  -37   -2
 -31   25  -24   18   -2   18   -8  -14
 -14   10   45  -15   41  -14  -28  -13
 -18   22   81    1    6   12    4   13
  62  -19   34  -50  -20   32   20  -27
  12  -18   19   48   26    7   47  -16
  21  -12    5   10    1   14    8   22
  11  -15  -23    0   17  -68  -29   12
 -35  -34    3   12   25    7  -35    3
  18   24  -28    5  -11   17   -6   -3
 -10    8   61   -9   19    2  -30  -32
 -30   32   92   14    7   17   13   16
  49  -24   51  -81    7   28   22   42
  22    4   44   52    6  -17   41  -29
  10   50  -12    6    1    0   -3   -8
  49  -21   -8   22  -18   -5  -34  -21
 -39  -51   -2  -38   12    4    2   33
  23   41  -25    4    1  -42   -7    8
   1   14   56  -18   30   36  -16  -39
   1   25  113  -16    1   30    2    1
  37   -5   66  -80  -40   14    5   48
   9   -2   47   41    3  -21   33  -25
   9  -30  -18   12    1    7   -8  -10
  13  -16    0    1  -25   14  -44  -11
 -80  -71  -16  -41  -11   34   21   13
  39   47  -33   29   -6   -7   -7  -14
  -8   13   80  -12   17   29  -33   -1
 -16   19  100  -52  -21   19   -3   25
  57    0   65  -76   -4   19   19   21
   7  -16   34   22   11  -23   14  -43
  18  -23  -21    5    1  -10   -3    4
  19  -14   -4   27    2   18  -38  -10
 -84  -51   -3  -47    0   18    6   23
  18   66   -6   15   -5   13   -8   -1
  -2   10   99  -21  -13  -10  -46  -22
 -52   19   92  -63    4   26   15   27
  69   -1   64  -55   -6   45   12    6
  -3  -11   26   26   15   -6   22  -44
  23   14  -15   24    1   -9  -11   11
  10  -11  -12   49   13  -30  -42  -13
 -61  -25    7  -20   21   21  -10   25
 -14   38  -33   14   11    7   -8  -25
   7    9   75   -7   13   -4  -44    2
 -11   14   81  -40  -15   19    0   20
  77   -2   57  -77    4   45   19    3
   5  -33   26   25   12    7   21  -49
  23   19  -12   10    1  -19  -12    8
  40  -21  -17   39   -1  -36  -24   -6
 -61  -29   -2  -44   15   19  -22   26
  16   48  -11   15    0    5   -6   -7
   0   11   63  -24    1  -20  -26   15
 -27    3   65  -41  -37   24    9   16
  60  -14   47  -63  -14   17    4  -50
   1  -60   11   26   32   26   17  -50
  35  -42    0   22    1   23  -14   25
  30   -6  -20   33   31  -60  -38    6
 -68  -38   45   36   37    2  -42   -1
 -20   22    8   13   17   29   -6  -10
   5   15   52  -15   23  -20  -37   24
 -17  -19   34  -39  -13   17    9   21
  50  -13   22  -76  -24   37   25  -50
  10  -46  -21   24   -6   15   -3  -24
  25  -32   21   15    1    9  -43   10
  13   10  -32   23   43  -42  -37   41
 -42  -36   12   30   45    7  -40  -18
 -20   19  -26    5    1   30   -2    3
  41   15   61  -65   -5   33  -38   -1
 -15   -8   39  -58  -35   35   -9    2
  23    8   10  -59   -4   34   24    3
  16   -2  -26   13   -9   -7  -12  -57
  15   -3  -10   23    1    4  -30  -13
   4   16   -6   65   39   26  -28   -2
 -53  -53   10  -41   -2   11   -4  -26
  17   52  -12    6    0    7   -2   -8
  31   18   67 -104  -18   17  -52  -36
 -24  -17   54  -52  -25   18  -23  -12
   9    4    4  -50    9   28   14   20
  19   54   -4    6  -20   -6   -1  -70
   0    9    0   41    1  -15  -34  -14
   9   -7   -6  103   37   45  -38  -11
 -64  -52   11  -39   -6   33   13   -5
  24   36  -27    0  -11  -29   -1  -10
  28   15   73  -68  -20   -2  -33  -36
 -17   -3   70  -52  -39   13   -9   -2
  28    1   35  -52   11   20   38   22
   0   44   20   11   -1  -17    8  -57
   4   22   -8   28    1    0  -36  -25
   7   -5   -9   83   13   31  -43  -12
 -70  -57    0  -45   -8   32   11   11
  39   42  -34    9   -4  -21   -3  -10
  11    8   56  -33   13   11  -34    8
 -27   13   46  -27    0   41    8   51
  83   24   51  -32  -23   31   -7   -8
  11  -40   29   32   29   -2   25  -49
  25   -6  -14    9    1    7   16    7
   8    0  -14   16   22  -37  -15   13
 -51  -52   14  -16   22    8  -25  -17
 -36   41  -21   24    9   32  -10   -3
  17    9   55  -13   10   -5  -64   27
 -27  -12   50  -40  -15   34   42   42
  87   11   47  -61  -36   69  -29  -36
  34  -68    9    8   51  -13   41   28
  46  -43   -2   30    1    2   43    2
   7   -2  -16  -17   -8  -90  -37   -8
 -78   -5  -10   32   51   13  -44   -1
 -34   43   -3   20   -5   30   -8    0
  -8    9   59   -7   48  -13  -23    6
 -23    5  105    0   -8   18   38   29
  92    2   54  -48  -34   70    1   -8
   6  -20   33   32   22  -25   40    4
  30  -24  -13   19    1    2   32    0
 -32  -15  -17  -21    6  -45  -12   -1
 -79  -21   13   -6   24   33  -25    0
  -9   41  -19   17   -3   27  -11   -9
  -5    9   61    2   19   -7  -33  -16
 -44   26   91   -6   13   19   10   22
  74   -4   71  -79  -29   36    3   15
  13  -19   32   25   23   -7   34  -34
  19   13    0   -4    1  -12   -5   11
  30   -8  -17   15    4   -3  -28  -21
 -64  -37   13  -36   24   12  -11   -2
  31   44   -5   24   -3    7   -9   -2
   1    9   85   -4   -2  -19  -44   -5
 -52   26   90  -32  -18   10   39   33
 106   15   66  -82  -18   92  -13    7
   4  -37   20    4   43  -22   19  -36
  28   16    0    5    1   -8    4    2
  -3  -21  -18   25   -3  -43  -32  -23
 -80  -22   27  -15   36   25  -20   -3
 -29   63   -7   17    6   21  -10    1
   0    9   80  -22   17    1  -42   18
 -36  -15  114  -55  -42   25    8   22
  69   -8   54  -32   -5   48   19   -1
  -3  -60   26   20   19    9   14  -47
  30  -10  -25   18    1   11   11   19
   1    1  -10   24   10  -23  -36    0
 -65  -25   20  -22   14   13  -30   11
  -8   33  -10    0   20   22   -7  -20
  10   11   50   -9   30  -15  -35   49
 -16  -13   50  -34  -32   12   32   23
  67   -2   40  -60  -34   42    6  -60
  -9  -51   -8    3   -5   29   -6  -19
  39  -48   14   24    1    6  -30   13
  -3   20  -27    8   27  -63  -29   33
 -51  -32   30   49   60    5  -46  -18
 -33   26   10    0   23   49   -6    4
  42   14   34  -41   21   21  -25   31
  -6    1   26  -51  -38   30    2   12
  32   19   -3  -69  -36   42    7  -28
 -27  -39  -23    3  -16    1  -12   -8
  30  -19   24    6    1   16  -34   -2
   0   54  -14   -9   22  -31  -32   48
 -36  -10   10  -11   23   -8    8  -32
 -17   45    2  -11   10   34   -2   18
  30   17   42  -83    1   29  -39  -15
 -23  -11   21  -61  -32   39   -8  -10
  14   14    4  -49  -17   48   17   -4
  13    8  -23    2  -25    5   -5  -37
   4   -4   -8   35    1   14  -28   -9
  -8   23   -3   47   32   -1  -32    6
 -48  -45    6  -27   -1    1   -6  -11
  15   43  -40   -1   -6    2    1    0
  39   19   59  -89  -19   13  -53  -24
 -31  -18   37  -37  -55   29  -22   -7
   6    7    3  -29   20   37   32   12
  15   39  -16   -3  -37   -6  -13  -76
  -5   -5    0   46    1    5  -36  -13
   8  -10   -5   99   32   41  -34  -11
 -58  -49   12  -35   -4   28  -13   -6
  25   29  -21    0    4  -23    0   -3
  29   18   57  -78  -19   18  -40  -28
 -23    0   41  -32  -39   17  -20   -9
   1    5    4  -45    9   30   18   27
  13   67   -7    9  -36    1   -9  -70
  -6    7  -10   53    1   -4  -33  -26
  -5   -6   -6  105   29   37  -34  -24
 -50  -51   15  -32    9   20   13    3
  20   39  -37    0   -5  -33    0  -17
   3   11   47  -45   -4    0  -39  -18
 -16   -4   55  -24   -5   28    0    4
  43   -1   49  -76    2   20   17   26
  13   23   13   22   14   11   18  -25
   3   57  -16    6    1   -6  -21  -18
  29  -20   -5   46    3   -4  -25  -14
 -37  -42   -9  -28   -3    5    6    0
  33   42   -6   19  -13  -31   -2   -1
 -11   10   59  -23   22   18  -37  -27
 -24   17   97  -21    5   23   -1    4
  35   -4   30  -75    4   29   25   27
   7   21   48   49   -5   -9   36  -26
  16   24  -10    8    1   -2   -7    7
  43  -21  -10   25  -14   18  -27   -6
 -65  -59    0  -43    0   11    1   16
  38   33  -20   13    0  -18   -6   -1
  -7    8   74   -2   40    0   -7    1
 -35   35   60    0  -18   29   22   25
  72    0   47  -54  -27   52   -8   -4
  66  -38   42   21   32  -26   51  -13
  21  -19  -35    6    1    7   39   -8
  56  -26   -7  -18  -11  -64  -32    0
 -76  -33    1   -8    9   28    0    1
   6   40   -4   18   12    9  -11   -1
   0   10   61   -2   46    7  -16   20
 -50   22   97  -15  -13   14   31   31
  66   13   49  -55  -27   74   -6    4
  43  -47   64   20   10  -30   50    0
  23  -32  -25    2    1   -7   22    0
  19  -24    5  -35  -28  -54  -31  -10
 -81  -32   -7  -31   16   52   -1   17
  12   48    8   13    1   13  -12  -14
  -2   10   66  -10   31   -1  -36    7
  -2   23   59  -38  -13   34   40   34
  86   16   68  -46  -39   58  -23   -6
  35  -36   45   11   48  -23   33  -16
  30  -53  -21   -3    1  -20   47    0
  31  -23  -11  -12    4  -95  -28   -2
 -71  -33   -2    7   24   27  -34   19
 -29   41  -12   23    6   40  -11    1
  15   12   67  -34   15  -28  -23   41
 -44   18   49  -46  -36   17    6   19
  67   -7   50  -77  -15   41   14  -32
   9  -55   -4   20   16   26   -2  -45
  43  -14    7    9    1    1  -52   22
   8   11  -14   21   21  -54  -39    6
 -54  -22   41   22   31    4  -61  -12
 -23   18  -11   11   21   16   -5    2
  25   13   34  -16   22  -15  -51   44
 -23    0   36  -41  -20    4   32   16
  61   12   10  -65  -34   44    7  -51
  -3   -9  -24   18  -15    6   -9   -5
  37  -43   15   19    1   12  -42   31
  -9   29  -30   -4    4  -59  -32   31
 -36   -5   22   41   71    0  -48  -31
 -31   41    5   -3   13   23   -4   13
  53   16   32  -66   23   18  -36   27
 -15  -12   33  -68  -39   21    0    4
  17   13   -6  -71  -41   47   17  -21
   2  -28  -31    2  -18    8  -16  -13
  16  -18    9    3    1   16  -30    0
  -2   67  -13   -9   22  -25  -39   29
 -29  -25   23  -19    9    4   -1  -46
  -3   54   -5   -9    9   26    0   27
  37   18   33  -68   -1   12  -34   -2
   8  -13   23  -54  -36   36    1    7
  14   15    0  -79  -24   48   15  -20
  17   10  -20    0  -10    5  -11  -53
   6   11   14   35    1   16  -24   -7
  -5   20   -8   24   30    0  -34   12
 -53  -54    6  -32   -5    1  -14  -18
  11   41  -25   -1   -8    2    1   16
  50   18   56  -92  -24   14  -30  -22
 -31  -19   30  -43  -50   20  -33  -26
   2    0    8  -39   15   44   27    8
  22   50  -26    2  -23   12   -6  -76
  -2   16   -9   42    1   -7  -31  -16
  -5    0   -8  111   21   40  -33  -18
 -40  -48   14  -39   -1   20    0   -8
  21   40  -30   -9   -5  -33    0    9
  34   17   46  -82  -26   18  -47  -19
 -31  -12   51  -32  -40   15  -22   -4
   8   -4   22  -36   18   36   33   21
  23   61  -30    2  -39    1   -7  -78
  -7   22   -2   44    1   -4  -34  -20
  14  -19   -3  109   14   40  -38  -12
 -44  -44   11  -53    0   29   -1    9
  20   34  -36  -25   -8  -31    0   -7
  44   17   48  -84  -21    6  -46  -28
 -54  -27   28  -20  -42   29  -16   -9
   3   -1    8  -49   20   30   27   22
  19   69   -9   13  -22    8   -9  -77
  -9   25   -7   53    1  -11  -25  -22
  13  -17   -6  104   18   39  -29  -24
 -48  -46    5  -37   -7   25   -1    8
  31   35  -42    8    0  -36    0   -9
  -3   15   48  -32   18   37  -35    0
 -28   25   91  -39  -33   18  -18    3
  17   -9   20  -68    0   16   32    9
  -8   42   14   29  -15   -8   28  -26
   9   -9   -4   16    1   10  -16  -11
  19  -16   -5   26   15   -9  -25   -7
 -47  -45  -12  -18    1   10  -10   -7
  62   37  -18   10   -5   -5   -3   -9
 -13   11   74  -25    6   -7  -41  -42
  -5   20   76  -10   -3   20   -8   16
  49  -14   54  -95   -2   10    9   53
   5   10   42   24    9   -8   23  -44
   7   34   -8    6    1   -5  -14   -8
  69  -14  -10   45  -17    7  -28  -14
 -53  -58    4  -30   -6    5   25   29
  36   25  -35   23   -4  -20   -5    0
  -5    9   56  -12   33   21  -27    1
 -29   36  113    5   -4    9   16   11
  56   -6   42  -39  -17   44   16   20
  15   -6   48   48   -4  -19   51  -19
  12   16  -17   -4    1   -6    8    0
  28  -15   -8    0  -20  -22  -23   -9
 -48  -43   -7  -39   13   29   -7    8
  25   47   -1    5   -6  -21   -9    7
  -3    9   47    1   47   11  -23   21
   7   -9  127   -8  -22    7   34   22
  66    0   54  -46  -43   59   -8    5
  28  -56   47   14   -2  -24   47   25
  26  -25  -30   22    1   -5   34   10
  15  -13   -2  -21  -37  -42   -9  -11
-104  -37   -6  -21   23   43    5   17
  25   44   -9   25   -3   18  -11   -2
   3    9   60   19   45    2  -33    1
 -18   15   72   17  -24   26   55   29
  79   -2   52  -61  -37   67    3   -4
  62  -45   34    5   26  -32   55  -16
  17  -25  -23   13    1  -18   30    5
  43  -28    0  -33   -7  -77  -19  -13
 -88  -21  -20   -8   12   27    0   17
  10   49    1   27    8   -7  -12   12
  37   15   43  -55   11   24  -16   32
 -19  -23   38  -79  -31   26   12   11
  34   18    0  -73  -32   43    9  -15
  10  -39  -12    7  -11   -6  -13  -18
  23  -27    4    0    1   25  -28    2
 -17   53   -6   -4   20  -55  -20    6
 -45  -11   31  -25    9    1   -3  -30
  -7   47   -7    1    9   28   -1    0
  32   18   39  -70   -1   41  -32   -2
   3   -3   28  -66  -35   27    0    9
  13   11    2  -74  -19   38   12  -10
   3   -7  -18   -8  -32   -9  -27  -31
   6   -8    9   32    1   11  -29   -6
 -21   48   -5    5   29    5  -30   13
 -57  -34   18  -32    0   15   11  -18
   4   52    7   -2    0    4    0   -2
  59   18   48  -79   -3   18  -18   -2
  -9    5   25  -64  -50   28  -15  -14
  10    5    4  -63  -16   35   40   -7
   1   -2  -18   -5  -28   -2  -24  -53
   5   -5  -12   31    1    9  -26  -12
  -4   56   -5   33   48   16  -34    4
 -42  -48   18  -36    2    6    4  -22
  14   47  -16   -8    0  -13    0   -4
  43   19   51  -85  -19   12  -43  -21
 -37  -14   35  -48  -45   19  -27  -17
  -1    5    9  -43    8   39   30    6
  16   49  -23    0  -31   -1   -9  -58
  -7   -9   -6   59    1    2  -23   -8
  -5    4  -14   98   38   23  -40   -9
 -55  -53    9  -38  -11   25    6    2
  21   48  -39   -2   -7  -19    0   -8
  43   20   54  -84  -12   16  -54  -15
 -31  -16   45  -44  -47   17  -30  -20
   6   -1   -5  -63    4   36   25   20
  18   43   -6   -7  -29    4  -11  -84
  -6   -5    2   44    1   -6  -38  -15
  13   11  -14   89   52   26  -31  -10
 -43  -39    3  -47  -14   30   12  -15
  21   46  -33   -5   -3  -33    0   -2
  54   18   55  -76  -23   23  -66  -25
 -55  -16   48  -41  -39   12  -24  -18
  12   -3   10  -49    5   35   16   16
  15   76  -26    5  -25   -8   -8  -55
   0   19  -13   41    1    0  -39  -20
   1    8  -13   95   26   31  -35   -9
 -52  -47    6  -41   -1   28    1   -3
  24   37  -47   -2   -2   -9   -1    4
  40   18   61  -69  -17   19  -43  -16
 -42  -23   43  -43  -52   12  -17  -19
   3    3   14  -45   12   35   26   22
  14   60   -3    4  -19    1   -6  -84
  -2    3   -4   37    1   -5  -40  -11
  10   -6  -10  113   38   39  -32  -11
 -60  -55   13  -36  -21   20    3   -6
  29   33  -53    1    1  -23    0  -13
   3   14   61  -44  -11   17  -32  -12
 -33   12   79  -27   -2   31  -20   14
  27   -6   24  -91   11   14   20    8
  13   15   10   37   -6  -17   12  -27
   0   -1   -2   26    1  -10  -18  -19
  42  -28   -9   52    8   31  -23   -9
 -38  -30   12  -26  -10   10    4   16
  41   36    5   10  -15  -26   -3  -10
   4    9   54  -51    3   18   -9  -29
 -31   17   61   -4   14   38   -7   -4
  46  -11   55  -62  -22    4   28    6
   8    3   49   56   19   -2   28  -53
  13   54  -18    0    1    5  -10   -7
  61   -8  -10   29    3    1   -6  -11
 -40  -58    8  -26    1    2    0   14
  17   30   -8   14   10  -17   -7   -1
  -9   11   55   -5   14    2  -46  -10
  -2   13  121  -27   -9   11    5   15
  34   -6   33  -46  -24   27   13   36
   3  -12    8   50   15  -13   35  -26
  14    3   -7   -6    1   26   -9   -6
  16  -15  -15   12   -8    0  -32    0
 -34  -46   -8  -20   20    6   12    1
  57   56  -24   21  -22    1   -5  -13
 -20    7   49   16    4  -10  -22  -14
 -21    5   42   20   -1   12   27   24
  68   -6   21  -57  -17   78    0  -14
  69  -31   60   25   39  -15   66   -6
  14   25  -49   15    1   -2   18    2
  51  -20  -12   -8  -14  -85   -5    0
 -56  -20    1    3   37   12    7   25
  17   44   16   17    5  -18  -10  -14
 -11   12   49   -4   55    0   -8   -3
 -21   17   84   12  -17    0   33   33
  83  -20   80 -102  -51   43    7  -15
  23   -8   32   14   10  -34   50   11
  21  -28  -15   19    1  -26   17    0
  17  -23   -1  -28  -29   -8  -33  -16
 -88  -25   21   11   33   37  -13   25
   9   59  -24   27  -10    1  -11    7
  45   16   42  -64    3   28  -28  -21
 -23   -9   14  -75  -26   37    0  -11
  23   15   -6  -64  -25   30   14    0
   4  -13  -12    2  -20  -11  -15  -47
  16    7    4   26    1   17  -25   -4
  -9   53   -5   15   45  -19  -25   28
 -53  -44   18  -29   11    3   -8  -30
  10   45  -27    4    8   12    0   14
  40   18   53  -54   -3   33  -26   -8
  -9  -24   39  -53  -41   27  -12  -10
  10    5    1  -74   -3   39   30    6
   5   -3  -22   -4  -41   -1  -16  -51
   5  -23  -12   30    1    5  -39    1
 -12   44   -4   37   56   18  -29    2
 -55  -49   16  -32  -13   19    9  -37
   8   55  -21  -12    4    3    0   -3
  48   18   58  -75  -15   38  -26  -11
  -5  -19   23  -75  -35   33  -16    0
  10    1    9  -72  -12   38   27    8
  11   -7  -18   -2  -23  -12  -22  -66
  10  -32  -13   28    1    6  -28   -2
 -16   46   -4   42   51   23  -48   -8
 -63  -60   29  -35   -3   20   24  -35
   8   52    7    8    4    5    0    0
  53   19   46  -82  -17   28  -54  -24
 -49  -15   34  -37  -63   21  -18  -17
   5    1    6  -61    0   34   21    3
  27   49  -30  -14  -22   -5  -16  -84
  -7    8   -2   47    1   -3  -37  -18
   2   26  -16   92   47   39  -42    2
 -44  -62   11  -42    0   29    7  -18
  11   60  -43   -9   -2  -10    0   -5
  48   20   52  -71  -39   23  -34   -9
 -24  -37   27  -63  -40   18  -29  -16
   6   -3   -5  -54   -5   38   22   14
  24   39  -18   -4  -37   -5   -8  -61
   0   -6   -5   44    1    7  -28  -15
  -1   21  -16   92   45   31  -32   -9
 -60  -57   19  -40    2   18   27  -23
  27   57  -56   -6   -2  -11    0   -5
  44   18   57  -75  -23   32  -50  -18
 -32  -14   36  -31  -37   29  -16  -25
   4    2    4  -69   16   30   26   12
  15   38   -4   -2  -30    1   -6  -80
  -1    3  -10   45    1    1  -25  -25
  29    0   -8  104   29   30  -34  -14
 -52  -48    6  -41  -15   21    0   10
  16   39  -47   -3   -4  -38    0  -11
  48   19   67  -91  -35   24  -25  -25
 -23  -30   53  -45  -30   15  -20  -25
   8    4    8  -45    0   33   18   16
  25   62  -11    0  -21  -14  -10  -80
   0    4    4   33    1  -10  -37  -22
  20    5  -13   88   33   37  -43  -14
 -59  -45   28  -44  -24   34   20  -17
   6   54  -29   -2    1  -18   -1  -14
  10   14   60  -52    3   25  -28  -14
   0    4   93  -47  -38   19  -13   -4
  27   -5   20  -74   11   21   36   28
   4   35    8   21  -15   -4    7  -32
   4   10   -3   22    1   -3  -10  -20
   8  -15   -9   67    7   10  -34  -17
 -59  -41   10  -41   -9   11    3   11
  25   56  -37   14  -21  -12   -2   -7
 -10   11   65  -11    9    1  -30  -38
  -7   19   79   -6   -1   27  -11   19
  37  -12   50  -59    9   20   12   27
   4   13   27   26  -12   -5   23  -48
   8   17   -1   16    1  -16  -27    3
  60   -3  -12   46    2    2  -19  -17
 -38  -61   21  -18  -11    1    1    7
  14   29  -29   11    9  -29   -5  -20
   2   13   59  -72    7    4  -38  -14
 -38    6   82  -24  -23   12  -10   12
  34   -6   28  -75   14   12   29   31
   1   38   14   31  -22   -6   14  -35
   5   39    2   10    1  -14  -24  -15
  29  -15    0   53   12    4  -36  -13
 -54  -52   -2  -30    9   30   -1  -17
  38   34  -23   18   -6  -19   -2  -10
 -10    7   23   19   13   20  -15   -3
 -22   42   66   16    6   -5   22   16
  43  -19   16  -48  -13   40   15   15
  52  -17   33   28   -9  -13   62   10
  13   15  -21   -1    1  -12   17   -7
  26  -13   -4  -20  -16  -38  -29    0
 -47  -38   -6  -16    6   23   42   33
  26   39   -2   43    3   -5   -8  -10
  -1    8   62    9   37   -9    0  -11
 -26   33   41   15   -4   36   19   21
  79    1   65  -43  -46   60   -7   -8
  33  -37   33    8   37  -16   38  -29
  14  -10  -24    4    1   18   11    0
  45    0  -20  -18  -10  -72   12   -4
 -56  -26   18    1   29    8  -11   23
   0   43  -25   15   20   19  -11  -14
