Shape: torch.Size([1, 144, 64])
Range: [-128, 127]
Mean: -4.5522

量化值陣列:
  79   67  -93   95   92   86  -76   63
 121  -72  -85  118  -86  -99  -89  -96
-107 -120  101 -114 -121  115  -77 -126
 -93  -66 -106 -116  -99  127   35  125
 -91 -120  102 -126  -46 -106  -85 -100
-113  111   95   85  108  103   85  -97
 -92 -128  100  115 -104  112  -34   93
-115  -81   89 -108  100    7  102  -62
  80   68  -94   97   93   85  -74   65
 121  -70  -85  115  -88  -96  -86  -95
-107 -120  102 -116 -121  112  -75 -128
 -91  -69 -107 -116  -99  123   36  125
 -90 -123  101  126  -48 -107  -83 -102
-115  113   92   86  106  102   80  -93
 -93  124   99  116 -106  112  -35   96
-114  -78   95 -111  101    3  104  -62
  77   64  -92  100   90   87  -79   64
 120  -75  -86  120  -80 -102  -92  -97
-106 -122  100 -113 -121  120  -81 -126
 -95  -62 -107 -117 -101 -127   33  127
 -92 -119  100  127  -43 -106  -85  -96
-112  107   98   85  110  102   90  -99
 -93 -124  103  113 -103  113  -36   88
-114  -83   84 -106  101   10   99  -61
  75   63  -90  103   84   95  -82   61
 117  -79  -88 -125  -73 -108  -97 -101
-105 -122   99 -110 -121 -126  -85 -123
-102  -56 -107 -116 -101 -122   29  127
 -95 -114   96 -125  -45 -106  -87  -91
-108   98  105   84  119  102   99 -103
 -92 -113  107  107 -103  113  -36   77
-113  -89   74 -101  101   19   99  -61
  70   64  -89   97   82  101  -82   56
 117  -76  -90 -121  -73 -115 -102 -100
-107 -124   99 -107 -118 -124  -84 -124
-103  -53 -105 -116 -103 -119   27  126
 -98 -107   96 -118  -51 -104  -89  -84
-103   92  110   81  123  103  105 -109
 -90 -105  107  106 -100  115  -37   71
-115  -91   67 -101   94   28  104  -61
  77   66  -94  111   88   93  -82   64
 117  -79  -92  126  -77 -105  -90 -101
-103 -122  101 -117 -123  124  -82 -125
 -97  -64 -112 -116 -102 -127   34  125
 -93 -120  100  126  -50 -106  -86  -97
-110  104  101   89  112  100   89  -99
 -95 -122  104  113 -114  116  -36   86
-113  -83   86 -110  102   14  103  -58
  74   67  -94   97   91   89  -75   63
 121  -70  -88  118  -86 -103  -90  -93
-106 -121  103 -116 -120  115  -75  127
 -91  -67 -107 -116 -103  126   36  125
 -91 -119  102 -128  -52 -105  -84  -96
-112  110   97   85  107  102   84  -98
 -93 -127   99  117 -107  116  -36   93
-116  -79   91 -114   97   11  107  -61
  76   68  -95  105   91   89  -79   66
 120  -78  -90  118  -81 -102  -92  -97
-104 -124  101 -118 -122  118  -80 -126
 -92  -67 -109 -118 -105 -126   35  126
 -91 -120  104  125  -46 -106  -87  -98
-113  109   99   89  108  100   89  -98
 -99  127  102  116 -109  116  -34   93
-116  -83   88 -111  101   14  102  -59
  80   60  -93  117   86   90  -84   67
 115  -85  -92  124  -72 -102  -87 -104
-100 -123   98 -119 -125  126  -87 -124
 -98  -61 -114 -116 -102 -128   34  126
 -91 -124  102  122  -42 -106  -86 -100
-111  103  100   92  111   99   88  -96
 -96 -124  107  112 -118  116  -34   87
-112  -82   85 -105  108    8   95  -57
  79   64  -96  126   88   93  -87   71
 115  -89  -97  127  -70 -104  -89 -106
 -99 -125   98 -123 -127 -128  -89 -123
-100  -65 -118 -118 -104 -126   35  125
 -92 -124  103  119  -45 -107  -88 -101
-111  104  104   97  111   97   91  -98
-102 -125  109  114 -123  119  -34   88
-111  -83   85 -109  109   13   96  -55
  82   69  -98  123   93   85  -82   76
 119  -83  -93  117  -81  -93  -83 -101
-101 -123  101 -125 -128  117  -83 -125
 -92  -74 -119 -119 -102  123   38  123
 -88  125  104  113  -46 -109  -84 -109
-119  117   93   97  103   96   80  -90
-107  118  104  121 -123  117  -33  100
-110  -76  100 -115  110    2   98  -57
  82   61  -97 -124   89   89  -88   73
 114  -93  -98  122  -69 -101  -84 -107
 -96 -125   97 -127  127  126  -90 -123
 -98  -66 -120 -117 -105 -128   37  125
 -89  127  107  115  -41 -107  -87 -105
-113  107  101  101  107   95   86  -94
-104  124  110  116  127  120  -32   94
-112  -81   90 -109  113    8   92  -53
  76   47  -94 -114   81  102  -97   62
 103  -98 -103 -114  -54 -124  -90 -112
 -91 -124   95  125 -127 -111  -99 -121
-108  -52 -122 -115 -107 -125   37 -127
-100 -122  104  124  -47 -101  -89  -84
 -96   85  119   96  116   99   97 -107
 -89 -106  118  106  117 -127  -41   73
-114  -84   72 -105  113   24   93  -53
  72   57  -93  126   81  103  -90   61
 110  -86 -100 -116  -63 -118  -91 -107
 -98 -123   99 -121 -124 -119  -90 -123
-105  -56 -117 -116 -105 -124   32  125
 -97 -117  100  127  -55 -103  -88  -86
-101   91  113   91  118   98   97 -105
 -93 -107  112  108 -125  123  -37   74
-112  -85   74 -108  103   24  102  -55
  78   58  -96  126   87   95  -88   66
 111  -88  -98 -126  -69 -111  -87 -106
 -97 -123   99 -126 -125 -126  -88 -124
-101  -62 -117 -116 -105 -127   37  126
 -94 -123  105  123  -48 -104  -88  -94
-106  100  107   94  109   99   89 -101
 -94 -120  109  112 -127  122  -37   86
-114  -82   84 -111  108   16   98  -56
  72   52  -93 -120   80  104  -94   62
 106  -93 -102 -113  -58 -122  -92 -110
 -95 -124   98 -124 -125 -113  -95 -122
-107  -53 -120 -115 -107 -124   33  127
 -99 -119  100  125  -52 -102  -89  -83
 -98   86  117   93  119   98   99 -107
 -91 -104  116  106  125  126  -39   71
-113  -87   71 -107  108   26   99  -54
  79   63  -95 -109   82  101  -95   74
 110  -99 -105 -117  -59 -107  -87 -115
 -95 -127   97 -125  125 -118  -95 -120
-107  -63 -127 -117 -104 -127   32  123
 -93 -126  100  115  -51 -107  -88 -101
-109   96  109  104  119   92   95  -97
-107 -118  117  112  118  123  -35   79
-106  -85   82 -108  114   17   95  -51
  78   61  -95 -112   84   97  -93   74
 111  -96 -103 -121  -61 -107  -87 -112
 -96 -125   97 -126  126 -120  -94 -122
-104  -63 -125 -117 -104 -127   33  124
 -93 -127  101  114  -49 -107  -86  -99
-109   99  107  101  115   93   93  -97
-105 -119  115  113  121  123  -35   82
-107  -83   84 -109  113   14   95  -52
  82   68  -96 -112   86   95  -92   79
 114  -98 -103 -126  -66  -98  -87 -112
 -96 -127   96 -127  124 -125  -93 -120
-103  -70 -127 -119 -104 -127   34  122
 -90  127  104  112  -48 -109  -89 -109
-116  107  103  107  113   92   92  -93
-115  127  114  118  121  121  -31   89
-107  -83   90 -109  114   12   93  -51
  75   57  -94 -115   82  100  -94   70
 109  -94 -102 -118  -61 -112  -88 -110
 -95 -124   97 -126  127 -118  -94 -122
-105  -60 -124 -118 -105 -127   34  125
 -95 -125  101  117  -51 -104  -87  -93
-106   96  110   98  116   95   95 -100
-101 -114  115  111  122  125  -36   79
-109  -82   80 -109  111   18   96  -53
  80   66  -97 -113   88   94  -91   78
 114  -95 -103 -127  -68 -101  -85 -110
 -96 -126   98  127  125 -127  -91 -122
-101  -71 -126 -119 -104  127   37  122
 -90  126  105  112  -50 -108  -87 -106
-114  108  103  104  110   93   89  -94
-112  126  112  119  120  123  -33   91
-108  -80   93 -113  113   12   95  -52
  82   67  -97 -111   87   94  -92   78
 113  -99 -103 -126  -65 -101  -86 -112
 -96 -127   97 -128  124 -125  -93 -121
-102  -69 -126 -118 -104 -128   35  123
 -90  127  104  112  -47 -109  -88 -107
-114  105  104  106  112   93   91  -94
-112 -128  114  118  120  122  -33   88
-107  -82   90 -110  115   11   93  -51
  79   61  -96 -109   84   99  -94   76
 110  -97 -105 -121  -62 -106  -85 -113
 -94 -126   97  126  124 -121  -95 -121
-105  -66 -127 -118 -105 -128   35  123
 -92 -128  104  114  -51 -106  -88 -102
-110  101  107  104  114   92   93  -96
-109 -122  116  115  116  125  -34   85
-108  -81   87 -110  114   16   94  -51
  79   56  -96 -107   83   99  -96   72
 107 -100 -105 -119  -58 -111  -85 -114
 -92 -125   96  124  125 -118  -97 -121
-106  -62 -127 -117 -105 -128   36  125
 -94 -128  104  115  -49 -105  -88  -98
-106   96  110  103  114   93   92  -98
-103 -118  117  113  113  126  -36   82
-109  -82   83 -109  116   16   93  -51
  81   57  -97 -108   85  100  -95   71
 106  -97 -107 -119  -60 -113  -81 -115
 -91 -124   98  121  125 -120  -94 -121
-106  -64 -127 -116 -104  125   40  122
 -95 -126  108  119  -54 -104  -89  -98
-105   98  110  104  111   94   89  -99
-100 -119  116  115  109 -128  -37   85
-110  -79   86 -113  114   16   96  -51
  78   67  -96 -115   85  100  -93   73
 112  -97 -105 -122  -64 -108  -89 -112
 -96 -127   97 -128  126 -123  -92 -121
-104  -67 -125 -119 -106 -125   34  122
 -93 -124  106  118  -53 -106  -90 -101
-110  102  109  104  114   94   96  -99
-110 -122  114  116  121  124  -33   85
-110  -84   85 -112  110   20   97  -51
  83   57  -96 -116   87   94  -93   73
 109  -97 -102 -126  -63 -107  -83 -112
 -93 -125   96  124  125 -124  -94 -121
-103  -64 -124 -117 -104  127   39  124
 -92 -128  109  117  -45 -105  -89 -103
-109  103  106  103  108   95   89  -97
-102 -126  114  115  118  124  -34   90
-111  -80   87 -108  115   12   90  -52
  81   55  -94 -111   82   97  -96   71
 107 -100 -103 -120  -57 -110  -86 -114
 -92 -125   95  127  125 -117  -98 -120
-107  -59 -125 -116 -104 -126   35  125
 -94 -127  105  116  -44 -105  -89  -98
-107   96  110  102  114   95   94  -99
-101 -118  117  111  118  123  -34   82
-109  -83   80 -104  116   14   89  -51
  79   59  -94 -109   82   99  -97   73
 109 -101 -104 -118  -57 -109  -89 -115
 -94 -126   94 -128  124 -116  -98 -119
-107  -61 -126 -118 -105 -125   33  125
 -94 -126  103  116  -47 -106  -89  -99
-108   96  111  103  117   94   98  -99
-107 -118  118  112  118  124  -34   80
-108  -85   80 -105  115   18   90  -51
  82   57  -96 -117   87   92  -92   73
 110  -95 -100 -128  -65 -105  -83 -110
 -93 -123   97  125  125 -125  -93 -122
-101  -65 -123 -117 -104  127   39  125
 -91  126  107  115  -43 -105  -87 -102
-110  104  104  101  107   96   87  -95
-102 -127  113  115  120  123  -34   91
-111  -79   89 -109  116   10   90  -52
  84   62  -97 -108   88   93  -93   79
 111  -98 -103 -126  -66 -101  -82 -113
 -93 -124   97  123  123 -126  -94 -121
-103  -71 -128 -118 -102  124   39  123
 -91  123  106  111  -47 -108  -87 -108
-114  107  103  106  108   92   87  -93
-110  126  114  119  114  124  -35   92
-108  -78   94 -112  118    8   91  -52
  97   54  -99  123   98   68  -84   78
 116  -95  -88  100  -78  -89  -78 -102
 -94 -122   93  120  125  113  -90 -124
 -88  -72 -116 -117 -103  122   48 -124
 -84  115  117  108  -20 -109  -85 -118
-120  124   89  101   90  100   71  -86
 -99  103  105  123 -128  116  -34  115
-116  -73  105 -107  125  -14   78  -57
  76   50  -94 -117   82   98  -95   66
 107  -95 -101 -119  -59 -117  -89 -110
 -93 -123   96 -128 -128 -116  -97 -121
-105  -55 -121 -117 -106 -125   36  127
 -97 -124  103  120  -45 -102  -88  -89
-102   92  113   95  114   98   95 -103
 -94 -112  115  108  123  125  -37   78
-113  -83   76 -106  112   19   92  -53
  82   60  -97 -109   87   95  -95   75
 110 -101 -104 -125  -62 -107  -86 -113
 -93 -126   96  123  124 -122  -95 -121
-103  -66 -126 -118 -105 -128   38  125
 -92  126  107  114  -45 -106  -89 -103
-110  102  108  105  110   94   91  -97
-106 -126  115  116  116  125  -35   88
-110  -81   88 -110  116   13   91  -51
  82   55  -96 -118   88   90  -93   72
 110  -96  -99  127  -64 -107  -85 -109
 -93 -123   95  124  126 -124  -94 -122
-101  -64 -122 -118 -105 -128   39  127
 -93  126  108  115  -40 -105  -87 -100
-109  104  106  100  106   98   89  -98
-100 -126  113  116  122  123  -35   90
-112  -79   86 -109  116   10   89  -53
  84   62  -97 -110   87   93  -93   77
 111  -99 -103 -127  -64 -102  -83 -113
 -93 -125   96  124  123 -124  -94 -121
-102  -68 -127 -118 -103  126   38  124
 -91  124  106  111  -45 -108  -88 -107
-113  106  104  106  109   93   88  -93
-109  127  114  117  116  123  -34   90
-108  -80   91 -110  118    9   91  -51
  69   46  -90  118   79  107  -94   50
 104  -88  -98 -111  -59  121  -99 -106
 -96 -123   95 -123 -121 -111  -95 -121
-109  -46 -112 -113 -108 -118   34 -127
-105 -108  106 -115  -52  -97  -93  -72
 -89   79  125   85  120  106  107 -120
 -79  -94  116  103 -122  127  -40   66
-121  -89   59 -101  100   38   98  -56
  83   47  -93 -121   82   95  -95   63
 105  -98  -99 -120  -56 -116  -84 -114
 -92 -122   93  127  127 -116  -97 -120
-108  -53 -119 -115 -102 -127   37 -128
 -97 -123  106  124  -40 -102  -88  -93
-101   92  111   97  113  100   93 -102
 -87 -113  117  108  121  123  -37   79
-112  -83   75 -100  116   13   87  -54
  84   56  -95 -120   87   91  -92   71
 110  -96  -98 -126  -64 -107  -86 -111
 -95 -123   96  127  126 -123  -94 -121
-103  -62 -121 -116 -103 -127   38  127
 -93 -127  106  117  -40 -106  -88 -101
-109  102  106   99  109   98   90  -98
 -98 -124  113  113  124  121  -36   87
-110  -82   84 -106  115    9   89  -54
  74   52  -95 -121   83  101  -93   63
 107  -91 -102 -118  -61 -120  -87 -109
 -94 -123   98  126 -127 -119  -93 -122
-105  -57 -120 -116 -106 -127   37  125
 -97 -120  107  125  -53 -101  -89  -88
-100   92  114   95  113   99   94 -105
 -91 -111  114  110  121  127  -37   79
-115  -81   77 -109  108   23   97  -53
  77   47  -93 -122   83   95  -94   65
 107  -95  -99 -123  -59 -116  -88 -109
 -93 -123   94 -128 -127 -118  -97 -121
-104  -53 -119 -116 -106 -125   36 -127
 -96 -124  105  121  -40 -101  -87  -89
-102   93  112   94  112   99   94 -103
 -91 -114  115  108  125  124  -36   80
-115  -83   75 -103  113   17   89  -54
  81   63  -96 -107   87   95  -94   78
 111  -99 -104 -124  -63 -102  -84 -114
 -94 -126   96  125  123 -123  -94 -121
-103  -68 -128 -119 -103  126   37  123
 -91  126  105  111  -48 -108  -87 -106
-113  104  105  106  112   92   90  -94
-110 -127  116  118  116  124  -34   88
-107  -80   90 -111  116   11   92  -51
 107   93 -114 -100  126   70  -88  119
-124 -110 -105   96 -107  -70  -86  -99
 -89 -126  111   97  119  101  -87 -125
 -86 -125  125 -122 -110  119   64  125
 -79  105 -124   87  -32 -126 -101  106
 116  -96   85  121   70   83   69  -90
 108   66  103 -101  111 -125  -55 -110
-114  -70 -112  117 -128   -2   91  -63
 -96   73  -97 -123  120   86  122  -84
 118  118 -112   74  100  -96  -85  -99
 -39 -114  109   77  109 -128   97  122
 119  112   82   87 -109  104 -126 -108
 -92   79 -116  115  -65  -83 -120  100
  91  -91   76 -124   97   97  102  -89
 110 -120  -97 -107  107 -101  -98  -90
 111  -64 -109 -102  -58  104   37  108
 120  103  109  113 -124   60  -96  105
-117  115  -98   51 -101  -86 -109 -112
-102  116   92  117 -126  104 -106  116
 -96  -99 -116   98  122  118   81  127
 -95   93 -127   70  -35 -109  -87 -122
 101  -83  108  106  104  113   90  -57
 -86   91  105 -103  119 -123  -93  -97
-117  -70 -106  114  -94   21   72  -99
  87   57  -97 -120   90   85  -90   75
 112  -95  -97  122  -68  -99  -80 -109
 -94 -122   96  124  125  126  -92 -122
 -98  -67 -122 -117 -102  125   41  126
 -90  123  109  113  -38 -107  -86 -108
-114  109   99  102  103   96   82  -92
-101  122  111  117  121  120  -34   96
-111  -77   93 -108  118    1   88  -53
  81   58  -96  119   92   85  -85   69
 116  -86  -92  118  -75 -103  -86 -101
 -98 -122   98 -127 -126  122  -87 -125
 -94  -66 -114 -118 -104 -128   40  127
 -91 -127  108  120  -39 -105  -86 -100
-112  110  100   94  102  101   85  -97
 -97  124  106  117 -120  119  -35   96
-116  -78   89 -110  109    8   93  -57
  84   65 -101 -122   97   83  -88   79
 118  -94  -98  116  -76  -97  -86 -103
 -96 -125   99  123  127  121  -89 -124
 -93  -75 -120 -120 -107  127   42  127
 -88  123  111  110  -38 -109  -88 -109
-117  117   99  102   98   96   83  -95
-110  114  107  124  127  122  -36  103
-114  -78   98 -116  114    7   92  -55
  84   50  -97 -117   86   96  -95   64
 105  -98 -102 -121  -60 -119  -83 -113
 -90 -122   96  120  126 -119  -95 -121
-106  -59 -121 -114 -104  127   42  127
 -97 -125  111  124  -46 -102  -91  -94
-100   95  113   99  107  100   89 -104
 -89 -117  115  112  114  126  -40   85
-114  -80   82 -109  115   16   92  -53
  82   44  -92 -114   79   99  -98   63
 102 -100 -101 -113  -52 -120  -84 -117
 -90 -121   93  126  126 -110 -100 -119
-112  -50 -122 -113 -101 -127   36 -128
 -98 -123  104  124  -42 -102  -89  -90
 -98   86  115   97  116   98   95 -104
 -86 -106  120  105  116  124  -39   73
-110  -84   71  -99  118   16   87  -53
  79   47  -92  123   82   97  -93   58
 106  -92  -95 -119  -61 -122  -92 -108
 -94 -120   94 -126 -125 -116  -95 -121
-107  -51 -114 -115 -103 -122   36 -127
-100 -118  106 -125  -42 -100  -90  -85
 -98   91  115   90  113  104   99 -109
 -84 -107  114  106 -125  122  -39   76
-116  -85   70 -100  110   22   90  -57
  83   60  -96 -103   86   96  -95   76
 107 -100 -106 -121  -60 -106  -80 -117
 -92 -124   97  122  122 -121  -94 -121
-105  -67  127 -117 -102  123   39  123
 -92  125  105  113  -51 -107  -86 -104
-109  100  106  107  112   92   87  -94
-105 -124  117  116  109  126  -36   86
-106  -78   90 -111  118    9   93  -51
  78   43  -92 -128   83   94  -93   60
 105  -92  -97 -122  -59 -120  -87 -109
 -92 -120   94 -128 -126 -117  -96 -122
-105  -50 -116 -115 -104 -125   37 -126
 -98 -122  106  126  -39 -100  -87  -86
 -98   90  113   91  110  102   94 -106
 -83 -110  115  106 -128  123  -38   79
-116  -82   71 -101  112   17   89  -55
  83   57  -95 -108   83   97  -96   72
 107  -98 -103 -117  -59 -109  -82 -117
 -92 -122   96  125  123 -118  -96 -120
-108  -63 -128 -116 -100  126   37  123
 -94 -128  104  116  -49 -106  -87 -101
-107   98  108  103  113   94   90  -97
-101 -118  117  113  114  123  -36   82
-106  -80   84 -108  117   11   92  -52
-115   87 -109   94  126  110 -117 -113
 115  -90 -125   77   76 -124  -65  -95
 -50 -109  126   70  119  106 -124  115
 122  103   96   88 -109   89 -116  123
-103  100 -102 -101  124  -68 -118  120
 106  -98   83  125   90  111   85  -96
-120 -114 -111 -104  100  -92  -93  -80
  95  -49  -93  125  -93  127   83  112
 -99   75 -113  118 -105   81  124  -88
 117 -123 -123   60   84 -119  -84  -89
 -43 -112  123   50  113  118  116  113
-124   90   94   71 -119  104 -105 -109
 -99   93  -95 -126  -73  -72 -128  116
 101  -78   93 -125   62  115   98 -111
 111  118 -104  -86  118  -88 -110  -72
  94  -56  -97  126  -80 -126   54  103
 121   69 -101  126  100  119 -119  -99
 123 -117 -122   97 -125 -111  -85 -119
 -59  127  104  112  120  125  116  127
 111 -107  102   98 -120  104   88  118
 -97   94 -117  117  -76  -85 -115 -128
 110 -119  101  118 -125   92  115  -74
 120 -119 -100 -125   96 -100  -98 -111
 124  -67  126 -103  -79   89   53 -113
  83   60  -96 -112   87   94  -93   74
 110  -97 -103 -126  -64 -105  -82 -113
 -93 -125   96  123  124 -125  -93 -121
-103  -67 -126 -117 -103  126   39  123
 -91  126  108  114  -47 -106  -88 -105
-111  104  105  105  109   94   88  -95
-105 -127  114  117  115  124  -33   90
-110  -79   90 -110  116   10   91  -51
  84   68 -100 -118   95   85  -89   81
 117  -96  -99  118  -73  -95  -87 -106
 -97 -126   98  125  126  123  -90 -123
 -94  -75 -122 -120 -106 -128   40  126
 -88  123  108  108  -39 -111  -88 -111
-118  115   99  104  102   94   85  -93
-113  115  109  123  126  121  -35  100
-111  -80   97 -115  115    6   92  -54
  85   62  -97  126   94   82  -86   75
 116  -91  -94  116  -74  -96  -85 -104
 -98 -124   96  127  127  121  -88 -123
 -94  -70 -118 -119 -103  127   40  126
 -88  125  110  114  -36 -107  -87 -109
-116  115   97  100  101   98   84  -93
-104  117  107  120 -124  118  -32  100
-113  -78   94 -109  114    3   89  -55
 102   55 -100  125   97   74  -86   73
 111  -97  -90  106  -75  -93  -71 -109
 -92 -118   93  119  123  117  -89 -124
 -96  -71 -118 -116  -97  117   50 -127
 -88  115  115  113  -29 -108  -84 -117
-117  121   91  104   93  102   68  -84
 -91  110  108  121  119  116  -38  112
-111  -71  106 -108  127  -16   81  -58
 105   69 -100   87   99   71  -77   69
 122  -87  -75   93  -91  -84  -82 -101
-104 -118   92 -119 -127  107  -81 -128
 -94  -71 -106 -122  -95  118   46 -127
 -89  119  107  118  -29 -109  -82 -117
-127 -123   85   92  103  112   74  -77
 -83  111  100  120 -110  104  -44  114
-110  -74  110 -104  124  -15   82  -70
 102   69 -101   83  101   73  -76   65
 120  -83  -77   97  -92  -92  -83 -101
-105 -118   95 -120 -125  108  -78 -128
 -95  -71 -103 -122  -95  119   47  127
 -91  125  109  126  -34 -106  -84 -111
-122 -126   90   90  101  115   76  -83
 -80  115  100  120 -108  107  -45  112
-113  -74  105 -106  118   -8   87  -71
  94   45  -94  108   94   76  -85   62
 109  -88  -87  112  -73 -106  -76 -106
 -94 -116   92  125 -126  121  -88 -124
 -98  -59 -110 -115  -96  122   46 -126
 -92  127  114  127  -28 -101  -84 -102
-107  110   98   92   96  107   78  -95
 -77  125  109  114 -123  116  -37  100
-118  -74   88 -101  118   -5   82  -60
  94   55 -100  116   97   81  -83   64
 110  -83  -91  116  -81 -105  -72 -105
 -94 -115  101  118 -128  116  -81 -126
 -96  -72 -115 -114  -97  117   51  124
 -92  126  116  126  -44 -104  -86 -106
-109  116   96   97   91  105   68  -94
 -83  119  104  120  122  119  -39  107
-116  -70  102 -115  114   -4   95  -59
  85   51  -96 -125   89   92  -91   64
 106  -89  -99 -125  -66 -114  -76 -112
 -93 -118   98  121  127 -126  -88 -123
-103  -62 -120 -115  -98  121   44  123
 -95 -125  110  126  -49 -101  -86  -97
-103  101  106   97  103  101   82  -99
 -85 -120  113  115  117  124  -38   89
-112  -74   87 -111  113    8   95  -56
 116   34  -68 -119   89  118 -108  -98
 110  -78 -116  123  124 -102  -51 -104
 -43 -108  116   97  113  117 -124 -119
 121 -113   97 -128  -93   95   80  121
 -84   99 -113 -116  -64  -90 -118  111
 127  122   74  120   98   78   83  -92
  98  122 -101  124   93 -107  -66 -117
 122  -57  119  -89  -98   55   55  -90
 -96   79 -110 -113 -123   73  124  -84
 122  112 -114   63  100  -91  -86  -97
 -41 -116  112   65  110  120  104  118
-125  103   87   88 -116  105 -120 -105
 -90   75 -108  101  -55  -89 -119   96
  88  -80   76 -122   81   96   92  -88
 111  115 -106  -96  103  -99 -100  -76
 110  -61  -96 -118  -60   92   42  114
  93   42  -97 -119   86   88  -96   66
 103 -105  -98  126  -57 -113  -78 -116
 -88 -120   91  120  124 -119 -100 -121
-108  -54 -120 -116 -101  123   45 -126
 -96  124  112  118  -32 -102  -88  -99
-104   99  109  100  107  102   85  -95
 -81 -121  118  110  112  124  -43   90
-112  -78   84 -100  127    3   78  -57
  90   47  -97 -123   90   87  -93   66
 106  -98  -96  126  -64 -112  -81 -111
 -91 -119   95  120  126 -123  -94 -122
-103  -60 -118 -115 -101  125   45 -126
 -95  126  111  121  -35 -103  -88  -98
-104  102  107   98  101  102   84  -99
 -86 -124  113  113  119  123  -41   92
-114  -77   86 -106  120    5   85  -57
  95   47  -94  116   89   82  -88   62
 107  -92  -89  122  -68 -106  -77 -111
 -94 -116   93  127  127 -128  -90 -122
-104  -57 -113 -114  -94  122   43 -127
 -94 -128  109  126  -31 -103  -85 -102
-106  105  100   94  103  105   80  -94
 -78 -124  112  110 -127  116  -40   92
-112  -77   86  -99  120   -4   83  -60
  88   60  -97  123   92   86  -84   68
 112  -88  -94  120  -74 -102  -78 -106
 -97 -121   98  125  127  121  -84 -124
 -96  -68 -117 -114 -100  121   43  125
 -91  127  110  120  -44 -107  -86 -106
-111  110   97   99  101   99   77  -93
 -93  123  107  118  125  119  -36   98
-112  -76   96 -112  113    1   95  -56
 107   82 -104   91  105   71  -75   74
 126  -87  -78   91 -100  -78  -83  -98
-105 -121   97 -124  127  101  -77 -127
 -89  -85 -109 -122  -96  118   50  125
 -87  118  112  116  -35 -114  -88 -128
 123 -113   82   99   95  109   71  -79
 -98   97   95  127 -113  106  -42  124
-111  -75  121 -112  120  -13   88  -68
 102   81 -100   98   98   84  -74   67
 119  -78  -84  109  -97  -85  -74 -103
-104 -117  102 -126  126  104  -73 -125
 -95  -85 -113 -115  -90  114   47  118
 -89  125  111 -128  -54 -113  -89 -125
-125 -125   83  102   98  106   67  -83
 -97  106   96  123 -124  107  -35  115
-109  -74  118 -114  112   -9  100  -62
 100   82 -102  109  101   80  -75   78
 122  -80  -87  101 -100  -77  -72  -99
-102 -119  102  126  124  100  -73 -127
 -90  -92 -119 -117  -94  111   48  119
 -85  116  111  114  -52 -114  -86  125
 125 -118   78  105   95  100   62  -77
-108   97   96 -126  126  111  -35  122
-108  -70  127 -120  117  -14   98  -61
  98   74 -101  118   94   92  -82   69
 113  -87  -95  120  -85  -95  -72 -110
 -98 -119  102  124  124  115  -79 -124
-103  -80 -121 -115  -92  113   47  117
 -91  126  111  125  -59 -110  -89 -119
-118  121   92  106  103  100   71  -86
 -95  117  105  122  116  118  -40  105
-107  -73  112 -117  116   -2  100  -60
  89   72 -102   89   93  105  -75   45
 110  -68  -93 -126  -90 -118  -77 -105
-104 -115  108 -128 -121  116  -68 -127
-105  -71 -106 -111  -93  116   48  114
-101 -109  113 -103  -79 -104  -91  -98
-102  105  103   92  107  111   74 -101
 -69 -119   99  114  127  118  -44   95
-116  -77  100 -121   96   17  120  -64
-106  111 -118  113  121   78 -108  118
 122 -119 -103   73  114  -72  -73 -110
 -78 -113  102   96  110  108 -120  122
 127  119  101   91  -97  100  106  122
 -95   85  118  106  -87  -94  -96  101
  82  -75   74  127  102  108   86  -65
-115  118  122 -108  112  125  -67  -94
-124  -61  -86 -117  -90   55   68 -119
-100   99 -122 -127 -113   80 -122 -110
 119  127 -117   70  100  -96  -80 -101
 -61 -113  118   69  110  115  123  115
 127  100   93   80 -112   98 -121 -121
-100   84 -120  110  -85  -88 -111  109
  91  -75   85 -123   80  107   89  -88
 126  118 -119  -93  107 -104 -100  -83
 115  -59  -84  125  -84   93   66  117
-101   84 -112  127 -120   85  127  -98
 116 -127 -120   72  100 -105  -80 -102
 -52 -113  117   72  110  121  111  117
 120  106   89   77 -113   99 -120 -117
-100   83 -118  117  -84  -80 -113  114
  95  -85   87 -125   86  106   98  -93
 119 -125 -105  -99  111  -99 -103  -87
 109  -60  -98 -120  -76  108   54  110
 -94   67  -96  114  120   81 -127 -102
 112 -119 -106   69   94  -98  -69  -98
 -41 -104  108   70  107  120  110  121
 121  112   88   86  -98   96 -123 -113
 -94   81 -114 -127  -71  -73 -114  103
  94  -87   72  127   86  108   90  -87
 125 -123 -105 -110  110 -110  -85  -85
 109  -54 -102 -100  -65   94   39  112
 126   88 -126   91  103   65  -95   72
 121 -119  -85   67  -91  -88  -81 -124
-101 -124   79 -124  125  113 -107  120
-113  -73 -122  104 -106  109   73  122
 -99   95  106   97  -55  -94  -71 -115
 106 -106   92  101  125  123   83  -46
 -54 -124  110  124  123  111  -61 -121
-111  -67 -123 -112  -93    8   69  -98
  97   46  -97 -121   88   88  -92   66
 103  -97  -96 -128  -65 -109  -70 -116
 -88 -115   96  118  123 -124  -94 -123
-107  -61 -122 -112  -95  116   48  127
 -95  121  110  119  -40 -104  -86 -104
-106  104  102  100  102  101   74  -91
 -79 -123  114  112  108  122  -44   94
-109  -73   94 -106  126   -5   86  -58
 105   93 -112 -109  115   74  -85  103
 127 -106 -101   95  -97  -71  -80 -104
 -95 -127  104  109  119  102  -80 -127
 -85 -110  126 -121 -105  114   56  123
 -80  105  121   89  -42 -122  -92  112
 118 -104   83  120   85   89   64  -78
 123   78  102 -108  108  125  -48 -121
-106  -69 -116  120 -128  -12   94  -60
-117  107 -119  127  109   87 -108  124
 125  127 -106   79 -122  -72  -79 -120
 -81 -125   96  113  112  114 -124  122
 124 -119  101   97 -105   99   90  119
 -94   83  113   90  -81  -99  -92  106
  85  -88   78  125  125   97   89  -50
-112  124 -128 -114   99 -126  -76 -106
-112  -64  -95 -117  -81   41   66 -111
 -99   72  -87  104   93   90 -119 -126
 107 -109  -96   81  109  -84  -55 -111
 -50 -101   94   98  105  120  115  126
 109 -120   86   97  -81   88  111 -126
 -94   76  118 -125  -89  -74  -96  100
  89  -98   61  124  116  107   85  -61
-112 -103 -107  127  103 -128  -62 -104
 126  -53 -106  -83  -63   64   40  125
-120   97 -119  110  106   78 -105   98
 119 -119  -99   78 -115  -83  -74 -120
 -84 -117   92  113  117  115 -118  122
-127 -104  112  100 -100  103   89  120
 -97   90  109  103  -80  -92  -83  121
  96  -97   84  115  119  111   85  -56
 -85 -122  121 -124  109  122  -63 -112
-116  -63 -106 -114  -88   37   70 -109
-102   75  -97  117  104   82 -119 -114
 115 -117 -101   72  111  -79  -62 -110
 -53 -108   96   93  107  115  115  124
 118 -125   89   94  -94   92  111 -125
 -91   71  126  112  -75  -81  -97   99
  85  -90   64  126  108  102   85  -58
-120 -123 -111 -120  101 -123  -69  -92
 125  -53  -99  -94  -62   59   39 -127
 -88   72 -106  107 -116   66 -124 -105
 114 -119 -104   55   90  -95  -71  -93
 -48 -100  110   60  104  115  117  120
 126  100   97   74 -102  101 -118 -110
 -96   82 -113  120  -52  -76 -115  106
  90  -68   80  124   64  119   92  -95
 121  116 -114  -99 -127 -119  -92  -77
 106  -55  -90 -105  -75   92   36  111
-116  115 -115  117  111   93 -106  119
 123 -117 -107   84  122  -65  -73 -113
 -83 -121  102  115  109  110 -123  122
 116 -128   95   89  -99   96   94  113
 -95   87  105  101 -102  -95  -93  104
  78  -84   72 -127  125   98   91  -54
-117 -127  127 -114  107  127  -66 -108
-115  -64  -90 -112  -94   56   70 -116
 119  119 -126   74  100   94  -82   70
 127  -90  -90   81 -119  -82  -75 -117
-111 -123   97 -116  125   99  -84  119
-117  -95 -124  108  -99   99   68  103
-100  106   99  114 -105 -100  -78 -125
 100 -100   85  104 -122  119   77  -46
 -71 -126  100  127  121  109  -60 -122
-106  -66 -101 -127 -116   22  102  -97
 120  117 -127   79  105   88  -83   77
-126  -98  -87   78 -117  -79  -82 -115
-110 -124   96 -118  126  100  -86  120
-113  -96 -122  108 -102  102   67  108
 -98  104  103  106  -88 -104  -80 -127
 100  -95   87  103 -128  118   78  -47
 -77  121  100 -125  123  110  -67 -119
-105  -67 -102 -128 -112   16   96  -96
-120   64  -92  103   94  119 -120 -105
 116 -105 -112   98  115 -111  -72 -119
 -53 -115  104  112  117  125  113 -127
  99 -109   98   97 -102   95   98  118
-100   92 -122 -121  -89  -78 -111  123
 107 -117   90  115 -126  101  110  -72
-123 -102  -96  124  102 -111  -96 -111
 122  -62 -128  -91  -70   91   45 -128
 -99   83 -114 -115 -117   78  121  -79
 124  105 -120   63  101 -103  -98  -99
 -43 -122  114   69  115  124  100  117
-128  103   89   84 -123  109 -117 -106
 -95   77 -105  103  -61  -88 -121  104
  93  -82   89 -123   83   98  104  -95
 109  121 -101  -92  104  -88 -115  -77
 106  -65 -104 -124  -59  108   44  106
-108   80 -111  119  118   92 -120 -101
 124 -126 -111   71  107  -99  -77 -112
 -54 -119  106   88  115  113  116  121
 121  124   97   94 -112   96  118 -128
 -96   78 -109  111  -75  -86 -111  108
  94  -89   82  122  104  101   94  -68
-123  125 -111 -110   94 -106 -101  -82
 117  -56 -100 -115  -63   80   49  124
-128   96  127  107  104   78  -98   80
 119 -124  -95   75  -95  -91  -78 -127
 -97 -126   86  122  122  114 -106  120
-117  -84  124  105 -107  101   77  116
 -99   92  111   96  -73  -96  -76 -123
 106 -104   95  111  125  116   80  -45
 -66 -127  113 -125  101  121  -68 -118
-109  -64 -111 -122  -90   16   76  -96
 -94   57  -79   97   95   88 -124 -115
 106 -107  -95   78   97  -93  -56 -105
 -38  -96   97   88  106  123  107  126
 108 -124   85   95  -81   90  121 -119
 -93   76 -128 -115  -81  -67 -104  101
  93  -99   61  121  106  109   89  -73
-117 -100 -100  126  109 -124  -68  -99
 115  -52 -112  -75  -56   80   30  114
-102   73  -99  119  108   91 -123  -95
 120 -121 -107   72  104  -88  -67 -109
 -47 -113  103   92  109  115  109  123
 116  125   89   93 -104   93  117 -124
 -92   72 -119  112  -74  -84 -108  100
  88  -91   69  126  109   99   90  -63
 126 -125 -103 -116   97 -112  -90  -85
 120  -55 -100 -100  -57   74   39  122
 -83   65 -111  120 -105   63  121  -84
 115 -127 -111   49   82 -108  -74  -92
 -36 -101  117   45  103  118  108  118
-126   89   92   71 -112  102 -102 -101
 -97   76  -99  117  -45  -75 -123  108
  94  -66   85 -128   50  120   92 -104
 111  112 -104  -91  123 -106 -111  -63
  96  -53  -89 -116  -64  107   31  102
 -85   70 -122 -127  -85   59  117  -74
 118  127 -125   46   86 -116  -75  -97
 -43 -107  126   43  101  120  108  116
-128   79   93   55 -125  103  -94 -103
-102   78  -99  102  -44  -76 -124  119
  95  -60   98 -126   40  124  102 -115
 103  110  -99  -79 -121 -100  124  -62
  95  -55  -85  127  -74  121   35   97
-114  116 -125  123 -128   91 -110  127
 123 -122 -115   79  118  -77  -77 -112
 -81 -123  110  101  110  110 -123  118
 119  117   97   82 -109   97  108  117
 -99   87  116   99 -100  -94  -99  110
  82  -78   82 -125  109  102   92  -65
-121  122 -127 -103  108 -119  -82  -98
-123  -63  -85 -126  -97   70   74 -121
 107   94 -106  110  101   93  -79   91
 124  -84  -93  103 -111  -73  -70 -105
 -99 -118  105 -128  120  101  -80 -127
-108 -103 -128 -128  -93  105   53  111
 -88  109  108  111  -69 -113  -89  118
 113 -107   80  110  106   99   70  -69
-115  102  103 -125  118  114  -50  127
-104  -68 -113 -120  126    0   95  -72
  96   89 -107   81  103   95  -63   58
 121  -58  -87  104 -118  -92  -67  -92
-107 -115  113  124 -125   90  -57  125
 -89  -96 -109 -113  -95  104   57  111
 -92 -127  118 -116  -83 -110  -91 -121
-124 -122   81   99   93  108   53  -84
 -88  102   85  127  125  113  -39  127
-119  -68 -119  125  100    1  122  -64
  88   71 -104  120   94  101  -79   63
 111  -78 -102  124  -87 -107  -70 -105
 -97 -119  109  119 -127  115  -74 -128
-100  -80 -120 -112  -99  111   50  116
 -94 -127  113 -127  -75 -106  -90 -108
-110  112   97  103  101   98   66  -92
 -90  122  102  121  109  126  -42  105
-113  -72  114 -128  107    9  115  -58
  96   65  -98 -119   91   90  -89   80
 111  -94  -99  123  -76  -94  -71 -114
 -92 -119   98  121  121  122  -89 -123
-106  -77 -128 -118  -94  114   45  120
 -89  119  109  114  -51 -108  -87 -119
-119  118   94  107  105   95   76  -85
-103  120  113  122  111  121  -40  102
-105  -72  107 -112  124   -3   89  -58
 110   51  -84 -100   89  110 -108 -120
 112 -103 -116  126 -101  -96  -67 -115
 -60 -119  105  104  113  126 -119 -119
 126  -99  104 -126  -99  106   64  122
 -87  103 -126  116  -53 -101 -109  117
 127  121   87  121  109   77   90  -86
 111  121 -113  126   89 -113  -61  122
-119  -67  115  -97 -103   35   62  -75
 124   74 -116  -96  127   88 -108  -97
-126 -128 -121   85 -121  -89  -84 -108
 -62  125  112   86  117  108 -119  126
-111 -128  112  117 -125  106   90 -126
 -85   89 -103   86  -35 -111 -116  107
 111  -97   90  127   86   80   82  -81
 109   81 -123 -101   85 -100  -97  -91
-128  -62 -106  126  -90   38   62  -90
-119   70 -113 -126  123   94 -120  -85
-128 -124 -118   75  116 -101  -81 -115
 -54 -124  108   91  118  111  118  124
 124 -126  105   96 -121   99  107  125
 -93   80 -101  103  -55  -91 -115  112
 103  -94   93  122  100   95   99  -72
 120  108 -107 -108   93  -99 -110  -81
 119  -56 -108 -116  -67   72   45 -120
 -88   64  -95  117  122   75  127  -94
 113 -123 -104   64   90  -93  -68  -96
 -36 -102  107   66  105  120  106  122
 122  108   86   87  -99   98 -120 -108
 -91   75 -111  123  -58  -76 -117   98
  90  -82   68 -128   80  107   88  -86
 119  127 -104 -109  112 -113  -88  -79
 107  -54  -98  -97  -58   90   31  111
 -79   58 -113  116  -93   56  117  -79
 113 -126 -113   40   81 -116  -73  -91
 -34  -99  119   38  101  121  107  117
-126   85   94   59 -116  104  -95  -97
 -99   75  -96  114  -35  -69 -123  115
  96  -60   92  126   36 -126   96 -113
 107  111 -100  -85 -120 -105 -120  -60
  92  -51  -90 -117  -65  115   24   96
 -80   73 -126 -120  -83   53  115  -70
 119  118 -123   45   89 -110  -78 -100
 -44 -106  125   45  100  121  102  117
 125   80   92   55 -126  105  -95 -100
-102   71 -104   91  -36  -82 -120  115
  91  -56   98 -126   41  122  102 -111
 101  107  -99  -79 -121 -103  119  -62
  99  -59  -84 -128  -68  112   29   96
-106  109 -123  125 -121   78 -115 -125
 121 -121 -113   73  114  -77  -74 -108
 -77 -115  110   90  105  112 -127  119
 121  109   96   76 -106  100  116  124
 -98   85  116   98  -86  -91  -98  109
  81  -71   81 -125   94  108   93  -74
-127  119 -125 -101  119 -124  -81  -95
-127  -62  -83 -121  -96   73   64 -126
 100  109 -120   79   99  114  -73   69
 124  -69  -99  102 -120  -94  -71 -107
-109 -121  112 -121 -126   97  -69  120
-114  -98 -119  121 -100   97   60   99
-100  123  106 -127 -114 -103  -87 -118
 118 -116   92  102  124  110   70  -65
 -82  125   98 -128  116  120  -62  124
-109  -67 -107  120  115   26  121  -83
  94  109 -122   70  103  106  -66   61
 127  -61  -93   97 -122  -97  -74 -100
-114 -121  114 -120 -121   92  -59  118
-100  -96 -109  127 -103  100   59  103
 -99 -128  107 -125 -108 -105  -84 -111
 124 -117   90   94  116  115   62  -70
 -74  120   89 -128  126  116  -60  126
-112  -67 -108  114  107   18 -125  -80
  96   84 -105   84  103   91  -66   59
 120  -61  -87  105 -113  -93  -69  -93
-106 -115  112  124 -125   93  -61  127
 -90  -93 -108 -113  -96  108   55  114
 -91 -127  118 -118  -74 -110  -91 -120
-122 -125   83   98   90  108   57  -88
 -91  102   87  125 -126  112  -38  124
-119  -70 -125 -127  100    1  117  -63
 107   76 -105   97  104   66  -77   80
 127  -93  -77   85  -96  -74  -84  -99
-103 -123   94 -122  127  102  -83 -128
 -88  -81 -109 -122 -100  118   49 -127
 -85  112  112  105  -24 -114  -85 -128
 121 -113   81   98   98  107   70  -73
 -97   96   97  127 -115  106  -45  126
-110  -74  121 -109 -128  -19   80  -69
  99   71 -103  123  100   79  -82   76
 117  -90  -91  108  -85  -89  -74 -106
 -98 -119  100  122  124  112  -79 -127
 -92  -82 -120 -117  -96  114   48  124
 -87  117  110  112  -44 -111  -84 -121
-122 -128   88  104   95  100   67  -83
-100  107  103  127  121  116  -41  113
-107  -71  115 -120  120  -13   95  -60
 106   71 -104 -123  100   79  -88   85
 117 -103  -94  106  -83  -85  -75 -112
 -92 -121   96  117  120  115  -90 -123
-100  -85 -125 -119  -98  115   52  124
 -87  111  116  105  -37 -112  -89  127
-127 -123   90  110   96   98   72  -80
-106  104  109 -128  112  118  -45  118
-107  -72  119 -114 -124  -11   82  -61
 126   94  117  -96 -108   79 -112  -90
-117  112 -125   67 -127  -92 -101 -107
 -70  118  116   81  122  106 -119  116
-106  116  116  100  116  109  103 -125
 -90   86 -101   70  -38 -112 -115  113
 104  -80  103  125   82   87   89  -79
 116   75 -127  -85   90  -91 -120  -77
 127  -62  -93  102  -87   52   70 -105
 113   54  -93  -95  106   99 -109 -107
 118 -113 -118  110 -110  -96  -77 -107
 -57 -122  110   92  115  121 -121 -123
-119 -113  108 -128 -111  109   76 -125
 -85   98 -114  105  -38 -105 -114  114
 125 -122   89  122   92   76   87  -93
 104  103 -116 -117   90 -104  -76 -117
-126  -66  125 -110  -99   38   61  -81
 -82   88  126 -110  -87   58  119  -78
 123  106 -122   51   94 -103  -88  -99
 -48 -112  125   50  104  121  105  115
-127   81   92   68 -127  107 -101 -100
-100   73 -107   87  -43  -93 -120  108
  90  -59   95 -122   50  112   97 -106
 106  104 -107  -79  122  -99  122  -65
 105  -64  -82  119  -68  103   42  102
 -96  106  123 -116 -102   63 -123 -109
 123  119 -117   62  112  -81  -80 -108
 -71 -115  115   74  102  116  121  118
 125   97   96   69 -116  105 -127 -120
-100   78  124   81  -61  -96 -103  110
  81  -60   88 -124   73  110   94  -84
 120  107 -122  -90  123 -120 -102  -83
 124  -63  -77  125  -88   75   55  124
-101  111  126 -123 -112   75 -119 -119
 121  125 -116   69  113  -80  -78 -109
 -74 -117  113   83  104  114  127  117
 123  103   95   74 -112  101  122 -126
-100   81  120   90  -79  -95 -101  109
  81  -67   85 -123   86  109   91  -77
 127  114 -124  -95  116 -119  -94  -89
-128  -63  -79  126  -92   73   64 -128
-126  122 -125   72  107   79  -88   73
-127  -98  -86   70 -124  -74  -76 -115
-108 -121   92 -120  120  100  -95  122
-118 -102 -128   99  -97  105   78  110
-100  100   99  111  -95  -98  -78  124
  89  -88   80  108  125  125   83  -50
 -77 -128  102 -127 -121  102  -53 -114
-112  -68 -100 -119 -111   28   88 -104
 118  117 -125   78  102   85  -79   80
-121  -94  -82   75 -118  -72  -80 -113
-112 -124   95 -111  125   97  -83  120
-108  -96 -120  113 -102  103   61  110
 -95  100   98   97  -79 -110  -78  126
  96  -94   81   99 -126  116   74  -43
 -80  116   96  127 -126  103  -66 -118
-102  -68 -100 -126 -112    3   95  -92
 126  120 -128   66  107   80  -82   70
-125  -98  -81   69 -119  -76  -83 -114
-114 -124   92 -113  125   98  -88  120
-111  -95 -120  103 -100  105   70  111
-100  102   99  108  -87 -102  -77 -127
  94  -91   83  102 -128  126   81  -46
 -71  123   97 -127 -120  102  -61 -116
-108  -69 -103 -123 -111   17   92 -101
 102   90 -103  100  102   84  -71   78
 125  -75  -86   99 -110  -74  -71  -97
-104 -119  105 -128  124   94  -70 -127
 -91  -98 -119 -118  -94  109   51  115
 -85  116  112  118  -61 -115  -89  121
 120 -112   76  106   96  101   61  -75
-110   93   93 -125  127  110  -37 -128
-110  -69 -119 -122  115  -10  102  -64
 101   80 -110   88   97   82  -77   68
 124  -87  -81   93  -95  -92  -85 -102
-105 -121   97 -117 -124  109  -79  123
 -97  -73 -108 -125 -103  115   48  125
 -93  119  103  113  -48 -107  -82 -110
-128 -124   91   90  113  112   73  -73
 -76  121   98  120 -118  110  -57  115
-109  -75  118 -117  125   -4   95  -75
  92   80  -94 -107   92  112  -89   96
 112  -83 -116 -119  -95  -97  -66 -114
 -84 -118  111  109  119  117  -85 -122
-114 -101  115 -116  -94  106   51  108
 -89  121  116  125  -85 -107  -97  127
-120  118   91  118  107   81   77  -90
 126  120  118 -127   93 -123  -41  109
-110  -68  121 -123  117   21  107  -57
 113   93  126   80  107   71  -86   74
-127 -109  -83   66  -97  -91  -93 -113
-108 -128   88 -116 -123  108  -93  115
-102  -74 -111  107 -115  111   64  123
 -98  105  105   94  -53  -99  -74 -107
 111 -106   98   91  125  122   82  -51
 -56  126  103 -128 -122  114  -75 -124
-110  -69 -123 -124 -106    8   83  -97
  94   64  -86  -97   83  112 -102  103
 108  -99 -115 -112  -79 -102  -76 -120
 -76 -121  102  113  116 -122 -105 -116
-125  -86  112 -119  -95  117   46  117
 -91  119  114  121  -62 -104 -100 -124
-117  107   99  116  116   80   96  -95
 122 -123 -125  120   97 -123  -42   96
-110  -76   99 -102 -127   29   83  -58
 118   70 -115  -94 -124   85 -107 -101
-128 -122 -122   88 -122  -97  -85 -102
 -62 -127  117   77  119  109 -112  125
-105  125  115  119 -123  109   92 -124
 -86   94 -101   93  -35 -109 -116  113
 121  -99   95  124   72   83   80  -94
 106   79 -126  -96   89  -95  -94  -93
 124  -60 -111  119 -100   41   70  -88
 -97  100 -123  127 -115   78 -123 -112
 117 -126 -115   69  105  -90  -74 -107
 -65 -110  115   78  105  116  121  118
 119  103   92   74 -109   97 -126 -123
-101   78  125  102  -83  -88 -103  110
  86  -72   84 -124   83  112   91  -82
 126  123 -117  -97  114 -115  -99  -86
 120  -60  -82 -124  -83   84   58  119
-106  112 -115  123  118   82 -110  124
 121 -117 -105   80  116  -60  -65 -111
 -79 -115  103  104  102  110 -127  124
 117  116   91   85  -97   97  103  119
 -94   82  106   95  -88  -96  -94   99
  72  -74   66 -124  110  101   87  -59
-123  123  127 -112  115  119  -65 -102
-117  -62  -81 -109  -93   53   62 -117
-107  118 -118  125  117   88 -109  120
 121 -124 -105   82  120  -61  -71 -111
 -82 -119  103  108  103  112 -125  122
 118  118   90   87  -99   96  101  118
 -95   82  104   94  -96  -98  -95   98
  73  -76   68 -121  115  100   87  -57
-122  126  126 -110  108  124  -69 -105
-114  -65  -82 -113  -93   54   67 -117
-127  125 -127   88  111   91  -90   93
-125 -101  -96   75 -127  -72  -75 -118
-106 -123   98 -123  117   99  -95  122
-124 -114  120   96 -101   99   77  103
 -98   94  103  100  -99 -103  -83  118
  86  -81   83  114  126  116   85  -45
 -97  118  107 -118  121  111  -69 -109
-107  -65  -88 -126 -107   30   87 -103
-117 -126 -123   98  118   87  -98  102
 127 -106 -102   76  117  -65  -73 -112
 -97 -119  102  118  110  102 -108  122
 124  124  106   87  -96   99   94  108
 -97   93  103  106 -110  -97  -88  107
  76  -74   76  125  117  112   89  -57
-111  122  114 -111  122  116  -60 -105
-115  -65  -83 -121 -107   53   82 -114
 105  100 -112   94  107   90  -72   78
 127  -77  -90   95 -116  -79  -73  -99
-106 -120  108  126  125   93  -68  126
 -96 -104 -118 -125  -98  106   57  111
 -90  116  114  118  -73 -113  -91  124
 117 -106   82  106   98  107   63  -73
-105   96   93 -122  124  113  -49 -123
-111  -68 -110  126  116    1  107  -70
 114  123 -126   77  108   92  -76   80
-122  -86  -88   81 -124  -75  -80 -109
-114 -124  102 -117  125   92  -74  121
-107 -105 -120  113 -101  102   62  104
 -96  108  105  109  -92 -110  -83  124
 100  -92   84  105  121  116   74  -52
 -92  108   94 -121  127  108  -63 -116
-105  -67  -96  122 -124   12  105  -89
 116  109 -128   69  106   73  -82   74
-120  -95  -80   67 -111  -82  -87 -113
-113 -125   91 -111 -125  100  -89  117
-105  -83 -110  108 -108  111   64  116
 -98  105   98  100  -66 -103  -73 -115
 102 -100   87   90 -127  123   80  -48
 -61  124   97  124 -111  102  -66 -119
-109  -70 -115 -124 -112    8   92  -97
 101   62 -100  111  101   72  -79   70
 116  -83  -84  104  -91  -90  -70 -101
 -96 -113  100  120  126  107  -78 -127
 -91  -80 -115 -114  -94  113   52  126
 -88  117  114  118  -37 -109  -84 -118
-120 -127   84   98   87  104   61  -85
 -90  106   99  123  127  112  -38  118
-113  -68  115 -115  120  -18   91  -61
 110   79 -110   84  100   74  -78   70
 124  -91  -75   87  -97  -83  -82 -105
-105 -119   93 -117 -127  105  -82  124
 -97  -75 -108 -128  -99  113   50  125
 -92  112  105  111  -38 -109  -81 -118
 122 -116   86   92  110  115   72  -66
 -76  113   99  121 -117  104  -56  121
-106  -72  123 -110 -123  -14   84  -77
  93   63 -103 -114   99   81  -90   81
 114 -102 -100  113  -73  -97  -80 -109
 -92 -124   98  114  123  121  -91 -124
 -95  -78 -123 -118 -105  122   49  127
 -88  118  117  107  -35 -110  -90 -115
-117  120   99  108   93   96   77  -91
-107  109  109  127  114  125  -40  109
-112  -75  105 -117  122    0   88  -55
 108   51  -88 -100  107  105 -104 -111
 114  -90 -122  119 -123 -104  -61 -103
 -54 -114  120   81  116  113 -110 -123
-117 -122  105 -123 -103  101   82  122
 -85  103 -107  125  -60  -99 -116  115
-124 -125   85  122   80   76   76 -101
 103  103 -118 -116   85 -101  -68 -112
 122  -58 -127 -118 -111   45   76  -79
