Shape: torch.Size([1, 144, 64])
Range: [-118, 127]
Mean: -0.6440

量化值陣列:
  16   13  -67    9  -24    6  -43    1
   3    0  -43   36    6  -16  -12  -24
 -13  -26  -29  -11   49   -9   -2   43
  -7   29  -44    9   15   30   78  -50
 -51   15   46  -19   98   12   26  -19
 -25    8  -35    5    5  -36   34   21
  27  -27    7   -8    3  -29   32  -17
  -8  -28   24   -7   32   55  -60  -58
  24   16  -72    0  -17   16  -40    0
   6   -9  -43   46   14  -22  -11  -30
 -16  -21  -35  -17   56   -5    0   43
  -6   13  -61   21    4   23   79  -61
 -35   16   18  -15   90   26   27  -19
 -21   17  -46   10    8  -31   40   22
  28  -21   -5  -16    5  -28   30    3
  -5  -29   12    3   31   59  -53  -58
  17   15  -64   20  -11    2  -49   -1
  18  -10  -46   26  -13  -22  -16  -46
 -18  -23  -33  -12   51   -4    9   50
   1   17  -58   17    6    9   79  -49
 -33   19   30  -26  101    7   13  -15
 -23   31  -40    4   -3  -27   43   18
  24  -11    0  -27    7  -24   27   -4
  -6  -19   14   11   34   50  -55  -58
  29   13  -67    2  -14    2  -39    2
  10   -8  -51   44   -2  -17  -21  -34
 -16  -23  -36  -10   50   -9    5   30
  -2   22  -56   17    3   30   78  -65
 -44   19   23  -22  100   11   26  -12
 -32   24  -24    2    9  -28   34   24
  31  -26   -4  -41   -6  -17   33    5
  -8  -21   20    6   32   54  -57  -49
  16    8  -73   14  -21   -4  -46   -2
  11   -4  -46   17   -3  -19  -20  -26
  -1  -30  -31   -9   41    4   -4   51
   0   15  -66    9   10   15   83  -43
 -36   23   34  -32   94   20   28  -18
 -32   21  -26    7   12  -30   29   25
  27  -21    3  -12    5  -22   30   -3
 -11  -24   24   13   19   60  -59  -55
  18    5  -80    1  -12    0  -42   -1
  10  -12  -40   32   16  -17   -6  -18
 -10  -21  -34  -12   41   -5    0   25
  -4   14  -49    1    4    9   82  -47
 -38   21   26  -25  101   20   24  -13
 -23   21  -45   15    9  -27   36   29
  26  -23   -8  -17    1  -17   31    7
 -15  -22   25   10   22   64  -60  -60
   0    9  -79   15  -13    6  -43    8
  13  -10  -41   29    1  -22    1  -28
 -11  -24  -31   -3   48   -9  -13   37
 -15   10  -53   15    9    8   83  -50
 -27   17   29  -18  102   20   18  -16
 -27   18  -25    1    8  -25   33   28
  25  -18   -9   -7   -2  -24   35    6
  -7  -24   19    6   22   57  -62  -60
  22    6  -78   10  -15   10  -40    8
  13   -4  -43   19   -5  -13   -8  -28
 -14  -31  -41   -4   48  -17    0   35
 -13   13  -46    8   10   13   84  -40
 -36   22   17  -24  104   14   18  -14
 -19   19  -36    5   -3  -19   31   10
  25  -21   -6  -24   -1  -20   48   11
 -11  -28   27   10   23   59  -58  -49
  12    5  -76   17  -16   13  -40   -5
   8   -7  -36   18    8  -12  -12  -25
 -12  -29  -36   -3   41  -15   -4   35
  -3    5  -50   12    7   15   85  -40
 -41   21   19  -27  106   17   17  -10
 -31   24  -28   13    7   -8   29   20
  21  -18  -21  -21    5  -10   32   -1
 -19  -22   30    0   21   60  -63  -53
   9    6  -79    0  -14   -3  -35    3
  13   -1  -49   23    7  -18  -11  -19
  -1  -17  -38   -8   41   -2   -8   20
  -6   17  -45   14   17   -1   80  -40
 -33    5   25  -35  106   11   10  -10
 -33   17  -16    0   16  -26   21   27
  26  -23  -15  -32    6  -26   33    2
   0  -17   34   10   28   68  -67  -57
  18    8  -78    9   -7    0  -34    0
  21   -6  -40   26    1  -32   -4  -14
  -8  -29  -31   -9   45    0   -3   36
  -8    8  -40   14   -1    0   84  -42
 -18   19    9  -35  104   18   16  -20
 -32    6  -19    6   -6  -11   31   25
  21  -17  -20  -15    5  -16   39   13
 -16  -26   25    0   26   61  -68  -57
  21    7  -75   10  -16   12  -31    2
  24  -12  -38   22    7   -6   -2  -15
  -8  -27  -36   -2   39   -1   -6   23
  -7   -5  -50   12   15    2   84  -46
 -33    5   19  -44  107   17   18   -8
 -35   13  -22    6    0  -15   13    5
  24  -13  -18  -31   13  -28   30   -8
  -5  -13   34   14   21   65  -67  -57
   7    2  -67   26    1   -1  -23   -1
  21   -5  -43   25    0  -20  -14  -11
  -1  -38  -47   -6   49  -19    2   19
 -18    4  -43   -1    1    0   88  -35
 -19   23    7  -13  107   11   -2   -4
 -25   20  -16    4   -1  -13   13   32
  18  -17  -24  -20   16  -23   17    6
 -19  -22   32   -1   25   64  -66  -49
   5    7  -70    6   -4   -3  -44    5
  17  -10  -53   35   12   -8  -12  -24
  -4  -22  -34   -1   45   -4   -4   28
  -9    0  -41    6    7    4   82  -41
 -36   23    8  -28  110    2   -1  -11
 -28   15  -18   12   -2   -8   30   15
  20   -8  -15  -30    2  -17   34    0
  -5  -17   31    7   26   57  -67  -59
  25    2  -74   13  -12    0  -21    0
  20   -6  -41   17    1   -9   -8  -18
   5  -25  -46  -12   41  -10   -6   25
 -17   15  -45   15    7    8   85  -43
 -25   20    1  -23  115    4    3  -12
 -32   10  -17    6    5  -33   28   20
  13  -17  -18  -23   15  -23   28   -5
 -15  -15   23   11   24   68  -61  -48
  14    8  -74    8   -8  -14  -34   -5
  15  -13  -40   19   10   -9    1  -10
  -7  -30  -38  -12   42  -14  -10   32
   0   10  -53   11    1    0   87  -37
 -27   12    9  -34  108    2    8  -12
 -24   17  -14    6    8   -9   24   14
  19  -14  -17  -31   16  -23   27    7
  -6  -13   30    5   23   64  -66  -55
   7   12  -73   13   -7    1  -35    0
  20  -16  -39   33   12   -4  -12  -24
  -4  -35  -39   -7   40   -3   -4   24
 -11    9  -35    9    2   -6   85  -42
 -16   12   10  -30  113   22    1   -2
 -44    9  -14   -1    8  -18   23   25
  16  -12  -27  -26   14  -31   37   -6
 -24  -22   38   -1   21   60  -66  -42
  13    1  -74    1    3   -4  -27  -11
  24   -9  -38   24   -9  -12   -1  -17
  -2  -35  -37   -4   39   -3  -20   14
 -13    7  -42    9   -1   -3   85  -36
 -28    5   15  -38  108    8   18  -11
 -30   21  -10   16    7   -8   19   17
  22    3  -20  -21    8  -24   36   -1
 -17  -11   34   11   21   68  -68  -58
   0    8  -78    5   -8    9  -28   -4
  16   -7  -37   17  -10  -11   -1  -20
   0  -29  -47    0   35  -10  -15   22
  -5    3  -42    5   -8   -5   89  -36
 -20    8    5  -39  112   18   20   -4
 -33    7  -10    6   -1  -12   19   16
   9   -2  -21  -17   10  -14   33    6
 -22  -18   41    6   22   69  -62  -50
   0    4  -79    7   -2  -10  -28   -7
  27  -22  -26   26    0  -15   -9   -9
   2  -30  -41   -3   36   -7   -7   20
 -14    5  -39   12   -5    0   90  -36
 -19   13   11  -31  110    6   15   -8
 -29   -5   -8    6    7   -7   15   25
   7   -6  -29  -28    9  -18   35    1
 -18  -14   37    0   27   65  -61  -58
   2    8  -76    6   -8    1  -20   -1
  24   -5  -33   24   -4  -25    2  -10
  -8  -31  -40   -3   37    2  -21   14
 -15    9  -40   -1    0    5   86  -34
 -10    2    3  -40  116   12   10  -13
 -34    9  -13   12   -4  -14   17   16
  16   -8  -25  -16    8  -21   44    0
 -28  -15   36   17   20   67  -65  -50
   6    4  -75   -1   -4    4  -24    0
  17   -2  -36   23    0  -20   -2   -9
   6  -32  -40  -11   40  -13   -9   20
 -13   -2  -43    0   -3   -7   87  -34
 -18    1   13  -40  113   22    5   -7
 -19   11  -13   10    5  -21   22    9
  11    0  -24  -17   16  -22   33    7
 -21  -20   34    4   18   74  -67  -47
  12    9  -79    7   -7   -2  -21   -5
  25   -7  -35   14   -7  -29   -8  -16
   3  -38  -45    1   38   -7   -7    5
 -16   10  -44    0    5    0   86  -40
  -9   15    1  -39  116    4    9   -6
 -27    0  -13    6    9   -1   17   17
  17    1  -25  -19    5  -11   36    6
 -17  -14   38   13   23   59  -63  -50
  12    0  -77    6   -8   -9  -20   -9
  21   -4  -34   19    0  -18    4  -10
  -1  -41  -49   -3   36  -10  -13   21
 -11    0  -39    1    0   -1   89  -33
 -14   13    0  -30  111    8    6   -6
 -38    0   -5    9    1   -7   12   19
  20   -1  -27  -25   13   -5   29    3
 -12  -18   42   11   20   62  -65  -48
   7    0  -76   11    0   -9  -20    3
  29  -12  -32   20   10  -15   -3  -18
  -1  -34  -36   -4   40   -3   -8   22
 -16   -2  -44    0    8   -3   91  -35
  -8   17    3  -33  113    1   -5   -7
 -28   11  -16   25   -1  -25    6   16
  12    3  -23  -17   18  -20   44   -1
 -30  -20   29    6   14   57  -66  -47
  17    3  -66    0   -4    4  -21   -2
  29   -8  -40   26    0  -15   -7  -24
  -4  -38  -43   -4   28   -3   -9   15
 -16   -4  -38    4    8    2   89  -29
 -23   16    3  -35  117   13   18  -11
 -27    8  -14   13   -5  -19    8    7
  25   -1  -17  -19    0  -18   32   11
 -10  -21   37    3   15   64  -66  -45
   2    6  -75   18    1   12  -16    1
  28    1  -35   12   -7  -17   -2   -9
  -5  -34  -46   -6   37    2  -17   10
 -18    0  -36   12    5    4   89  -44
  -9    1   10  -28  113    5    1   -5
 -28    9  -12    8    3  -21   11    8
   7   -7  -20  -25    9  -20   34   10
 -16  -17   39    2   14   62  -67  -52
  12    1  -77   21    2    0  -17   -5
  21   -6  -41   23    4  -26  -11  -10
  -3  -28  -41   -4   35   -8  -14   15
 -10   -9  -38    7    3   -1   91  -40
 -15    9    2  -41  102   15    9   -6
 -27    6  -14    7   14  -17   12    4
  17    6  -28  -15    8  -19   37    3
 -23   -8   37    8   14   75  -68  -52
  21    3  -69    8   -5   -5  -22   -5
  31   -8  -36   38    1  -25   -3  -15
   3  -35  -49    2   36  -16  -13    7
 -13    1  -43    6   -2   -1   87  -32
 -14   10    3  -44  108   10   14   -7
 -34   17   -9    6   19   -7   10    8
   8    4  -19  -15   11  -18   31    7
 -29  -19   36    8   21   68  -71  -49
   9    4  -74   14   -5   11  -21   -5
  19   -7  -39   19   -1  -23   -2  -15
   0  -39  -45   -5   37  -13  -19    4
 -14  -12  -39    8   -8    1   88  -33
 -13    6    1  -23  110    6    6  -16
 -21    8   -7   13    9   -5   15   13
  14   11  -22   -5    7  -10   40    7
 -24  -15   36    8   20   71  -69  -50
  13   -5  -73   20    0   -7  -10    1
  29    3  -29   20   -3  -32  -13  -14
  -7  -38  -48    0   43  -13  -12   10
 -14    2  -38    1   -3   14   86  -36
  -9   -2    2  -32   99   -1   -9   -8
 -26   13  -12   -1   21  -12   25   21
  13   -7  -18   -1   11  -11   21    8
 -28  -20   41    5   38   72  -74  -50
  10  -12  -65   25    1   -9  -24   16
  18    4    0   34  -13  -78   -6  -19
   0  -58  -45   -6   44   -7  -17    9
 -37  -13  -38   12   11   27   85  -34
  10    8   25  -21  101  -12  -11   -7
 -46   15   -3   23   19  -11   11   -3
  12    1  -10    9    1   15   21   -7
 -39  -26   37   13   18   63  -52  -52
   5    4  -83    6    3    6  -26   -1
  22   -1  -28   21   -6  -25   -4  -10
   0  -41  -42   -4   45  -14  -15    9
 -26    9  -41   -1   -4   -1   88  -29
 -20   17    2  -29  108    2    1   -7
 -38   11  -11   13   11  -12   11   19
  11    1  -20  -11   16  -13   32    1
 -14  -14   40   18   20   57  -65  -49
  18    0  -83   14   -7  -13  -22   -9
  28  -14  -31   27   -7  -21    2  -12
  -4  -39  -44   -3   32  -21   -5   -4
 -10    6  -37   -6    8   10   86  -29
  -9    5    9  -28  109    8   14   -5
 -29   19  -18   11   12  -10   14    0
  12   -3  -18  -13   13  -12   34    6
 -16  -21   42   12   16   69  -69  -51
  -3   -4  -69   12    0    1  -22   -6
  27    0  -24   25   -3  -29   -2  -12
   7  -34  -42   -5   36  -10   -9   13
 -19   -2  -38   12    0   -5   90  -29
 -11   16   -2  -32  109    1   12   -5
 -27   13  -11    1    1  -15    8    0
   8    1  -18   -3   14  -12   38   -1
 -18  -17   33   12   20   72  -71  -57
  17    1  -83   10   -5    2  -23  -14
  34   -1  -30   24    8  -24   -4  -16
  -3  -35  -41   -6   39   -9  -20   13
  -8    0  -31    7   -5   -6   90  -25
 -13   16    8  -30  111   10    2   -5
 -46   15   -9    8    5  -16    8   13
  13    0  -25  -17   10   -7   32    0
 -27  -11   39    2   11   64  -64  -52
   0   -1  -65   17    0  -14  -22   -3
  12  -10  -32   31   -6  -17   -8  -10
  -9  -45  -41    0   41  -11   -7   17
 -19    9  -53   11    2    8   88  -29
 -23   26   21  -30  113   -3    3  -12
 -24   15  -12   31   -5  -22    9   19
  11  -10  -10   -3   11  -19   29    1
 -17  -25   35    0   22   55  -63  -49
  -8    7  -63   12    0  -10  -21   -8
  14    0  -26   30  -11  -23   -6  -12
  -4  -51  -49  -10   38  -10   -4   20
  -9   -2  -58    9    6    9   89  -40
 -11   14    8  -23  113    5    9   -5
 -29   23  -18   15    6  -16    7    7
  14   -7  -12    0    9   -2   23    3
 -22  -19   29    1   21   65  -63  -50
   7   -3  -70   16   -9    3  -27   -7
  23   -6  -37   27   -7  -31  -12  -18
   2  -43  -40    0   39   -1   -8   12
  -5    3  -41    5    7    6   86  -39
 -16   15   12  -31  108    9   -9  -13
 -32   13  -10   13   -4  -21   17   11
  10    1  -20   -3    9  -19   38    9
 -22  -11   38   16   17   73  -71  -41
  -8   -5  -78    9    2   -2  -13   -1
  21  -10  -31   24    0  -31    0  -21
   5  -39  -44   -5   40   -8  -10    5
 -22    8  -45    9    4    9   90  -33
 -13    7   11  -44  106   -4   13  -13
 -39   22  -19   11    3   -6   10   13
  17   -8  -13   -9   14  -15   29    7
  -8  -16   39    5   22   67  -60  -48
  17   -4  -75   18    5    4  -26   -3
  25   -5  -31   29    3  -32  -17   -3
   0  -34  -46   -5   42   -8  -12   16
 -18   -8  -37    5    0    2   89  -31
  -7   18   10  -30  112   -2   -3  -10
 -32    6  -21    8   14   -4    6    6
  18   -6  -21  -12   12  -18   35    1
 -20  -22   33    9   13   70  -63  -45
  10    0  -74    7    3    4  -19   -3
  20   -5  -31   23   -9  -28  -12  -11
   2  -45  -42    6   32   -9   -8    0
 -11    6  -42   13    6    9   89  -17
 -22    3    8  -33  111    9    4   -8
 -34    5   -9   14    4   -4   23   13
  16   -5  -23   -7   12  -28   19    1
 -26  -17   33    1   26   67  -68  -54
 -17  -21  -55   33    8  -17  -17   13
  16   18    8   68  -25  -90  -18  -11
 -38  -80  -18   14   35    7  -18   37
 -47    3  -23   -3   -9   26   60  -67
   7  -14   41  -10   32  -25  -38  -12
   0   67  -26   27   36  -21   34   -1
  19  -22   38   84    2   25   -1  -18
 -51  -33    9   24   78   51  -53  -30
 -48   24   25  -32   21  -73  -44  -13
 -38  -24  -36   11   33  -18  -19  -38
  29   -7  -25   -4   51   43    7   35
  -1    7  -66    7   42   23   55  -36
 -54  103   37    6   86    6   17  -15
 -19   20    5   46  -22    0    0   56
  33  -16  -21  -97   26  -71   24   -4
 -29    3   -7  -19  -75  -20    0  -15
  -1  -17  -54   32   14    0  -29    3
  27    0   -1   58    4 -118   -3  -11
   4  -64  -44   -8   36    0    7   15
 -45   -4  -53   45   16   30   83  -15
  20   -1   66  -25   86  -25  -29  -10
 -38   10   -5   14    6  -27    7  -21
   4    3  -10   29   25   24   15  -16
 -38  -19   15   10    0   42  -32  -40
   7    2  -78   14  -11   -9  -18   10
  26    2  -25   32   -9  -37   -6  -12
  -5  -42  -45   -8   45   -3   -3   13
 -13    1  -32   11    0    8   90  -36
 -19   19    8  -28  103    0    0   -7
 -41   10  -13   14    8  -12   18    1
  15   -4  -24   -9   12  -13   25    3
 -15  -21   38    6   22   62  -68  -52
   0   -1  -78   18   -4    0  -33    8
  29   -8  -30   24   12  -35   -4  -13
  -7  -46  -36  -10   39  -15   -1   28
 -21    9  -40   12   -1   11   88  -36
  -1   15   13  -24  109    4    9  -13
 -26   12  -15   12    5  -19   11   19
  10  -15  -25   -8    5  -11   35    2
 -22  -17   29   13   14   65  -63  -51
   6    0  -83   16    5    1  -21    4
  16  -10  -29   31   -9  -31   -9  -14
  -2  -39  -44   -4   38  -11   -6   16
 -27   -1  -37    2   -9    0   88  -27
 -13    2    1  -26  108    4   -2   -7
 -27   11  -14    0   12  -23   21   11
  17    0  -16   -9    9   -9   43    6
  -8  -18   36   12   24   74  -64  -52
  -1    0  -66   19   -8    3  -18   -2
   4    9  -33   37    5  -28   -8  -11
  -3  -38  -42   -1   48    0   -5    9
 -13    0  -50    0   15    2   91  -34
 -18   23    0  -22  109   -2   -8  -15
 -22   21  -19    2    0  -11    9   -2
  12   -4   -8  -18   15  -18   35   15
 -29  -13   31   -1   22   60  -63  -51
   8   -5  -64   15    0  -10  -24    2
  13  -11  -34   18  -15  -34  -13  -12
  -8  -36  -48   -6   46  -11   -8   22
  -9   -1  -42    5   12   25   94  -35
 -16   30   17  -19  104  -11   -6   -5
 -39   32  -16   21   13   -9   16   12
  15   -6  -11   -2   13   -9   14   -7
 -27  -16   34    0   17   54  -65  -46
   9    3  -66   24   -2   -9  -26   -4
  17    1  -35   34   -5  -35   -9  -14
   0  -41  -40    3   52   -9  -15   18
 -24    1  -44    7   17    3   86  -24
  -7   30    3  -25  108  -13    1  -15
 -27   14  -16   18    6  -22   22   17
   9   -5  -15  -17    8  -15   27    1
 -24  -24   40   -8   21   57  -67  -46
   6    0  -67    2   -4   -7  -18   -6
  26   -2  -28   32   -4  -25   -3  -25
  -3  -46  -51   -6   43   -5  -11   11
 -19   10  -35    9    6   15   88  -38
  -7    9   11  -31  110    4   -1   -5
 -31   21  -21    6    8  -14   20   21
  10   -2  -17   -6   25  -30   23   -1
 -35  -18   35    7   25   59  -64  -47
   8    0  -71   19    1    0  -24    3
  10   -9  -27   37  -11  -33  -17  -12
  -8  -40  -48   -3   45   -8  -21    9
 -18    0  -49   16    0    7   86  -25
 -13   27   14  -22  109   -2   -1  -12
 -40   24  -12   18    4  -14    9   13
  22   -2  -10   -5   21  -14   32   -3
 -37  -17   31    0   23   67  -62  -49
 -10   -4  -69   25    1    1  -22    4
  17    4  -31   17  -25  -29  -18  -13
  -8  -48  -47    7   39    0  -14   17
 -19   -7  -37    4  -11   12   85  -39
 -11   17    3  -19   99    8   -6   -1
 -25   29  -20   17   10  -15   17   10
  19   -6  -10    1    6  -12   25   -6
 -35  -19   45    2   39   71  -70  -45
 -20    9   21  -17  -31    1  -20  -13
  19   -6  -18  106   52   34  -11   -4
 -28   11   15    3  -25   17   -7   64
  12   51  -74  -31  -28   29  -22  -84
 -65   12   79   59  -55  -35  -17   -4
  88   63  -78    0   -6  -17   71   55
  13  -80   59   57  -10  -49   30   24
 -15  -22  -39  -36   45  -17    9  -13
   4   25   35  -33  -43  -37  -16  -19
   1   25  -37   87   77  -44  -35    3
  10   24   16  -16    5    1   59   15
 -20   22  -65   40   66   65  -19    4
 -29   26   93   37  -23  -18    9   -7
  45    1  -35   -2  -28  -34   25   47
  -8  -63   32  -46    2  -32   25  -11
  22  -17  -60  -60  -68  -65   71   18
   9   25  -53  -41   -1   -2  -19  -39
  28  -16  -65   56   39   40   -4  -24
  13    0  -43   -5    0    6    4    6
   2   21  -74   -2   26   11   78  -26
 -14   19    9   -9  117   27   33  -22
  -3    2  -13   -1  -23  -13   -1   16
   2  -14  -46  -88   20  -53   46   23
  -9    2   29  -12  -34   31  -40  -29
  -1    6  -71   16   -8   -2  -17   -1
  26   -6  -35   23  -13  -17   -1  -27
  -5  -36  -45   -4   49   -8  -15   11
 -14    0  -47   14    7    1   89  -29
 -13   12    4  -23  109    9    6   -4
 -44    4  -16    5   13   -8   10    6
  10   -4  -13  -27   15  -10   27    9
 -17  -15   37    5   17   65  -67  -51
  11    1  -76    9    5    7  -39    2
  22   -5  -39   38  -18  -27  -14   -7
  -2  -39  -39   -3   41  -10  -22   24
 -19    8  -34   -1    8   10   88  -33
 -19    6    1  -33  110    2   -1   -3
 -29   30  -13    9    6  -12   21   20
  20  -15   -8  -10    8  -16   29   -2
 -18  -25   36   11   21   51  -62  -54
   8    0  -74   18   -2   -5  -34    2
  19    1  -34   31   -7  -36   -6  -14
  -5  -40  -43   -1   38   -8  -18   24
 -19   -3  -47    1    3    1   87  -34
 -16   -4   14  -31  104    2    7   -5
 -23   23  -17   19    9  -12   26   13
  11  -10   -7   -6   12   -5   22   12
 -11  -22   35    4   27   67  -69  -52
  15   -4  -68   29   -7   -8  -38   -2
   5    0  -35   24   -9  -42  -11  -13
  -4  -62  -39   -2   57  -15   -5   28
 -26   -6  -59   23    3   24   80  -59
 -25    7   13    4   92   -8   -4   -3
 -18   48  -24   46   17  -24   12   12
  25  -10   17   16   20   -9   28   -4
 -40  -30   24    2   25   56  -56  -40
   8   -2  -53   29   -7    8  -47   -1
  -2   -1  -38   73   -2  -55  -39  -35
  -4  -39  -38  -14   57   13    8   40
  -8   19  -74   22    4   23   79  -71
 -27   19   53   20   67   -9   -8  -26
  -5   50  -35   20   15  -16   59   10
  27  -38   19    5    1    1   19   -6
 -30  -39   14  -21   34   33  -33  -40
   3   -5  -53   33   -3  -12  -45   -6
  -3    8  -28   75  -10  -82  -34  -32
 -19  -61  -36   -8   52   -9   12   40
 -14   21  -81   41   29   33   67  -49
 -15   25   43    3   76  -22    7  -20
   0   43  -35   39   17  -32   58   38
  32  -34   30    6    3  -12   -1    0
 -11  -38    5   -4   29   19  -30  -45
 -11   -8  -72   26   -4    0  -35    2
  17   11  -25   46  -19  -65   -8  -22
   0  -57  -43   -8   53  -12  -10   25
 -21    7  -46   22   17   29   83  -46
   3   35   33  -16   95   -5  -13  -11
 -33   16  -12   32   27  -27   -2   23
  16   -4    2   17   12    5   -6   -5
 -30  -20   23   -3   16   51  -53  -48
  -5   -3  -62   13    2    2  -27    0
  10   -3  -21   43    0  -43  -10  -29
  -5  -56  -44    0   38   -7   -2   35
 -22   13  -58   23   -2   26   88  -49
  -6    7   19   -6   92  -10  -13  -22
  -9   36  -26   19   12  -24   41   18
  10  -15    0  -11   26  -18   12    9
 -26  -23   24    4   33   51  -67  -35
 -19   -7  -67   21    6  -23  -33   -6
  10    2  -31   43   -8  -46  -11  -13
 -16  -55  -43  -11   44   10  -10   19
 -26    4  -57    3   -2   22   82  -34
 -13   13   15   -7   97    3    2   -5
  -8   24  -16   16   10   -9   19   27
  20  -22    6    6   13    1   24    8
 -30   -8   30   -6   37   59  -64  -58
  19   27  -23  -39  -39  -34  -50  -25
 -18  -29  -49    5    3   70  -11  -82
 -39    7    2   16   18   37  -29   57
   7   34  -37   -4    0   34   49  -70
 -49   56    3    3   61   -7   13    0
  50   46  -44    9    3   -7   52   54
  53  -64   19  -81   19  -98   23   18
 -23    4   11   -3   37   17  -47  -34
  -5   -7  -55   10    1  -19  -30    0
  -1    1  -26   42   19  -70    3  -42
  -7  -42  -55    0   57   11   24   44
 -23    4  -56   40   37   60   64  -17
  11   53    2   64  115  -44   -3   -3
 -24  -11  -12   50   27  -38   -9   25
  -9  -27   -1  -36  -21  -15    1   18
 -41   -8   11  -12  -47   23  -10  -34
   9   -8  -63   40    0  -11  -18    2
   1   -6  -27   23   -3  -48   -3  -10
 -10  -65  -47   -8   43    1    0   12
 -29   -2  -30   13   10   30   91  -31
   3   20   21  -14  106   -4   -3   -5
 -37   -1  -21   20    8  -17   -4    8
  12   -1  -12   -6   16   -3    9    3
 -32  -18   41   -2   16   54  -52  -49
   7   -3  -66   19   -8  -19  -24  -11
  20  -11  -24   45    3  -47  -11  -17
  -8  -44  -40   -4   43   -6   -1    9
 -10    4  -46    6    6   10   90  -34
 -14   12   25  -14  103    2  -16  -15
 -12   37  -18    8   13  -23   17    3
  15  -18   -8    3   15  -18    9    4
 -27  -21   39   10   27   61  -63  -47
  -1    2  -59   25    4   -6  -35  -17
   7    7  -42   61    0  -43  -16  -12
  -3  -43  -44   -4   36    3   -3   13
 -13    1  -67   -7   12   44   83  -53
 -12   28   34  -15   96    4    1  -13
 -23   29  -32   27   15  -15   35    4
  25  -24   -6   -7   11  -10   23   -9
 -16  -23   29    5   26   40  -60  -50
  -4    0  -71    4  -21   -8  -40    0
   8    9  -35   39   -1  -42   -3  -26
 -20  -37  -40   -3   56   -9   -5   28
 -15    1  -66  -21   22   20   79  -38
 -20   34   20  -25  101    6    0  -13
 -15   27  -21   19   15  -17   20   21
  38  -21   -4  -12    7    0   38   -3
 -17  -26   37    1   16   61  -57  -43
   5   15  -27   25  -42   20  -73   -1
 -30    0  -56   72    6   -3   -4  -55
 -31   -6  -15    0   61   32   18   66
  14   43  -87   29   29   43   47  -49
 -45   38   57   10   52  -23   13  -17
  -6   33  -69    6  -18  -65   55   28
  39  -61   34  -15  -13  -32   16    0
   3  -55   -5   -1   37   26  -25  -46
   3   16  -31   11  -41   -9  -53    0
 -36   -5  -50   51   14  -15  -23  -53
 -30   -3    0  -18   59    5   21   76
   1   38  -88   26    9   80   41  -71
 -60   47   57   11   49   -1   30  -20
   2   47  -44  -15   29  -47   55   42
  39  -55   59    1  -12  -17   31  -20
 -13  -43   -9  -25   31   23  -30  -51
  22   14  -17   15  -39   19  -66    7
  -7  -17  -49   48    1   -5   -4  -54
 -21    2  -15   -6   55   17    2   88
  14   36  -89   17   24   36   53  -67
 -60   49   65   38   43   17   15  -20
  -6   43  -44  -16   -4  -28   59   34
  49  -70   42  -48  -10  -32   24  -31
  -1  -37  -18  -38   24   24  -32  -48
  13    7  -47    3  -27  -17  -53  -16
 -16   -3  -56   39    8   -1  -14  -38
 -35    0  -26   -5   54    9   14   56
  14   47  -71   37   17   67   74  -52
 -50   32   55   -5   75    7    1  -20
   2   34  -41   -9  -20  -35   56   30
  45  -53   21  -45   17  -42   15    6
 -19  -30    2  -27    8   31  -43  -33
   7    5  -55   13   -7  -26  -51   -2
  -9    0  -67   64    0  -29  -28  -42
 -21  -36  -18  -17   56    7    3   71
 -17   36  -74   -3    7   48   60  -58
 -29   50   29   31   71  -11   12  -22
 -16   56  -54   -2   27  -40   29   45
  32  -30   32    0   14  -29   24  -20
  -1  -33   11   -7   37   46  -42  -39
  -5   -3    0   45  -16   -1  -42    3
 -23   10   11   68  -51  -98  -42  -25
 -35  -42   15   -2   32  -13    3   75
 -36   26  -43   18   20   82   15  -55
 -18  -26   91   38   -9  -18  -55  -30
  51   62  -54   28   44  -54   62   10
  44  -51   76   56   -4   31  -24  -30
 -26  -31  -11  -24   58    7  -14  -15
 -23   38   33   22  -44    0  -33  -10
 -17   -7  -18   82   16   39  -20  -25
 -32   59   29    0   -3    6   13   39
  28   66  -34   34   24   60  -50  -42
 -51  -10   75   58  -65   10    3  -33
  66   35  -63   -3   -1  -20   58   53
  11  -60   56  -28  -29  -22   -2    4
  16  -42  -63  -31    1  -50    7   21
  32   52   42  -12  -46   29  -45  -19
 -13  -15  -39   29   44   60  -37  -59
  -3   67    8  -14   -8    5   30   28
  49   52  -75   40   36   20  -31   -9
 -48   46   65   41  -11   24   53  -35
  67  -18  -40  -18  -11  -28   14   30
  19  -60    3  -85   14  -47   18   -9
  30   -4  -47  -35  -55  -68   43   10
 -31  -14  -14   15  -20  -36  -21  -28
  10  -14  -17  127    9 -101  -53   -2
  -2  -44  -12    9   46   40   39   60
 -14   60  -94   48   55   62   30  -33
 -28   10   93   16   27  -40   10  -39
  55   74  -36   45   17  -45   39   -1
   1  -27    0   -6   26  -18    6    0
 -17  -31  -33   -1  -16  -41    5  -23
 -11  -12  -49   30   17  -13  -34    3
  13   10  -11   54   -5 -106  -14  -26
  -2  -64  -42   -5   58   13    7   22
 -40   23  -61   37   29   35   82  -31
   1   28   49    9   80   -7  -24   -8
 -36   27  -22   36   19  -28   11   -3
  15  -16   10    2   -6    1  -17    2
 -21  -28   16   -8    7   37  -35  -44
  -2    4  -64    6   -1   -5  -41    0
   1    0  -37   46  -11  -22   11  -18
 -19  -54  -32   -8   56   -3    7   36
   5    3  -68   31    4   13   82  -47
 -20   35   20    4  102    7    4  -15
 -35   15  -19   21   -1  -17    5    7
  25  -25   -2  -30   22  -35   13   22
 -31  -14   27  -20   32   33  -58  -43
   6   19  -70   12    5  -19  -38  -20
  16    0  -38   58   22   -9   -2  -43
 -16  -28  -30   -6   30    3  -16   35
 -12   31  -65   12   24   42   79  -43
 -39    5   26   12  102   22    3  -19
 -28   25  -25   11   -4  -39   21   26
  37  -33  -12  -38    1  -34   34    8
 -27  -22   13    3   28   44  -48  -60
 -14   16  -50   28  -15    6  -47    7
   0   -9  -57   20   -8  -39  -35  -24
 -20  -27  -18  -10   81  -16   33   53
  -9   36  -63    4   12   47   60  -72
 -33   30   26   20   88   -6    6  -11
   6   43  -15   23   15  -54   33   33
  30  -37    8  -41    4  -56   28   12
 -32    0   14  -31    9   43  -61  -31
  -7    8  -28   26  -34   -5  -50  -33
 -30    6  -51    7   24  -10  -23  -29
 -48  -32  -29   -8   62    5   18   52
   0   67  -68   29   11   62   56  -73
 -33   46   41   59   61  -26    0    0
  24   60  -26   27   12  -63   32   24
  41  -31   25    7    1  -29   15   11
 -52  -23   -2  -29   40   16  -47  -56
  20    2  -46   39  -10   -5  -54   13
   8    0  -54   41  -14  -45  -24  -36
  -5  -34  -33  -21   81   18   23   34
 -10   -3  -77    0    3   91   62  -75
 -25   48   35   24   76  -25   -6  -10
  44   15  -47   33  -24  -63   39   30
  31  -21   14  -48    4  -20   -9   10
 -11  -11   14  -15   20   19  -20  -41
 -19  -12  -31   54  -17  -29  -31    8
 -16   19    8   51  -66 -100  -15  -25
 -36  -60  -25   -2   66  -16    6   22
 -40    3  -41   39    6   86   41  -65
   5    2   56   51   13  -12  -44   -4
  32   43  -34   58   31  -24   40  -14
  24  -27   87   68   -6   -8  -39  -19
 -56  -29   14   -3   54   30  -24  -32
 -25    6   37   56  -15  -34  -29    9
 -25  -12   22   82  -27  -95  -31   -1
 -25  -28   18    3   32   23   26   35
 -22   42  -46   32   15   50  -35  -21
 -27   -1  107   42  -59  -41  -16  -17
  50   43  -60   33   37  -31   47   -2
  19  -56   60   86  -20   47   -9  -37
 -31  -34  -46  -19   11  -29   42   -4
  21   24   26   20  -45   39  -67   25
 -45   -6  -27   28   -1   34  -16  -50
 -48   58   12  -25   41   16   38   70
  41   25  -80   44   28   80  -24  -44
 -58   27   51   54  -29   -9   19  -18
  41    5  -58    9  -29  -50   71   51
  41  -69   55  -64  -17  -50    0  -33
  18   -4  -36  -35    2  -32   24  -21
   0   23   -4  -38  -44   13  -77   -9
 -33   -6  -20   42   33   -3  -35  -57
 -60   37   -2  -11   58    5   14   85
  37   36  -60   42   24   71   16  -59
 -62   47   92   46    0  -22   19  -26
  26   31  -51    7    5  -39   64   45
  42  -81   57  -14  -21  -25   13   -8
  11  -48  -21  -28    5  -26    9  -23
  33   15  -30   -2  -46  -16  -58  -15
 -16    3  -48   39  -15  -35  -10  -57
 -45   10   -6   -9   75   -1   50   54
   7   46  -61   22   45   62   49  -57
 -54   50   64   43   35   15    3  -45
  -1   56  -56   17  -24  -46   41   37
  45  -75   33  -38  -15  -14   29    1
  12  -29  -12  -25   22    0  -12  -34
  -3   22  -25   -3  -16   -7  -27  -21
  -7   -6  -91   58   33   63  -31   -8
   8   22  -35    7   42  -13    9   56
  12   36  -48    1   17   40   57  -70
 -50   35   11   22   58    0    9  -14
  16   19  -69    0  -30  -36   45   82
  46  -65   25  -62    0  -45   24    5
 -58  -13    3  -26   18   19  -57  -30
  26   24  -47   -5  -36   -6  -49  -20
  -9  -16  -73    7   31   50   21  -14
   7  -16  -27   -7   31   18  -21   34
  27    7  -61  -21   46   18   73   -6
 -53   36   32   13  123   15  -12   -5
  55    9  -24   -2  -40  -52  -40    0
   0    3  -26  -48   38  -67    3  -19
 -26    2   15   -5  -20   -3  -10  -17
 -18    0  -71   14    0  -34  -16  -26
   6  -16  -62   65   19  -23   18  -23
   5  -51  -54    8   41   35   10   21
 -11   61  -58   19   17   29   79  -42
 -12   47   27  -14   88   10  -22  -23
 -30   28  -32   -5   20  -35   28   22
  29   -8    6  -33   13   -8   25    2
 -30  -30   11  -11   -3   35  -48  -38
 -11    4  -63   39  -14  -16  -45   -8
 -13    2  -40   63   15  -36  -19  -24
  -5  -47  -30  -10   37   -3    0   29
 -18   24  -68   -9   37   53   72  -64
 -19   41   44   -6  100    4  -18  -13
  -8   59  -24   13    6  -21   20   -3
  20  -25   21  -44   22  -18   21  -15
 -10  -20   22   -1   19   44  -51  -39
 -18    7  -35   36  -41  -30  -40  -50
 -28   27  -59   79   12  -40   -4  -26
  -6  -10  -13  -21   54   41    3   25
   8   51  -84  -11   35   31   51  -87
 -46   77   62   24   67  -22   -2  -15
  21   32  -34   30  -16  -68   21   10
   9  -37   57  -17   36  -13  -12   -5
 -42    4    7  -36   17   23  -31  -10
 -30   12  -33   36   -3  -36  -52   18
 -32  -34  -16   32  -50  -32  -21  -36
  -7  -50  -16    7   58    4   37   68
 -12    3  -37   -5    8   94   55  -72
 -17   45    8   53   61  -19  -13    0
   3   64  -28   21  -16  -39   32   41
  46   -7   54  -37   -5  -27   -6   -5
 -37  -24    8  -55   53   10  -39  -58
 -40  -22   40   66  -15  -15  -25   12
 -19   13   33   80  -17  -68   -8  -28
 -22  -26   22   10    4   -1   28   23
 -12   29  -22    8  -12   83  -44  -49
  -9    0   83   90  -71  -61  -52  -24
  25   59  -28   14   19  -38   47   34
  24  -58   74   81  -19   20  -20  -18
 -30  -33  -29  -21   38  -16   24    3
  -6   15   69   -7  -47    1   -9    4
 -25   16   15   31    8   27  -20  -22
 -20   65   38    6   -3   25   21   27
   7   31   -1    5    9   32  -71  -12
  -5    2   60   60 -107  -11    4  -24
  65    5  -29  -13  -13   -7   28   42
   8  -46   27  -24  -19  -29   25  -25
  18  -28  -58  -41  -13  -51   56   30
  13   39   30  -14  -46   19  -57    3
 -61  -13  -12    8   13   58  -12  -54
 -40   80   24   -6   17   37   37   74
  34   41  -52   21    5   65  -26  -11
 -78   17   36   68  -24   23   22  -10
  19  -17  -42    0  -24  -54   54   32
  34  -64   43  -77  -28  -62   24    2
  24  -17  -59  -41  -10  -45   43   -4
  40   23    5  -15  -45   -3  -78    5
 -41  -13  -23   23  -36   16  -26  -52
 -33   49    0    0   73   18   43   87
  13   36  -71    9   -5   59   -3  -68
 -92   32   79   57   -3   21   19  -15
  25   17  -33    1   -9  -50   71   45
  42  -73   67  -40  -13  -28  -11  -18
  20  -45  -15  -27   33   -9   -4  -26
   0    8  -23    8  -45   11  -71    3
 -26    6  -21   29   10   -1  -28  -54
 -53   38    0  -10   46   12   22   99
  12   41  -65   51    9   61    6  -59
 -72   25   66   50   -7   14   26  -38
 -10   47  -46    3    7  -43   75   38
  56  -87   68  -23    5  -57   38   -5
  13  -41  -27  -29   29   -9    7  -37
  21   25  -70   -9  -24  -10  -60    5
  -4  -24  -43   30    7    1    0  -48
 -18   -8  -14  -14   60   -1    8   59
   3   37  -73    1   64   52   65  -32
 -45   52   21   12   93    1   16  -32
 -35   10  -31    6    0  -50   37   33
  41  -48    4  -51    3  -56   30  -20
  -3  -18   21  -10   10   11  -22  -46
  -3    8  -58    8    1   -8  -51    3
   0  -14  -39   23   -1  -27   -8  -34
 -10  -21  -48   -7   58   19    4   31
 -13   30  -58   27   -1   33   83  -39
 -11   45   25    0  100   -1    3   -2
 -23   11  -23   12   -6  -19   18   30
  21  -33    6  -54    6  -25    6    6
 -17  -24   26  -12   25   43  -58  -53
   6    3  -52  -11    8  -22  -10    0
   7   -1  -50   15   -8    5   -8  -16
   0  -34  -42   -1   45    0  -17   26
   6    2  -53  -23    5   -5   84  -36
   0   29   -7    3  113    4   12  -15
  -4    8  -11   18   -4  -17    0   19
  21  -14  -15  -39    9  -34   29    0
 -30  -13   35  -11   39   54  -67  -51
   9   10  -57   -6    0  -18  -16    4
 -10   -4  -38   25   11  -19    0   -9
  -4  -16  -55    1   47   16  -10   29
  -4    0  -31   -3    5   18   87  -37
 -10   31    4  -14  107    9  -15   -8
 -10    0  -10   -8   -5  -44    2   16
  31   -8  -23  -41   22  -28   27    9
 -24  -13   37  -21   17   57  -68  -58
   0   18  -49    0   -9  -21  -29  -32
  16   -4  -71    3   24   33    6  -16
  -5   -7  -27    8   33   11  -18   37
  -6   41  -43   -5   29   17   68  -55
 -26    9    1  -11  112  -26   23  -15
  41    2  -25   16   11  -62    2   27
  23  -23  -18  -28   16  -62   23   35
 -49  -15   17  -21   26   58  -69  -31
   2  -19   25   41  -11  -44  -31   36
 -51   49    9   55  -28  -67  -44  -31
 -22  -41   13  -15   45   18   35   64
 -18   32  -41   35   14   81  -21  -50
  12   14   68   48  -32  -45  -83   -9
  28   62   -8   31    3  -21   41   18
  26  -33   96   51  -37   17  -77  -28
 -33  -34  -35   -9   50  -28    7  -13
 -23   22   53   22  -36  -17  -24   10
 -25   26   29   50   17  -47   -4  -29
   1   26   30    3   -5   10   24   19
  17   61  -15   13    0   24  -64  -28
  -6    0   66   89 -112  -31  -31   -1
  54   21  -40  -11  -11  -27   34  -14
   8  -32   56   69    8    7  -30  -41
  -4  -21  -48  -23    7  -58   43   21
  29   16   63  -34  -41    7  -30   16
 -40    4   27    0    5   23  -12  -28
 -33   59   41    3  -18   24   39   27
  31   27  -17    6   15   58  -71   -2
 -32    8   40   50  -94    0    2   -1
  51    5  -31  -26  -28  -10    7   26
  29  -59   44   12  -13   -9  -14  -40
  24   -6  -60  -33  -17  -52   52   37
  40   30   31    6  -55  -13  -52   17
 -24  -12    1   55    0   49    2  -28
 -25   76   14  -20   16   34   28   49
  40   64  -43   11   33   55  -42  -41
 -62   38   77   72  -32   19   34  -10
  21  -26  -43  -13  -14  -37   41   38
  22  -85   40  -91  -38  -52   -9  -10
  16  -17  -49  -36  -20  -65   30   12
  18   25   -2   -7  -47    5  -54   15
 -36   -9  -21   18  -12    9  -43  -72
 -47   35   12   -3   66   15   34   90
  16   51  -86   34   17   82    5  -58
 -63   32   66   34  -19   -3   27  -19
   4   31  -44    1  -23  -42   69   32
  60  -81   69  -30  -12  -61   13  -20
  23  -39  -23  -25   18  -23    5   -7
  18   23  -26    1  -49   21  -74   21
 -35  -11  -12   43   -5   -3  -29  -49
 -23   18   26   -4   49   19   46   85
  25   46  -96   22   -5   63    7  -65
 -72   35   77   54    1    7   19  -25
  34    7  -52    6   -9  -39   61   54
  50  -71   63  -50  -12  -49    1   -5
   9  -36  -25  -60   18  -15   11  -25
  46   21  -26   -5  -45   -4  -71    4
 -57  -25  -34   34   -7   23  -12  -58
 -39   19    9  -18   62   17   36   87
   9   44  -65   42   33   63    7  -70
 -83   38   60   53   10    0   39  -29
  17   18  -50   -6   -1  -37   71   35
  42  -83   55  -45  -16  -25    9   -8
  31  -30  -25  -14   37   -9   -2  -31
   9   12  -51   22   -5   27  -63   26
 -20    7  -21   23  -17  -64  -26  -42
 -23  -30  -34  -14   65   11   21   34
 -14   48  -68   27   19   46   75  -42
 -25   25   42    9   84   10   10  -27
 -18   10  -22   31    8  -55   36   27
  32  -33   -1  -41    5  -26   -6  -19
  16  -26   16  -17   26   33  -39  -49
  -9   12  -44    0  -12  -39  -59  -14
  13    1  -52   65   -9  -15   -6  -26
 -12  -37  -23  -22   54   -6   -6   59
  -8    9  -70    1   24   42   71  -62
 -38   29   36    0   86   16   17  -14
  19   35  -33    8   -1  -31   29   28
  42  -44   19  -15   -3  -37   36    8
 -12  -38   14   -4   27   46  -52  -43
  12    0  -56    8    6    8  -38   18
   2    0  -34   35   -9  -50    0  -30
  -2  -40  -38    0   44   14    1   19
  -9   16  -57   24   -6   19   86  -39
 -21   34   13   -9  109   -7   -6  -11
 -28   23  -20   20   -6  -43   21   16
  31  -13   -9  -27   15    9    6    0
 -34  -11   31  -23   16   34  -64  -43
  -1    7  -65    0   -4  -12  -18   -2
  34  -21  -31   47   -2  -41   -5  -32
  -5  -43  -57    2   31    1   -7   12
 -17   -3  -63  -14    6   27   84  -17
  -7   40    0    3  116    0    2   -3
   0   24  -23   22  -28  -27   21   16
  10   -8  -20  -24   29  -39   37    2
  -1  -20   26   10    7   52  -50  -45
  18   -3  -64    7    8  -19  -23   -9
  18  -16  -35   42   -3    5   24  -12
   7  -37  -38   -1   34   12    0   15
 -19    3  -61  -24   19    0   85  -40
 -11   26    5  -29  113  -14    3   -4
 -10    2    4    4    8  -22    7    7
  17    1  -38  -34    6  -53   16   11
 -25   -4   38   -2   29   42  -70  -38
 -11   33   62  -22  -57   20  -14   14
 -49   -5   18  -12   15   32    1  -33
  -4   65   40   -9    0   32   30   37
  48   26    0    2   27   41  -63  -30
 -35    5   29   57  -85   25  -19   -1
  32   -4  -33  -23  -46  -41   50    6
  25  -39   53  -15  -24  -27   -9  -17
  17  -18  -61  -27   -5  -53   61   11
  18   28   49  -14  -67   26  -49    9
 -34    9   17   24    5   26  -11  -30
 -27   67   38  -15   18   25   11   51
  32   42  -27    0    2   48  -74  -15
 -58   45   64   81  -70    1    9   -9
  10   -1  -21  -31  -20   -8   45   37
  22  -57   50  -35  -25  -37   -3   -7
  10  -15  -38  -39   -4  -61   43    3
  39   11   35   -6  -59   -5  -42   29
 -46   23   -1   24  -12   30  -17  -60
 -38   57   33   -5   17    0   71   67
   6   25  -36   13    7   63  -59  -35
 -48   28   37   57  -45    8   24  -14
  35   33  -31  -15   14  -26   57   38
  55  -64   59  -46  -32  -53    4  -12
  18  -32  -45  -34    6  -59   40  -10
  24   23   -1    9  -48   -7  -68   19
 -53   -1  -18   29    0   -3  -34  -55
 -59   52   24  -11   49    4   46   68
   5   35  -72   38   16   80   -7  -35
 -80   33   78   73  -19   14   43  -12
   7   26  -50    0  -16  -64   60   44
  35  -85   62  -24  -33  -31    2    4
  16  -33  -37  -28   17  -24   23  -16
   4   22   -1    2  -34   -7  -81   24
 -46    2   -2   39   -2    1  -35  -56
 -33   37    5  -28   46    8   40   97
   9   29  -42   17   20   84   -8  -76
 -73   19   96   55  -11    3    8  -17
  44   37  -57   -7   16  -50   75   40
  61  -59   49  -33  -38  -13   16  -28
  18  -38  -32  -27   21  -32   -1  -14
  33   34   -6   15  -49   27  -92   10
 -70   -2  -14   44    3  -11  -31  -66
 -23   24   22  -12   50   17   20   63
  18   61  -86   41   25   42    2  -37
 -49   53   70   44  -15   11    1  -25
  23   49  -65   -9  -18  -41   67   45
  53  -74   53   -9  -13  -33  -10  -15
  16  -47  -38  -39   22    1    3   -8
  30   11  -18   10  -37   25  -65   14
 -43  -11  -31   24  -21  -31  -16  -77
 -49   28    6  -13   59   18   31   87
  10   55  -58   28   27   69   12  -77
 -62   37   69   32   20   12    2  -16
  20   41  -56   29  -11  -38   68   49
  46  -78   58  -28  -38  -34   18  -24
  23  -41  -30  -25   27    4    1  -34
  24   31  -48   15  -34    6  -60   18
 -22   -4  -40   32   18  -12  -27  -36
 -17  -18  -36  -32   69    0   14   45
   4    1  -86   45   46   19   57  -37
 -55   25   48   37   84   -5   24  -34
   8  -11  -36   12   -3  -33   39   46
  48  -41   35  -46  -14  -35   23    0
  -5  -30   29  -25    8   18  -32  -46
   5   12  -65  -20  -14   15  -26   -7
  -3  -12  -48   38   20   22   -3  -43
 -17  -29  -32   -4   35  -11   14   29
   2   16  -42    2    7   11   68  -62
 -17   48    8   -7  105    4    5  -10
   2   26  -38    4    0  -30   43   17
  40  -30   16  -39    9  -47   17    5
 -25  -23   25   -1   42   45  -75  -46
  12    2  -36   37  -14  -26  -65   10
   9  -14  -31   46   -4  -52   -4  -32
 -12  -30  -32  -12   56    4   -1   59
  -9    8  -99   27   41   20   77  -45
 -11   30   36  -12   97   -1   -8  -26
 -17   17   -3   24  -13  -32   11   30
  28  -29   -6  -28   21  -28   48  -11
   9   -4   12    1  -14   28  -39  -55
   1    7  -69   -2   -8  -19  -17  -13
  13  -22  -41   17   -8  -14   -3  -17
  -5  -28  -42   -9   42    5  -10   19
  -7   -2  -39   -8   18   -3   86  -39
 -10   34  -15  -18  109    6   11    0
 -18   19  -15   19    2  -30   20   16
  15   -4   -8  -18   23  -24   14   12
 -18   -4   41   -3   28   49  -70  -57
   5   -1  -74    0    0  -17  -11  -11
  13   -9  -40   54    3  -47  -11   -5
  -8  -68  -29  -10   23   -6    5   12
 -24   23  -53  -11   16   16   82  -38
  -2   23   20  -14  116  -14   -5  -12
 -20   17  -16   17    5   -8    6    7
  20    5    6    4   29  -25   28   14
 -30   -7   20    7    9   48  -68  -31
   7   27   45    7  -54    9  -40  -15
 -61   -7  -11   14   24   45   -9  -63
 -26   79   13   -7   16   13   27   78
  37   35  -18    1   13   30  -51  -30
 -37   24   45   55  -64   11   35   -8
  32   20  -47  -35  -11  -45   66   55
  31  -66   57  -40  -15  -41  -17  -20
  31  -11  -58  -36   11  -41   34   14
  22   25   29   34  -50   15  -54   26
 -56  -19   11   40    0   18  -28  -56
 -24   56   32  -18   33   24   47   63
  28   20  -45   12  -18   85  -41  -37
 -47   16   47   67  -68   -1   -7    3
  22   17  -20  -14   16  -31   76   43
  43  -71   62   -3  -49  -13   -8  -41
  -9  -27  -48  -61   16  -39   24   -8
  22   21   26    3  -66   26  -55   19
 -48  -12  -22    9   20   22  -36  -42
 -44   45   37  -26   36   32   47   87
  32   19  -42   26   14   61  -45  -57
 -39   10   59   52  -50    0   20   -4
  23   12  -40   -7   -3  -46   53   30
  33  -90   72  -30  -33  -24   19  -28
  -9  -30  -23  -19   23  -39   42   -5
   2   27    4    4  -49   20  -75   12
 -68    1   -5   46  -33   19  -16  -46
 -26   46   28  -22   48   11   32   63
  30   57  -64    6   21   48  -24  -64
 -81   26   74   58  -32    2    7  -16
  32   46  -51   -1    4  -19   50   61
  53  -82   62  -17  -20  -36    5  -23
   7  -19  -47  -30   11  -15   22  -16
  22   27   16   24  -84   15  -57   28
 -45  -27  -29   17   13    1  -36  -60
 -37   33    5  -15   38    0   25   86
  32   50  -56   29   -2   73  -16  -40
 -54   36   75   50  -32   19   23  -13
  29   28  -47   12   -9  -43   65   44
  36  -81   67  -31  -13  -41   28  -29
  35  -22  -55  -25   21  -40   20  -12
  44   19  -11    0  -47   38  -75   18
 -43   -8  -25   31    5   24  -13  -78
 -41   38    8  -38   60   14   36   74
  15   30  -53    6   10   77    5  -78
 -61   25   61   53   -6   22   44  -28
  63   38  -45   10  -10  -51   65   43
  41  -69   57  -24  -34  -29    7   -6
   6  -31  -36  -36   18  -26    5  -33
  31   19    6   -6  -63   11  -55    8
 -33  -18   -5   49   32   -8  -21  -73
 -35   40   18   -9   45    3   20   86
  21   59  -67   29   20   60    0  -69
 -51   28   95   43  -16   -3   10  -27
  50   32  -54  -26  -17  -50   56   41
  48  -63   84  -23  -47  -11    1  -29
 -16  -37  -26  -20   37  -12   -6  -28
  31   17  -32   11  -22   31  -58   12
  -1    0  -29   32  -25  -41  -20  -65
 -23  -13  -26  -26   70    0   48   65
  17   50  -81   26   30   82   45  -37
 -47   37   58   41   70   -5   43  -43
  -8   11  -33   43  -23  -80   34   19
  22  -56   36  -62  -16  -36   25   -3
 -22  -11  -12  -23  -17    5    0  -34
 -14    2  -51   44  -13  -13  -54  -13
   6    1  -21   69    3  -29  -13  -30
 -17  -35  -23   -2   68    5   -3   57
   2   13  -56    0    6   37   66  -66
 -31   17   38   10   68  -20   -7  -10
  12   56  -38   14   21  -35   38   23
  36  -44   44   -5  -14  -29   13  -10
 -39  -32    9   -9   49   37  -61  -57
  18   -3  -43  -25  -14    6  -71   11
 -37    0  -37   70   -1  -57  -18  -48
 -14  -19  -23  -20   70   -3   25   64
   5   22  -72   32   19   68   60  -43
 -43   69   65    4   62  -14   14  -37
   6   19   -8    0   13  -51   39   32
  40  -56   18  -23   13    2   14  -33
  -6  -33    2  -24   18   12   -5  -44
   1   -3  -73   14   -8    7  -21    5
   9    5  -39   31   -1  -53    0  -24
   8  -41  -46  -11   48    0   -6    7
 -12    1  -60    6    9   22   84  -17
  -9   23   11  -22  113  -18   -4   -9
 -38   18  -16   14   12  -23    3   18
  18   -4  -10  -19    5  -16   30   15
 -29  -15   33   16   21   55  -53  -53
   7    6  -62    8   11  -25   -5  -26
   8    1  -68   46    4   28    0  -21
   8  -31  -36    2   21   18  -17   29
   4    3  -40  -44    4  -20   64  -61
 -30   21   -4   -5   98    5  -12  -12
  14   62  -19    6    0  -25   38   23
  18  -13    2  -23   15  -39   32   11
 -20  -11   13   -7   52   64  -82  -53
