Shape: torch.Size([1, 144, 64])
Range: [-128, 127]
Mean: -9.5429

量化值陣列:
 109  127  -28   63  -67 -109  -75  121
-103  -89  -16   58 -108 -106  -98  -81
 -53 -117  -69  119   14  -86  126  119
-125   93    0  116   70   93  106  -46
 -96   54   79  104   63  109   54  -64
-109   53  118  -93  124 -106   41 -116
  58  -76 -122 -127 -107 -118  104  105
-101  -58   30 -100   49  106 -107  -31
 110  126  -26   64  -69 -109  -76  123
-103  -88  -17   58 -109 -108  -98  -82
 -55 -118  -66  118   15  -85  126  121
-123   95    2  112   70   92  105  -45
 -95   55   81  106   62  111   56  -63
-110   52  114  -94  121 -106   41 -117
  59  -78 -118 -125 -110 -116  103  107
-104  -58   25 -103   49  101 -103  -30
 110  125  -23   65  -70 -109  -76  124
-101  -87  -17   57 -110 -108  -98  -83
 -56 -120  -64  115   15  -84  126  123
-121   96    2  110   70   91  106  -44
 -94   55   82  105   61  112   58  -62
-111   51  111  -93  120 -105   40 -116
  60  -77 -117 -124 -110 -115  102  108
-106  -57   23 -105   49   99 -101  -30
 110  126  -26   65  -69 -109  -76  122
-102  -88  -17   57 -110 -107  -99  -82
 -55 -119  -66  117   15  -85  126  122
-121   95    2  111   70   93  106  -44
 -94   55   81  105   62  111   57  -64
-111   52  114  -93  121 -105   41 -116
  59  -78 -118 -125 -110 -116  104  107
-104  -58   25 -103   49  100 -103  -30
 109  124  -22   67  -69 -110  -77  125
 -98  -86  -16   57 -111 -111  -95  -84
 -58 -124  -64  113   15  -81 -128  125
-122   96    2  107   70   89  108  -45
 -93   54   84  104   62  115   62  -59
-113   51  108  -91  120 -103   39 -116
  61  -75 -116 -122 -111 -114  101  108
-108  -59   24 -107   51   99 -103  -30
 109  124  -23   66  -70 -110  -78  126
-103  -88  -15   59 -111 -110  -93  -82
 -58 -120  -61  116   15  -82 -126  124
-123   96    2  108   70   90  106  -47
 -94   56   82  105   61  112   60  -61
-111   48  109  -94  121 -105   41 -116
  60  -79 -116 -122 -111 -114  100  108
-108  -60   21 -107   49   99 -100  -29
 110  125  -25   65  -70 -109  -77  125
-104  -88  -16   58 -110 -109  -95  -82
 -57 -119  -62  118   14  -83 -128  123
-122   97    3  110   70   91  105  -46
 -94   56   81  106   60  111   58  -62
-111   49  111  -95  121 -106   41 -117
  59  -80 -117 -123 -111 -115  100  107
-107  -59   21 -106   48   99 -101  -29
 110  125  -24   65  -70 -110  -77  125
-104  -87  -15   58 -111 -109  -95  -82
 -57 -120  -61  117   14  -82 -127  124
-122   97    3  109   70   90  105  -47
 -94   56   81  105   60  112   59  -61
-110   49  110  -95  121 -106   41 -117
  59  -79 -116 -123 -111 -115  100  107
-107  -59   20 -107   49   98 -100  -28
 109  125  -24   65  -70 -110  -78  126
-105  -88  -15   59 -111 -110  -94  -82
 -58 -119  -60  118   14  -82 -126  124
-123   97    3  109   70   90  105  -47
 -94   56   81  105   60  111   59  -61
-110   48  110  -95  122 -106   41 -117
  59  -80 -116 -123 -111 -114   99  107
-107  -59   20 -107   48   99 -100  -28
 109  124  -22   68  -71 -110  -79  127
-102  -88  -16   59 -112 -112  -92  -83
 -59 -122  -59  112   16  -80 -125  125
-121   96    3  104   70   90  107  -46
 -92   58   84  104   60  114   63  -60
-113   46  105  -94  119 -105   40 -116
  61  -79 -113 -120 -114 -113   99  109
-111  -60   18 -110   50   95  -98  -29
 110  123  -20   70  -71 -111  -80 -128
-101  -87  -16   58 -114 -113  -91  -83
 -61 -124  -57  111   16  -79 -124 -128
-119   99    3  101   71   89  107  -46
 -91   57   85  104   60  115   66  -57
-114   46  102  -94  119 -103   41 -116
  62  -80 -112 -119 -115 -111   98  109
-114  -61   16 -112   50   94  -97  -29
 110  123  -20   68  -73 -110  -80 -127
-104  -88  -15   59 -113 -113  -91  -83
 -61 -121  -55  113   15  -80 -124  127
-120   99    4  102   70   89  106  -47
 -92   58   84  106   58  113   64  -59
-112   45  103  -95  119 -106   41 -116
  61  -82 -111 -119 -115 -111   98  110
-113  -60   13 -112   49   92  -94  -28
 107  125  -20   70  -69 -113  -78  127
-106  -83  -15   58 -115 -114  -89  -81
 -60 -127  -57  114   14  -77 -124  127
-117   99    4  102   72   88  106  -49
 -92   60   83   98   61  115   64  -56
-114   41  102  -93  121 -103   39 -119
  62  -77 -114 -120 -113 -112   96  105
-114  -62   14 -113   49   97 -101  -27
 108  124  -19   69  -70 -112  -78  127
-103  -83  -15   57 -115 -113  -92  -83
 -60 -126  -57  114   14  -78 -125 -128
-117   99    5  103   73   88  107  -47
 -93   57   83  101   60  115   63  -56
-114   44  102  -93  120 -103   39 -119
  62  -77 -113 -121 -113 -112   97  106
-115  -61   14 -112   49   95  -99  -27
 109  125  -22   68  -70 -110  -78  126
-104  -88  -15   59 -112 -111  -91  -82
 -59 -121  -59  115   15  -81 -125  125
-122   97    3  106   71   90  106  -47
 -93   58   82  104   60  113   61  -59
-112   46  107  -94  121 -105   41 -117
  61  -80 -115 -121 -112 -113   99  108
-110  -60   18 -109   49   97  -99  -29
 108  122  -16   73  -71 -112  -79 -126
 -98  -83  -15   58 -115 -116  -90  -84
 -63  126  -56  108   15  -75 -123 -126
-117   99    3   98   73   86  109  -46
 -90   57   86  101   61  118   69  -53
-116   43   97  -91  119 -100   39 -117
  64  -76 -111 -117 -115 -109   97  108
-118  -62   14 -115   50   93  -98  -29
 108  125  -24   66  -71 -110  -79  126
-109  -90  -14   60 -111 -110  -90  -80
 -58 -118  -57  118   14  -82 -125  123
-122   97    4  107   70   92  104  -48
 -94   60   81  105   59  110   59  -62
-110   44  109  -97  122 -108   41 -118
  60  -83 -115 -121 -113 -114   98  108
-110  -61   15 -109   48   97  -96  -28
 109  121  -16   74  -74 -111  -82 -124
-100  -87  -15   59 -115 -117  -88  -84
 -64 -126  -52  107   16  -76 -120 -125
-118  100    3   96   72   87  108  -47
 -90   59   86  104   58  117   70  -55
-115   42   96  -94  118 -102   40 -115
  64  -81 -108 -116 -118 -108   97  110
-118  -63   11 -117   50   90  -92  -28
 108  123  -20   70  -72 -111  -81 -126
-105  -88  -14   60 -114 -114  -88  -82
 -62 -123  -53  112   15  -78 -122 -128
-120   99    4  100   71   89  106  -48
 -92   60   84  104   58  114   66  -57
-113   42  101  -95  119 -105   41 -117
  62  -82 -111 -118 -116 -110   96  109
-115  -62   12 -114   49   93  -94  -27
 108  123  -20   71  -72 -111  -80 -127
-104  -88  -15   60 -114 -114  -88  -82
 -62 -124  -55  111   15  -78 -123 -128
-119   98    3  100   71   89  107  -47
 -91   60   84  103   60  115   66  -57
-114   42  101  -95  119 -104   41 -117
  63  -81 -111 -118 -115 -110   97  108
-115  -62   13 -114   50   93  -96  -29
 108  122  -19   73  -73 -112  -82 -125
-105  -88  -14   60 -114 -116  -85  -82
 -63 -125  -52  110   16  -77 -120 -127
-119   99    3   97   71   88  107  -48
 -91   62   85  103   59  115   69  -56
-114   39   98  -95  119 -103   41 -117
  63  -82 -109 -116 -117 -109   96  109
-118  -64   10 -116   50   92  -93  -28
 107  122  -18   72  -72 -112  -81 -125
-104  -87  -14   60 -114 -116  -85  -82
 -63 -125  -52  110   16  -76 -120 -127
-119   99    3   98   72   88  108  -49
 -91   61   85  102   59  115   68  -55
-114   40   98  -95  119 -103   40 -117
  63  -81 -110 -116 -117 -110   96  109
-118  -64   11 -116   50   92  -94  -27
 108  122  -18   73  -72 -112  -81 -125
-104  -86  -14   59 -115 -116  -87  -83
 -63 -126  -52  110   16  -76 -121 -126
-117  100    4   97   72   88  107  -48
 -91   61   85  102   59  116   69  -55
-115   40   97  -95  119 -103   40 -117
  64  -81 -109 -116 -117 -109   96  108
-118  -64   10 -116   50   91  -94  -28
 108  123  -17   72  -72 -113  -81 -124
-105  -85  -14   59 -116 -116  -86  -82
 -64 -127  -51  112   15  -75 -120 -126
-117  102    5   97   73   87  107  -49
 -91   60   84  102   58  116   69  -54
-114   39   97  -95  119 -103   40 -119
  63  -81 -110 -117 -117 -109   94  107
-119  -64    8 -117   49   92  -94  -26
 106  123  -17   72  -71 -114  -81 -125
-107  -84  -13   60 -116 -117  -83  -81
 -63 -128  -51  113   14  -75 -120 -126
-117  101    4   98   74   87  107  -51
 -92   62   84   99   59  115   67  -53
-114   37   97  -95  121 -103   39 -120
  63  -80 -111 -117 -116 -109   94  105
-120  -66    8 -117   49   94  -95  -26
 108  122  -17   72  -72 -112  -80 -125
-104  -85  -14   59 -116 -116  -88  -83
 -63 -127  -52  110   15  -76 -121 -126
-116  101    5   97   73   87  107  -48
 -91   60   85  102   59  116   68  -54
-114   40   97  -94  119 -103   40 -118
  63  -80 -109 -117 -117 -109   96  108
-119  -63    9 -116   49   91  -94  -27
 107  124  -20   71  -71 -112  -80 -127
-106  -87  -14   60 -114 -115  -86  -81
 -62 -125  -54  112   15  -77 -122 -128
-119   99    4  100   71   88  107  -49
 -91   62   84  101   60  114   66  -56
-114   39  100  -95  120 -104   40 -118
  63  -80 -111 -117 -115 -111   96  107
-116  -63   12 -115   49   94  -96  -28
 108  123  -18   71  -72 -113  -81 -125
-106  -86  -14   60 -115 -116  -86  -82
 -63 -125  -51  112   15  -76 -120 -127
-118  101    5   98   72   87  106  -49
 -91   61   85  102   58  115   68  -55
-114   39   97  -95  119 -104   40 -118
  62  -82 -110 -116 -117 -110   94  108
-118  -63    9 -117   49   92  -94  -26
 108  123  -19   74  -73 -111  -82 -125
-105  -89  -14   61 -114 -117  -84  -82
 -64 -124  -52  109   16  -76 -120 -127
-119   99    3   96   71   89  107  -48
 -90   63   86  103   59  115   69  -56
-115   39   97  -96  118 -104   41 -116
  64  -83 -109 -114 -118 -109   96  110
-118  -64   10 -117   50   91  -92  -28
 108  124  -20   71  -72 -112  -81 -125
-107  -87  -14   60 -114 -116  -85  -81
 -63 -124  -52  113   15  -76 -120 -128
-120  100    4   99   72   88  106  -50
 -92   61   84  103   59  114   67  -56
-113   40   99  -96  120 -105   41 -118
  62  -82 -111 -117 -116 -110   94  108
-116  -64   10 -116   49   93  -94  -26
 107  126  -23   70  -70 -112  -79  127
-106  -88  -15   61 -112 -114  -86  -81
 -60 -123  -58  115   15  -79 -123  125
-121   97    2  104   71   89  106  -49
 -92   61   83  101   62  113   64  -57
-114   42  105  -95  120 -104   41 -118
  61  -80 -114 -119 -113 -113   97  106
-113  -63   17 -112   49   98 -100  -28
 107  127  -28   66  -70 -109  -81  127
-113  -94  -12   63 -109 -111  -85  -78
 -58 -113  -57  120   13  -83 -121  122
-128   96    2  109   69   93  103  -51
 -95   62   79  105   59  107   60  -62
-109   41  113 -100  124 -109   45 -117
  59  -86 -117 -120 -112 -114   97  106
-108  -64   18 -109   47  101  -97  -28
 107  123  -18   71  -72 -112  -81 -125
-106  -87  -13   60 -115 -116  -85  -82
 -63 -125  -52  112   15  -76 -120 -127
-119  100    4   99   72   88  107  -49
 -92   61   84  102   58  115   67  -55
-113   39   98  -96  120 -104   40 -117
  63  -82 -110 -117 -116 -110   95  108
-117  -64   10 -116   49   93  -94  -27
 107  124  -21   71  -72 -112  -81 -127
-107  -89  -14   61 -113 -115  -84  -81
 -62 -123  -53  112   15  -77 -120  127
-121   98    3  100   70   89  106  -49
 -91   62   84  102   60  114   67  -57
-114   39  101  -96  119 -105   41 -117
  62  -82 -111 -116 -116 -111   96  108
-115  -64   12 -115   49   94  -95  -28
 107  123  -18   73  -72 -112  -82 -125
-106  -87  -14   61 -115 -117  -84  -82
 -64 -125  -51  110   15  -76 -120 -127
-119   99    4   97   71   88  107  -49
 -90   62   85  101   59  115   69  -55
-115   38   97  -95  119 -103   41 -117
  63  -82 -109 -115 -117 -109   95  108
-119  -64   10 -117   49   92  -94  -28
 108  123  -19   71  -73 -112  -83 -124
-109  -89  -13   61 -114 -116  -83  -81
 -64 -123  -50  113   15  -76 -119 -127
-120  100    4   98   71   88  106  -50
 -91   62   84  103   57  113   68  -56
-113   38   98  -97  119 -105   42 -117
  62  -84 -109 -115 -118 -109   94  109
-118  -64    8 -117   49   91  -91  -26
 106  124  -18   72  -69 -113  -78 -128
-102  -84  -14   58 -115 -116  -87  -82
 -61 -128  -57  110   14  -76 -122 -128
-119   98    2  100   73   87  109  -49
 -92   59   84   98   62  117   66  -54
-115   41  100  -92  121 -101   39 -117
  64  -76 -113 -119 -113 -111   97  105
-116  -64   16 -113   50   98 -101  -28
 107  125  -19   73  -69 -112  -79 -128
-102  -85  -14   59 -115 -116  -86  -82
 -61 -128  -57  110   14  -76 -122 -128
-119   98    3  100   72   88  108  -48
 -91   60   85   98   62  116   67  -54
-116   40  100  -92  120 -101   40 -117
  63  -77 -112 -117 -114 -111   97  105
-117  -63   16 -114   50   97 -100  -29
 107  123  -17   74  -71 -113  -81 -125
-104  -85  -14   59 -116 -118  -85  -82
 -64 -128  -52  108   15  -74 -120 -126
-117  100    3   95   73   87  108  -49
 -90   61   86   99   60  117   70  -54
-115   38   95  -93  119 -102   40 -117
  64  -79 -109 -116 -117 -109   96  107
-119  -65   11 -117   50   93  -96  -27
 107  124  -20   71  -71 -112  -80 -127
-105  -87  -14   60 -114 -115  -86  -82
 -62 -125  -55  112   15  -77 -122 -128
-119   99    4  100   72   88  107  -48
 -91   61   84  101   60  115   66  -55
-114   41  101  -94  119 -103   40 -118
  62  -80 -112 -117 -115 -111   96  107
-116  -63   13 -114   49   95  -97  -28
 107  124  -21   69  -71 -112  -81 -126
-108  -88  -13   61 -113 -115  -85  -81
 -62 -123  -53  115   15  -77 -121  127
-122   99    4  102   71   88  106  -50
 -93   61   83  102   59  113   65  -57
-112   40  102  -96  121 -105   41 -118
  61  -82 -112 -118 -115 -112   94  107
-115  -64   12 -114   49   95  -95  -26
 107  124  -20   72  -71 -111  -80 -127
-104  -88  -14   60 -113 -115  -86  -82
 -62 -124  -56  109   15  -78 -122 -128
-120   97    2   99   71   89  107  -48
 -91   61   85  101   60  114   67  -57
-114   41  101  -94  120 -103   41 -116
  63  -81 -111 -117 -115 -111   98  108
-115  -63   15 -114   50   95  -96  -29
 102 -122  -36   64  -62 -111  -73  117
-108  -92  -15   62 -104 -108  -88  -76
 -50 -117  -79  123   13  -86 -128  112
 122   87   -7  123   70   94  107  -55
 -98   58   75   95   71  107   51  -62
-109   49 -127  -92 -126 -106   43 -118
  57  -72  126 -128  -98 -124  104   98
 -97  -65   44  -95   51  124 -121  -33
  98  124  -10   76  -59 -119  -67  121
 -92  -66  -17   50 -121 -118  -95  -84
 -57  106  -70  105   13  -69  124 -126
-107   96    1  100   81   84  116  -47
 -91   55   87   78   72  126   64  -45
-122   41   95  -77  125  -92   31 -123
  69  -53 -120 -124 -104 -113  101   95
-123  -63   25 -108   52  109 -122  -30
 104 -127  -30   69  -69 -110  -82  126
-115  -99  -11   66 -106 -113  -77  -75
 -57 -111  -59  117   13  -82 -119  118
 123   90   -2  108   65   95  104  -52
 -93   67   79  101   61  105   60  -63
-109   36  114  -99  124 -109   45 -115
  58  -87 -117 -116 -113 -117   98  107
-107  -66   22 -108   48  105  -98  -30
 108  124  -21   70  -71 -110  -80 -127
-107  -89  -14   60 -113 -113  -87  -81
 -61 -120  -55  114   14  -80 -122  126
-121   98    4  102   71   90  105  -48
 -93   61   83  104   58  112   64  -58
-112   41  104  -97  121 -106   42 -117
  62  -83 -112 -118 -115 -111   97  108
-114  -62   13 -113   48   95  -95  -28
 108  124  -20   70  -71 -111  -80 -127
-105  -87  -13   60 -113 -115  -86  -81
 -61 -124  -55  113   15  -78 -122  127
-121   99    3  101   71   88  107  -49
 -93   60   83  102   60  114   65  -56
-113   41  102  -95  120 -104   41 -117
  62  -80 -112 -118 -114 -111   96  107
-115  -63   13 -114   49   96  -96  -28
 108  126  -25   66  -72 -111  -80  127
-111  -91  -14   61 -111 -111  -88  -80
 -59 -117  -55  118   14  -81 -123  124
-123   98    3  106   70   91  104  -49
 -94   61   81  105   58  109   61  -61
-110   42  108  -98  121 -108   42 -118
  59  -84 -114 -120 -114 -114   97  108
-110  -62   14 -111   48   96  -95  -27
 105  125  -18   74  -69 -115  -79 -127
-106  -83  -14   60 -117 -118  -84  -81
 -62  125  -54  111   14  -74 -121 -126
-115   99    4   97   74   88  107  -49
 -90   63   85   95   62  116   68  -52
-117   36   97  -93  120 -101   39 -120
  64  -77 -111 -116 -115 -110   95  104
-121  -65   11 -117   49   96 -101  -28
 106  127  -22   68  -67 -112  -77  126
-105  -85  -14   59 -112 -113  -89  -81
 -58 -124  -61  116   13  -79 -125  125
-122   97    2  107   72   88  107  -50
 -94   58   81   99   62  113   61  -56
-113   43  107  -93  123 -104   40 -118
  61  -76 -117 -122 -109 -114   97  103
-111  -62   21 -109   49  103 -104  -28
 107  125  -20   71  -69 -112  -79 -128
-105  -84  -14   59 -115 -115  -87  -81
 -61 -127  -56  113   14  -77 -123 -128
-118   99    4  101   73   88  106  -49
 -92   60   84   99   61  115   65  -54
-115   40  101  -94  121 -103   40 -119
  63  -78 -113 -119 -114 -111   96  105
-117  -63   14 -114   49   96 -100  -28
 107  124  -21   70  -71 -111  -80 -128
-106  -89  -14   61 -112 -114  -85  -81
 -60 -122  -56  113   15  -79 -122  126
-121   97    2  102   71   90  107  -49
 -92   62   83  102   60  113   64  -57
-113   40  104  -95  121 -104   41 -117
  62  -81 -113 -118 -114 -112   97  107
-115  -64   15 -113   49   97  -97  -29
 107  126  -23   69  -71 -111  -80 -128
-109  -89  -13   61 -112 -113  -86  -80
 -60 -120  -56  115   14  -79 -122  125
-123   97    3  104   70   90  105  -50
 -93   61   82  102   59  111   63  -58
-112   41  106  -96  122 -106   42 -117
  61  -82 -114 -119 -114 -113   97  107
-112  -63   15 -112   49   97  -97  -28
 106  127  -23   68  -68 -113  -77  126
-107  -85  -14   59 -113 -113  -88  -80
 -59 -124  -59  117   13  -78 -124  125
-120   98    3  106   72   89  106  -50
 -94   60   81   99   62  113   61  -57
-113   42  107  -94  122 -105   40 -120
  60  -78 -116 -121 -111 -114   97  103
-112  -63   18 -110   49  101 -103  -27
  95 -120  -46   64  -48 -116  -56   97
 -92  -81  -23   56  -99 -106 -100  -80
 -37  122 -113  118   20  -85  110  102
 121   73  -22 -116   70   93  118  -56
 -96   53   82   68   96  115   40  -63
-114   61 -115  -72 -122 -100   35 -116
  60  -42  106  119  -79  116  115   91
 -84  -62   83  -73   61 -100   96  -43
  97 -119  -51   59  -53 -115  -59   99
-108  -88  -20   58  -97 -100 -102  -75
 -37 -118 -103  124   15  -90  114  100
 120   76  -17 -117   67  100  111  -55
 -97   58   78   77   84  104   36  -75
-106   59 -111  -82 -119 -109   41 -115
  56  -57  110  118  -89  116  117   94
 -76  -62   73  -72   54 -108  111  -39
 101  119  -12   83  -71 -119  -81 -125
-101  -81  -17   59 -122 -123  -80  -81
 -67  115  -51  100   18  -69 -118 -122
-106  100    0   85   78   87  113  -47
 -85   69   91   88   64  121   77  -50
-122   30   83  -89  118  -95   37 -119
  70  -73 -105 -111 -122 -106   98  105
 126  -71    6 -122   51   91  -98  -30
 108  125  -21   70  -70 -111  -79 -128
-107  -87  -15   60 -114 -113  -88  -81
 -60 -123  -55  114   14  -79 -124  127
-119   99    4  102   71   90  105  -47
 -92   61   83  102   60  113   64  -57
-114   41  103  -95  119 -105   41 -118
  62  -82 -112 -118 -115 -111   97  107
-115  -61   13 -113   48   94  -97  -28
 108  125  -21   69  -70 -111  -79 -128
-105  -87  -14   60 -112 -114  -88  -82
 -60 -123  -57  114   15  -79 -123  126
-122   98    3  103   71   89  106  -49
 -93   59   83  102   60  113   64  -58
-113   43  104  -95  120 -105   41 -117
  61  -80 -114 -119 -113 -112   97  107
-113  -62   16 -111   49   97  -98  -28
 108  124  -19   71  -70 -112  -80 -127
-103  -86  -14   59 -114 -115  -87  -82
 -61 -125  -56  111   15  -77 -122 -128
-120   98    3  101   71   88  107  -48
 -91   59   84  101   61  115   66  -55
-114   42  101  -94  120 -103   40 -117
  62  -79 -112 -118 -114 -111   96  107
-116  -62   15 -114   50   95  -98  -28
 106 -128  -24   67  -65 -111  -75  124
-103  -85  -14   58 -111 -112  -91  -81
 -56 -125  -66  117   13  -80 -127  123
-124   95    1  110   72   89  108  -50
 -95   56   80   98   65  114   59  -56
-113   46  112  -91  124 -103   40 -118
  61  -73 -120 -124 -106 -115   99  101
-108  -62   27 -106   50  107 -109  -29
 106 -124  -33   63  -62 -110  -70  115
-104  -88  -17   58 -106 -105  -99  -79
 -49 -119  -78  121   12  -87  122  115
-126   89   -2  121   70   95  106  -47
 -96   56   78   97   69  108   49  -64
-111   54  126  -90  126 -105   41 -118
  57  -71 -127  127 -101 -122  107  100
 -97  -58   41  -95   49  116 -119  -33
 106 -126  -29   64  -63 -109  -71  117
-101  -87  -17   57 -107 -107  -98  -81
 -51 -121  -77  118   13  -86  122  117
-126   90   -2  119   71   94  107  -47
 -96   55   79   97   69  111   51  -62
-112   53  122  -89  125 -104   40 -118
  60  -71 -126 -128 -102 -120  106  101
-101  -59   39  -97   51  114 -117  -34
 106  127  -24   69  -66 -110  -77  125
-105  -88  -13   60 -111 -112  -88  -80
 -57 -121  -63  116   13  -81 -125  123
-125   95    1  108   71   90  106  -50
 -94   59   81   99   63  112   60  -57
-113   43  111  -94  124 -104   42 -117
  61  -78 -118 -121 -109 -114   99  103
-110  -63   24 -108   50  105 -105  -30
 106  127  -23   70  -66 -111  -76  123
-102  -87  -15   59 -111 -112  -90  -81
 -57 -125  -66  113   14  -80 -127  123
-122   94    1  107   72   90  108  -48
 -93   59   82   97   65  114   60  -56
-115   44  109  -91  122 -102   39 -118
  62  -74 -118 -122 -108 -114  101  103
-111  -62   25 -107   50  104 -107  -31
 104  126  -20   74  -66 -114  -77  125
-100  -83  -16   58 -115 -116  -86  -82
 -59  124  -63  110   14  -76 -125  127
-117   96    1  102   73   88  109  -48
 -91   60   84   93   67  117   65  -52
-118   41  102  -89  121  -99   38 -119
  64  -72 -115 -119 -110 -112   99  102
-116  -64   21 -112   51  102 -108  -31
 101  127  -25   66  -56 -113  -62  110
 -86  -74  -22   50 -110 -109 -105  -86
 -47  116  -92  112   17  -81  112  117
-118   86   -6  122   75   89  116  -45
 -95   49   84   83   82  122   50  -55
-120   58  119  -75  124  -96   31 -120
  64  -49  124  123  -92 -124  110   97
-104  -57   51  -92   56  124  120  -37
 102 -126  -28   67  -60 -111  -71  118
-107  -85  -14   58 -111 -109  -93  -78
 -52 -124  -74  120   12  -84  124  119
-123   93   -1  116   74   93  107  -51
 -98   59   78   91   68  111   52  -57
-113   44  120  -91 -126 -103   41 -121
  63  -71 -127  127 -101 -118  103   96
-108  -64   34 -100   50  116 -117  -33
 105 -128  -25   68  -67 -112  -77  125
-110  -87  -13   60 -112 -112  -87  -79
 -58 -122  -60  119   13  -80 -124  123
-122   97    2  108   72   90  105  -51
 -95   60   80   99   62  111   60  -57
-112   41  110  -95  124 -105   41 -120
  60  -79 -118 -122 -110 -114   97  102
-111  -64   19 -109   48  103 -104  -28
 105  126  -21   73  -68 -112  -78  126
-104  -86  -14   60 -113 -116  -85  -81
 -60 -127  -59  110   14  -77 -123  126
-120   95    2  101   71   89  108  -48
 -91   62   84   96   63  115   65  -55
-116   39  102  -92  121 -102   40 -117
  63  -77 -114 -117 -113 -112   98  105
-115  -64   19 -112   50  100 -102  -30
 106  126  -22   71  -67 -112  -76  125
-101  -85  -15   58 -113 -113  -90  -82
 -58 -127  -64  112   15  -78 -126  125
-120   95    1  105   72   89  108  -48
 -92   58   84   97   65  116   63  -56
-115   44  106  -91  121 -101   39 -117
  63  -74 -116 -120 -110 -113  100  104
-112  -62   23 -109   51  102 -106  -30
 107  125  -21   68  -68 -112  -77  126
-105  -85  -14   58 -113 -113  -89  -81
 -59 -125  -59  116   14  -79 -125  125
-120   98    3  106   72   88  107  -49
 -94   58   82  100   62  114   62  -56
-113   43  106  -93  122 -103   39 -119
  61  -76 -116 -122 -111 -113   97  104
-113  -62   18 -110   49  100 -102  -28
 104 -122  -38   58  -57 -110  -63  107
-102  -85  -20   54 -104  -99 -109  -79
 -42 -118  -91  126   12  -92  114  110
-126   86   -6 -124   72   99  107  -46
 -99   51   75   93   74  106   40  -69
-108   63 -119  -86 -125 -106   40 -120
  56  -64  120  117  -95  127  114   96
 -87  -57   55  -83   50  127  124  -35
 102 -118  -43   57  -53 -112  -60  102
-100  -83  -22   53 -102  -97 -113  -78
 -38 -120 -103 -127   12  -94  110  106
-128   84  -11 -116   74  100  108  -48
-101   48   72   89   80  106   36  -69
-108   69 -110  -83 -122 -103   40 -121
  55  -57  113  112  -88  123  119   90
 -81  -58   69  -76   51 -117  111  -38
 105 -121  -40   56  -56 -111  -62  105
-101  -82  -21   53 -104  -97 -113  -79
 -41 -119  -94  127   11  -92  111  109
-124   86   -5 -122   71   99  106  -44
 -98   50   75   92   74  106   39  -70
-109   66 -117  -85 -126 -105   40 -120
  54  -62  119  116  -95  127  115   95
 -85  -55   57  -81   49 -128  121  -35
 104 -125  -32   62  -58 -111  -65  110
 -97  -82  -20   54 -107 -104 -106  -81
 -45 -126  -87  119   13  -87  115  114
-123   87   -4  124   72   94  109  -44
 -96   51   79   91   74  112   46  -63
-113   59  127  -84  126 -102   37 -119
  58  -62  125  123  -97 -124  111   98
 -95  -56   48  -90   51  121 -128  -35
 105 -125  -31   63  -59 -111  -67  113
 -97  -83  -19   55 -107 -106 -102  -81
 -48 -126  -85  120   14  -86  118  115
-124   89   -4  124   72   93  109  -47
 -97   51   78   93   74  113   48  -61
-113   58  126  -85  126 -102   38 -119
  59  -63  126  124  -97 -123  108   97
 -98  -58   46  -92   52  121 -127  -34
  96 -112  -51   60  -46 -115  -54   95
 -96  -82  -24   54  -98 -100 -110  -77
 -34 -126 -120  125   15  -92  109  101
 120   77  -23 -109   76  100  114  -58
-101   49   73   75   93  108   35  -66
-109   71 -101  -75 -116 -102   40 -121
  57  -46  102  110  -77  115  122   83
 -75  -62   92  -68   57  -95   90  -43
  96 -114  -56   58  -45 -116  -49   89
 -98  -78  -26   52  -98  -95 -120  -78
 -30 -126 -123  125   16  -93  103   98
 125   75  -22 -107   73  103  113  -53
 -98   49   77   70   94  107   30  -74
-108   73 -100  -73 -116 -105   40 -118
  57  -44   99  107  -78  110  126   85
 -68  -58   94  -60   56  -93   88  -44
 101 -123  -46   57  -55 -114  -60  101
-100  -81  -23   53 -101 -101 -112  -81
 -40 -124 -102  121   17  -89  107  105
 126   79  -13 -119   67   97  111  -49
 -96   52   83   81   81  109   40  -76
-108   66 -118  -80 -125 -107   39 -115
  56  -56  114  118  -92  121  117  100
 -78  -55   69  -74   56 -117  116  -39
  99 -126  -27   76  -57 -113  -67  112
 -91  -83  -21   59 -108 -115  -89  -83
 -50  119  -84  100   17  -75  121  117
-124   79   -7  110   67   91  116  -45
 -86   61   90   76   82  121   59  -54
-123   44  111  -77  121  -97   34 -114
  65  -57 -126 -118  -99 -122  107  102
-108  -60   48  -98   56  120  127  -40
 105 -127  -24   71  -63 -110  -74  121
-102  -86  -16   59 -112 -112  -91  -81
 -55 -126  -69  112   12  -80  127  123
-122   92    0  108   71   92  108  -47
 -92   59   82   94   67  114   59  -56
-116   44  112  -90  123 -101   40 -118
  63  -73 -120 -122 -107 -115  102  101
-111  -61   30 -106   50  107 -112  -33
 105  125  -16   76  -66 -112  -76  126
 -96  -80  -15   55 -117 -116  -91  -83
 -60  122  -63  105   13  -76 -127 -126
-114   97    2   98   76   88  111  -46
 -91   57   86   93   65  120   67  -51
-119   42  100  -88  122  -97   39 -118
  67  -70 -114 -120 -111 -109  101  102
-119  -63   22 -112   51  100 -107  -32
 108  125  -20   71  -67 -110  -76  124
 -98  -84  -17   57 -113 -112  -94  -83
 -58 -127  -64  109   15  -80  127  126
-117   95    2  104   72   90  108  -44
 -91   57   85   99   64  116   62  -56
-116   46  105  -90  120 -101   39 -117
  64  -74 -115 -121 -111 -112  102  106
-113  -59   22 -109   50   98 -105  -32
 104 -127  -23   69  -59 -112  -67  115
 -92  -76  -19   52 -113 -110 -102  -84
 -51  121  -80  110   13  -80  117  122
-115   91   -1  112   74   90  111  -44
 -93   53   84   86   73  119   55  -56
-119   52  113  -82  124  -97   35 -119
  64  -60 -124 -128 -101 -117  108   98
-107  -58   39  -99   53  114 -124  -35
 100 -124  -25   72  -52 -114  -62  109
 -84  -74  -21   51 -111 -112 -101  -85
 -48  113  -95  107   15  -79  114  119
-119   85   -8  118   76   88  117  -47
 -93   51   84   77   84  123   53  -50
-122   55  119  -74  126  -92   32 -119
  65  -48  125  126  -91 -122  110   92
-105  -60   56  -94   57 -127  115  -39
 103 -127  -25   66  -58 -113  -66  114
 -96  -76  -18   52 -112 -108 -103  -83
 -50  122  -81  115   13  -82  117  121
-116   93   -2  116   75   90  111  -47
 -95   52   82   87   73  117   52  -57
-116   53  117  -83  126  -98   35 -120
  63  -59 -127  124  -99 -119  108   96
-104  -60   40  -97   52  117 -125  -33
  99 -115  -46   62  -50 -112  -59  102
-100  -84  -21   56 -102 -102 -105  -78
 -39 -123 -108  125   14  -92  113  105
 123   82  -16 -116   75   99  111  -56
-102   52   73   82   86  108   39  -63
-110   64 -108  -81 -120 -103   41 -122
  59  -55  109  114  -82  121  116   86
 -84  -63   76  -77   55 -108  103  -41
  92 -110  -57   62  -45 -116  -52   93
-101  -84  -23   58  -95 -101 -106  -75
 -33 -123 -122  123   16  -90  111   97
 114   71  -27 -107   73  102  115  -62
 -99   53   75   68   96  106   34  -69
-107   67  -98  -74 -113 -106   42 -118
  58  -47   99  111  -75  109  122   84
 -70  -63   99  -63   58  -87   87  -44
  98 -116  -53   54  -47 -116  -52   92
 -98  -76  -27   48 -100  -96 -124  -81
 -33 -126 -124 -127   15  -97   99  100
-128   80  -21 -105   76  101  113  -53
-103   45   76   76   90  108   29  -76
-106   79 -100  -76 -117 -103   39 -121
  56  -45  102  103  -79  114 -128   86
 -69  -58   91  -61   58  -97   92  -43
  98 -118  -46   55  -49 -115  -55   98
 -96  -79  -22   50 -100  -98 -116  -79
 -35 -125 -116 -127   13  -94  106  102
 124   80  -18 -109   75   98  113  -52
-103   45   73   80   87  108   33  -70
-107   73 -104  -77 -117 -101   38 -121
  55  -47  105  108  -81  118  122   87
 -76  -59   83  -67   55 -103   99  -40
 104 -121  -40   58  -54 -112  -60  104
 -97  -80  -22   51 -105  -99 -114  -80
 -40 -124  -99  124   12  -91  110  110
-123   86   -7 -122   72   97  108  -45
 -97   48   77   88   78  109   40  -69
-110   68 -118  -82 -126 -102   38 -120
  55  -57  117  115  -93  126  117   93
 -83  -55   62  -79   51 -124  116  -36
 102 -122  -34   61  -54 -116  -61  106
 -99  -76  -21   53 -109 -104 -105  -80
 -44  123  -89  124   13  -83  114  114
-118   89   -3  127   73   92  108  -47
 -95   53   79   82   79  113   44  -60
-115   56  126  -81  127 -101   34 -123
  57  -55  121  121  -94 -127  108   92
 -96  -57   48  -89   51  127  118  -32
  98  121   -8   79  -64 -121  -74 -127
 -97  -70  -12   54 -122 -123  -84  -82
 -64  107  -57  104   13  -65 -122 -122
-110  100    1   91   81   80  116  -53
 -90   60   88   80   66  125   72  -44
-120   33   86  -83  127  -93   34 -121
  71  -61 -113 -119 -111 -109   95   97
-128  -69   15 -116   52  104 -110  -27
 104 -127  -25   71  -63 -112  -73  119
-103  -85  -18   59 -113 -112  -90  -80
 -55 -128  -68  113   14  -79  126  122
-117   93    1  108   72   92  107  -46
 -91   62   83   92   69  114   59  -56
-118   42  110  -89  121 -102   38 -120
  62  -72 -119 -121 -108 -115  102  101
-113  -62   26 -107   49  106 -113  -32
 104  127  -22   69  -63 -112  -72  121
-101  -82  -16   57 -112 -112  -93  -81
 -55  126  -69  113   13  -78  126  123
-119   93    1  109   72   90  109  -47
 -93   58   83   92   68  116   58  -55
-116   44  109  -87  123 -101   37 -119
  62  -69 -120 -123 -105 -116  101  101
-111  -61   27 -105   50  107 -113  -31
  97 -127  -19   80  -55 -116  -65  114
 -87  -74  -19   54 -115 -117  -93  -84
 -53  109  -83   99   15  -73  121  124
-115   86   -6  105   77   88  118  -47
 -89   58   88   73   81  125   61  -46
-125   43  105  -75  125  -91   33 -118
  70  -51 -124 -123  -99 -117  107   94
-116  -63   44 -102   56  120  124  -39
 100 -116  -40   61  -49 -114  -55   99
 -98  -75  -23   51 -107  -99 -114  -79
 -38  126 -104  126   11  -90  107  110
-119   86   -8 -120   77   99  109  -48
 -99   49   74   80   84  111   36  -62
-114   65 -115  -78 -124 -100   36 -126
  58  -50  112  112  -86  124  117   83
 -88  -57   66  -79   51 -117  103  -38
  91 -109  -60   63  -43 -117  -49   89
 -99  -82  -26   56  -96 -101 -109  -77
 -31 -127  125  123   19  -92  106   96
 116   72  -31 -103   76  103  117  -65
-101   52   75   64  102  109   32  -68
-109   71  -94  -71 -112 -104   41 -120
  60  -41   94  107  -69  107  126   79
 -69  -65  107  -61   61  -80   77  -47
  94 -115  -59   59  -48 -116  -52   92
-102  -83  -25   55  -96  -98 -114  -78
 -33 -123 -123  124   20  -93  106   98
 119   74  -28 -106   73  102  115  -61
-100   52   78   70   94  107   32  -77
-105   72  -99  -75 -114 -108   42 -116
  59  -47   98  108  -77  109  126   87
 -67  -63   97  -60   60  -89   92  -45
  97 -116  -54   54  -46 -116  -50   90
 -98  -75  -27   48 -100  -95 -125  -80
 -31 -126 -125 -128   16  -96   98  100
-127   79  -21 -105   76  103  113  -53
-102   46   76   74   92  108   29  -76
-107   79  -99  -74 -116 -103   38 -121
  57  -44  100  103  -79  113 -127   86
 -68  -58   92  -60   58  -96   90  -43
  99 -116  -50   54  -47 -116  -52   92
 -95  -75  -27   47 -101  -95 -125  -80
 -32 -127 -122 -128   13  -96  100  102
-125   81  -18 -107   76  101  112  -49
-101   44   74   77   90  108   30  -74
-108   79 -102  -75 -119 -101   37 -122
  54  -44  104  104  -81  116 -128   85
 -70  -57   88  -63   56 -101   92  -41
 100 -117  -47   54  -51 -114  -56   97
 -99  -79  -24   50 -101  -96 -119  -79
 -35 -122 -112 -126   12  -95  105  103
-128   82  -14 -110   75  101  110  -49
-102   46   73   84   84  106   32  -73
-107   75 -105  -80 -119 -103   39 -122
  54  -51  108  107  -85  119  123   88
 -75  -57   78  -68   53 -109  102  -39
 106 -127  -29   61  -62 -110  -68  115
-100  -83  -18   54 -108 -104 -105  -81
 -48 -122  -79  121   12  -87  118  117
-122   91   -1  121   72   94  107  -44
 -97   52   78   97   68  111   48  -64
-111   57  124  -88  126 -104   39 -119
  58  -67 -127  123 -101 -121  108  100
 -98  -57   39  -93   49  114 -119  -32
 105  127  -23   69  -64 -111  -72  120
 -99  -83  -17   56 -112 -110  -97  -82
 -54 -128  -71  112   13  -82  123  123
-117   93    1  110   73   92  109  -45
 -93   56   82   95   67  115   57  -57
-116   48  112  -88  123 -100   38 -119
  63  -70 -120 -125 -106 -115  105  101
-110  -59   29 -104   50  106 -113  -33
 102  122  -11   80  -67 -120  -77 -126
 -98  -74  -15   55 -123 -122  -85  -82
 -65  112  -56  105   15  -68 -120 -121
-107  103    2   91   81   83  112  -50
 -89   61   87   87   65  123   74  -45
-121   35   87  -87  122  -93   36 -122
  69  -67 -110 -118 -115 -106   96   98
-128  -69   11 -120   51   97 -107  -28
 103  125  -19   72  -67 -116  -76  126
-106  -81  -15   58 -117 -116  -86  -80
 -60  124  -58  114   14  -75 -125 -128
-113   99    3  101   76   88  108  -49
 -92   63   83   92   64  116   64  -53
-117   38  100  -91  122 -101   38 -122
  64  -73 -114 -120 -112 -111   97  101
-119  -65   14 -114   49  100 -106  -28
 100  122   -8   85  -63 -120  -74  127
 -87  -70  -17   52 -124 -123  -89  -85
 -64  104  -66   97   15  -67 -124 -120
-105   99   -3   90   83   82  118  -48
 -87   57   90   80   71 -127   75  -41
-125   39   87  -79  124  -87   35 -120
  74  -57 -113 -119 -111 -107  101   95
 127  -69   24 -116   54  104 -117  -33
  91 -111  -55   63  -42 -116  -47   89
 -93  -78  -29   53  -98 -102 -114  -80
 -30  123  122  121   20  -91  103   99
 121   74  -30 -103   80  102  119  -63
-103   49   75   66  104  113   32  -63
-112   75  -95  -67 -115 -101   38 -123
  62  -36   95  105  -66  109  127   78
 -75  -63  105  -63   62  -83   74  -47
  90 -111  -59   63  -45 -117  -50   91
-102  -85  -24   58  -94 -102 -105  -76
 -31 -125 -125  120   19  -88  109   96
 113   68  -30 -107   72  103  117  -64
 -98   56   77   64   99  107   33  -71
-107   65  -98  -71 -113 -108   40 -117
  59  -44   97  112  -73  106  123   85
 -69  -64  101  -61   60  -84   85  -45
  90 -113  -61   60  -44 -118  -48   88
 -97  -78  -29   53  -95 -101 -116  -81
 -31  127  120  121   22  -92  101   96
 117   72  -34 -101   76  102  120  -66
-101   50   79   62  102  110   31  -74
-107   77  -95  -68 -112 -105   39 -118
  60  -38   93  105  -70  106 -126   84
 -64  -64  111  -56   65  -78   78  -48
  98 -117  -54   55  -48 -114  -52   92
-101  -79  -25   51  -99  -93 -122  -78
 -32 -122 -117  127   15  -96  102  100
 127   78  -18 -108   73  103  110  -51
-100   49   77   76   87  105   30  -78
-106   74 -102  -77 -117 -106   41 -118
  57  -50  103  107  -83  114  126   89
 -69  -57   86  -62   55 -101   98  -42
  98 -115  -50   55  -47 -115  -51   92
 -96  -75  -26   48 -101  -95 -124  -80
 -32 -127 -122 -128   13  -95  100  101
-126   80  -18 -106   76  102  113  -50
-102   45   74   77   90  108   30  -73
-108   78 -101  -74 -118 -101   37 -123
  55  -43  103  104  -79  115  127   85
 -72  -57   88  -63   56 -100   91  -41
  99 -117  -49   55  -48 -114  -53   94
 -97  -78  -25   49 -101  -95 -121  -79
 -33 -125 -118 -128   13  -96  102  102
-126   80  -17 -109   75  101  111  -49
-101   46   74   79   87  108   31  -73
-108   75 -104  -77 -118 -102   38 -121
  56  -47  105  106  -82  117  126   87
 -73  -58   83  -66   55 -104   97  -41
 100 -116  -48   55  -48 -115  -53   95
 -96  -76  -25   48 -102  -95 -123  -79
 -33 -125 -117 -127   12  -95  103  103
-125   81  -15 -109   76  101  111  -48
-101   44   73   81   87  107   31  -72
-108   77 -103  -77 -119 -102   38 -123
  54  -46  106  105  -83  117  125   86
 -74  -56   82  -66   53 -105   96  -40
 106 -126  -31   62  -63 -109  -70  115
-101  -86  -18   55 -107 -104 -104  -81
 -49 -120  -79  119   13  -88  119  117
-123   90   -2  121   71   96  107  -45
 -97   53   79   98   67  109   48  -66
-110   57  125  -89  126 -104   40 -118
  59  -70 -126  124 -102 -121  110  101
 -97  -57   40  -94   50  114 -117  -33
 106  125  -20   71  -62 -112  -71  120
 -89  -78  -19   53 -114 -113  -98  -86
 -55  120  -74  108   15  -77  123  125
-116   93    0  107   73   87  112  -43
 -91   52   86   92   71  121   62  -52
-120   51  106  -83  120  -96   36 -118
  64  -62 -120 -123 -105 -115  103  102
-112  -58   32 -104   53  107 -118  -33
 105  127  -22   70  -67 -111  -76  124
-104  -86  -15   58 -113 -112  -91  -81
 -57 -124  -64  112   13  -81 -127  125
-119   95    1  105   73   92  107  -47
 -93   60   82   97   63  113   60  -58
-114   43  108  -92  123 -103   40 -118
  63  -76 -116 -122 -110 -113  102  103
-112  -62   23 -108   49  102 -105  -31
 104  122  -15   75  -70 -115  -80 -125
-106  -83  -13   58 -118 -118  -84  -81
 -64  125  -51  109   14  -74 -121 -125
-113  101    4   94   75   87  108  -49
 -91   63   86   95   60  117   68  -53
-116   34   94  -93  121 -101   39 -119
  66  -78 -110 -117 -117 -108   96  105
-123  -66    7 -118   49   93  -96  -27
 103  121  -10   82  -70 -116  -80 -123
-100  -79  -14   57 -122 -121  -84  -82
 -67  118  -52  102   15  -71 -119 -120
-108  103    2   87   80   86  112  -48
 -89   63   87   92   61  121   75  -48
-120   34   87  -90  122  -95   39 -120
  71  -74 -107 -116 -119 -104   98  102
 127  -69    8 -121   50   92  -98  -29
  94 -113  -57   57  -44 -117  -47   89
 -99  -76  -28   51  -98  -97 -121  -79
 -30 -128  127  125   17  -93  100   98
 123   75  -26 -103   76  103  115  -58
-101   48   77   68   96  108   29  -74
-107   77  -97  -71 -114 -105   39 -121
  58  -41   96  104  -74  108 -128   84
 -67  -59  100  -58   59  -88   84  -44
  96 -116  -55   56  -48 -115  -52   93
-101  -80  -25   52  -98  -96 -119  -78
 -33 -123 -120  126   16  -94  103  100
 123   77  -22 -107   73  102  113  -55
-101   49   77   74   89  105   31  -77
-105   74 -101  -76 -115 -106   41 -119
  57  -49  102  107  -81  113  125   88
 -68  -59   90  -62   57  -96   95  -43
  96 -115  -57   56  -46 -116  -49   89
 -98  -77  -29   49  -99  -95 -125  -81
 -31 -126  127  127   18  -98   98   99
 127   78  -25 -102   78  104  114  -56
-103   46   76   73   95  108   28  -76
-106   81  -96  -74 -115 -104   40 -121
  58  -43   97  101  -76  111 -125   84
 -67  -60   98  -58   59  -91   87  -45
  98 -114  -53   54  -46 -116  -51   91
 -98  -76  -26   48 -100  -94 -124  -79
 -31 -125 -123 -127   13  -96  100  100
-128   79  -19 -105   76  103  112  -51
-102   45   74   76   90  106   29  -75
-107   79  -99  -75 -116 -103   39 -122
  54  -45  102  103  -80  114 -128   85
 -68  -58   91  -61   55  -97   91  -42
  98 -116  -50   54  -47 -115  -52   93
 -97  -77  -25   48 -100  -94 -124  -79
 -32 -124 -122 -125   13  -97  102  100
 127   80  -19 -105   77  102  112  -51
-103   44   72   78   89  106   29  -74
-106   78  -99  -76 -115 -102   39 -122
  55  -45  102  103  -80  115  127   85
 -70  -58   89  -62   55  -99   93  -41
  98 -115  -50   55  -48 -115  -53   95
 -99  -78  -24   50 -100  -96 -119  -78
 -33 -123 -117 -128   12  -94  104  101
 126   79  -17 -109   74  102  111  -51
-101   47   74   79   87  105   31  -74
-107   75 -102  -77 -118 -104   39 -121
  54  -49  105  107  -82  116  125   87
 -72  -57   84  -65   54 -103   97  -40
 100 -117  -47   54  -50 -114  -55   97
 -98  -79  -24   49 -101  -95 -120  -79
 -35 -122 -115 -126   12  -96  105  103
-128   82  -16 -109   76  101  111  -50
-103   45   72   83   85  106   32  -73
-106   76 -104  -79 -118 -103   39 -122
  54  -50  106  106  -83  118  124   87
 -74  -58   80  -67   54 -106  101  -39
 107 -125  -34   57  -62 -110  -68  113
-105  -84  -18   54 -106 -101 -107  -80
 -46 -118  -80  126   11  -90  117  114
-124   91   -1  126   71   96  105  -45
 -99   52   76   98   67  107   44  -69
-108   59 -127  -90 -128 -107   41 -119
  56  -70  126  121 -101 -124  109  100
 -92  -56   42  -89   48  117 -120  -32
 105  127  -24   66  -64 -112  -72  120
-103  -83  -16   56 -111 -109  -95  -81
 -54 -126  -69  118   13  -82  124  121
-119   94    1  112   73   91  108  -47
 -96   57   80   96   66  113   54  -58
-114   47  113  -90  124 -103   38 -120
  61  -71 -122 -126 -105 -117  102  101
-109  -60   26 -103   49  107 -111  -30
 107  123  -17   71  -68 -111  -76  126
 -96  -83  -16   56 -114 -113  -94  -85
 -59  126  -62  108   15  -78 -128 -128
-118   96    2  102   72   88  110  -45
 -91   55   86   99   63  118   64  -56
-116   46  102  -89  120 -100   38 -116
  64  -73 -114 -121 -111 -112  101  107
-114  -60   21 -109   51   98 -103  -31
 104  124  -13   76  -68 -117  -77 -127
-102  -77  -15   56 -120 -119  -87  -82
 -64  119  -55  108   13  -71 -122 -123
-110  102    4   94   77   86  110  -49
 -90   61   86   92   63  120   70  -48
-119   37   92  -89  121  -98   37 -122
  66  -72 -111 -118 -115 -108   96  101
-124  -66   10 -118   49   95 -104  -27
 101  123  -15   81  -69 -116  -81 -125
-102  -84  -13   60 -118 -122  -77  -80
 -65  121  -55  103   15  -71 -117 -125
-115   98   -1   91   75   87  112  -51
 -88   65   86   90   64  119   73  -49
-119   32   92  -91  122  -96   39 -118
  68  -74 -109 -113 -116 -108   97  103
-125  -71   13 -119   51   98 -101  -30
  96 -114  -55   55  -45 -116  -48   89
 -97  -75  -28   49  -99  -95 -125  -80
 -30 -127 -128 -128   16  -96   99   99
 127   77  -24 -103   77  103  114  -55
-102   46   75   72   94  108   28  -75
-107   79  -97  -72 -115 -104   39 -121
  57  -42   98  102  -75  110 -127   84
 -68  -58   97  -58   58  -92   85  -44
  94 -111  -60   57  -42 -117  -46   85
 -96  -75  -30   49  -98  -95 -126  -80
 -28  127  119  127   17  -97   96   97
 126   75  -28  -99   78  104  115  -57
-102   46   75   67  100  108   27  -75
-108   82  -92  -70 -113 -102   40 -122
  58  -38   93  100  -72  108 -124   80
 -64  -60  108  -55   60  -83   76  -48
  95 -114  -56   55  -45 -117  -50   90
 -96  -75  -28   48  -99  -97 -123  -81
 -31 -128  125  127   16  -96   99   99
 125   77  -26 -102   77  102  116  -57
-103   45   75   71   96  109   29  -74
-107   81  -96  -72 -114 -102   39 -121
  57  -40   97  101  -74  111 -126   83
 -67  -60  101  -58   60  -88   83  -45
  96 -115  -54   55  -46 -116  -51   91
 -96  -77  -26   49  -99  -96 -122  -79
 -32 -126 -126  127   15  -95  101   99
 125   77  -23 -104   76  102  114  -55
-102   46   75   73   93  108   30  -75
-107   78  -98  -74 -115 -103   39 -120
  56  -43  100  104  -77  113 -128   85
 -68  -59   96  -60   58  -93   88  -44
  98 -116  -52   53  -48 -116  -53   94
 -98  -77  -25   49  -99  -95 -122  -79
 -33 -124 -121 -127   14  -96  102  100
 126   79  -20 -106   75  101  112  -53
-103   45   74   77   88  106   30  -76
-105   78 -100  -77 -115 -103   40 -120
  55  -46  102  104  -80  115  126   87
 -69  -59   89  -62   56  -98   95  -41
  99 -118  -49   54  -49 -115  -55   95
 -98  -78  -25   48 -101  -95 -122  -80
 -34 -124 -117 -126   13  -97  103  102
-127   82  -17 -108   76  101  111  -51
-103   45   74   81   86  107   31  -75
-106   77 -103  -79 -118 -103   39 -121
  55  -48  105  105  -83  117  126   88
 -72  -58   83  -65   55 -104   99  -40
  99 -116  -49   55  -49 -114  -54   96
 -99  -80  -23   51 -100  -95 -118  -77
 -34 -122 -114 -126   12  -95  106  101
 126   80  -16 -109   74  102  110  -50
-101   47   72   81   85  105   31  -73
-106   73 -103  -79 -118 -104   40 -121
  54  -50  106  107  -83  117  124   87
 -73  -58   82  -66   52 -105  100  -40
 104 -124  -36   59  -59 -110  -65  109
-101  -84  -19   54 -105 -101 -108  -80
 -44 -120  -89  122   13  -91  114  112
-125   87   -5 -128   71   97  108  -45
 -98   52   78   93   72  108   43  -69
-109   61 -124  -87 -127 -104   40 -118
  58  -64  123  119  -97 -126  114   98
 -90  -57   51  -85   51  124 -127  -36
 105 -124  -30   64  -59 -110  -68  113
 -99  -84  -18   56 -108 -106 -100  -81
 -49 -125  -82  120   13  -86  119  116
-124   89   -2  121   72   93  108  -46
 -96   54   79   93   72  112   49  -60
-114   54  125  -87  126 -102   39 -119
  60  -66  127  125  -98 -121  107   98
-100  -58   43  -95   51  118 -124  -35
 104 -123  -37   58  -60 -110  -67  111
-103  -87  -18   55 -103 -101 -105  -78
 -44 -116  -89  127   12  -92  118  110
 126   87   -8 -124   72   97  108  -49
-101   51   73   96   72  105   42  -69
-106   62 -119  -89 -123 -106   42 -119
  56  -66  121  118  -95 -127  113   97
 -88  -60   54  -84   50 -128 -127  -35
 106  124  -20   72  -70 -111  -81 -127
-107  -88  -14   61 -114 -115  -84  -81
 -61 -123  -55  112   14  -78 -122  127
-120   98    3  100   72   90  107  -49
 -92   62   83  100   60  114   66  -56
-114   39  102  -95  121 -104   41 -117
  63  -81 -112 -117 -115 -110   97  106
-117  -64   13 -114   49   96  -96  -29
 102  123  -13   78  -66 -120  -75  127
 -99  -74  -17   56 -121 -120  -85  -82
 -63  112  -57  107   15  -68 -123 -123
-108  100    3   94   79   84  112  -49
 -88   62   88   86   68  122   71  -46
-122   36   90  -86  120  -96   35 -123
  67  -66 -112 -117 -113 -109   95   99
-126  -67   12 -118   50   98 -110  -28
