Shape: torch.Size([1, 144, 64])
Range: [-127, 110]
Mean: -0.9206

量化值陣列:
   4    8  -53   -9    0    4  -40  -15
   8    7  -43   23   13  -18   -8  -10
  -1  -35  -19  -18   42   -8  -13   41
  -9   20  -28    0   10   20   81  -32
 -40   12   26  -21   91    8    4  -26
 -12   -1  -31   18    1  -36   18   13
  19  -10   15   -8   13  -24   16  -16
  -1  -17   16   -3   35   56  -65  -53
  12   13  -57  -16    6   12  -37  -16
  11   -1  -43   33   18  -24   -8  -15
  -3  -31  -24  -26   50   -4  -10   42
  -8    5  -44    9    0   14   83  -40
 -27   12    2  -17   84   19    6  -26
  -9    7  -42   22    3  -31   23   14
  21   -5    0  -13   15  -24   14    1
   0  -18    3    7   34   59  -57  -53
   6   11  -50    0   11    0  -46  -18
  23   -2  -47   14   -3  -24  -13  -31
  -5  -32  -22  -19   45   -4   -4   47
   0   10  -42    6    3    1   82  -31
 -25   15   13  -28   93    4   -6  -21
 -11   21  -36   16   -6  -26   26   11
  17    3    7  -21   18  -19   12   -5
   0   -5    5   15   37   49  -59  -53
  17    7  -54  -12    8    0  -36  -13
  14    0  -54   32    5  -20  -18  -20
  -4  -33  -26  -17   45   -8   -6   30
  -3   14  -41    6    0   21   82  -43
 -35   15    7  -24   93    8    5  -17
 -18   15  -20   15    4  -28   19   15
  25  -10    1  -32    0  -12   17    3
  -2   -8   13   10   36   54  -62  -43
   4    0  -58   -4    0   -5  -43  -18
  16    2  -47    6    4  -21  -17  -12
   7  -39  -21  -16   36    2  -14   48
   0    7  -50    0    6    6   85  -27
 -28   19   16  -33   86   15    8  -25
 -19   12  -22   19    6  -29   14   16
  20   -5   12  -10   16  -16   14   -3
  -5  -13   17   17   20   60  -63  -50
   6   -4  -64  -13   10   -1  -39  -17
  15   -4  -40   20   20  -20   -2   -4
   0  -30  -23  -19   36   -4  -11   26
  -6    7  -33   -5    0    1   84  -30
 -29   17    9  -26   92   14    4  -17
 -11   11  -41   26    3  -27   20   19
  19   -7   -3  -14   10  -11   15    5
  -9  -10   17   14   23   64  -63  -56
  -9    1  -64   -3    9    3  -40   -8
  17   -2  -42   18    8  -24    5  -14
   0  -33  -21   -7   42   -7  -20   36
 -17    3  -38    4    5    0   85  -32
 -20   14   12  -20   93   14   -1  -22
 -14    9  -20   13    3  -24   18   18
  18   -2   -4   -6    5  -19   18    4
  -1  -13   11   10   23   57  -66  -56
  10   -2  -63   -7    8    7  -37   -8
  17    3  -44    8    2  -16   -4  -14
  -3  -39  -29   -8   42  -13  -11   35
 -15    6  -30    0    7    5   86  -25
 -28   18    2  -25   95   10   -1  -19
  -7    9  -32   17   -5  -18   17    5
  17   -6    0  -19    7  -14   29    8
  -5  -18   19   14   24   60  -61  -43
   1   -3  -61   -2    6    9  -37  -21
  12    0  -36    7   14  -15   -8  -11
  -1  -38  -25   -8   36  -11  -13   34
  -4   -1  -34    2    3    6   87  -25
 -32   17    3  -28   96   12   -1  -14
 -18   14  -23   23    2   -7   15   12
  13   -3  -18  -17   15   -4   16   -2
 -13  -10   22    3   23   60  -67  -48
   0   -2  -63  -14    8   -4  -32  -12
  17    5  -50   11   12  -20   -6   -5
   7  -28  -26  -15   36   -1  -16   21
  -7   10  -30    3   13   -8   83  -25
 -25    4    9  -36   97    7   -8  -14
 -19    7  -12   13    9  -25    8   18
  18   -7  -10  -25   16  -20   16    1
   5   -3   26   13   31   68  -70  -52
   6    0  -62   -7   15   -1  -31  -15
  25    1  -41   15    7  -34    0   -1
   1  -37  -20  -16   40    0  -12   35
  -9    2  -25    3   -4   -6   85  -26
 -13   16   -4  -36   94   13   -1  -27
 -19   -2  -15   17   -8  -10   16   16
  13   -2  -17  -11   15  -10   21    9
 -11  -16   17    2   28   60  -71  -52
   9   -1  -59   -6    5    8  -28  -13
  27   -4  -39   12   12   -9    1   -1
   0  -36  -24   -6   34   -1  -14   24
  -8  -11  -35    2   11   -4   86  -29
 -25    5    4  -44   97   13    0  -12
 -21    4  -18   17   -3  -14    1    1
  17    0  -14  -23   24  -22   14   -7
   0    1   26   17   22   64  -70  -52
  -2   -7  -51    4   25   -3  -20  -16
  24    2  -43   14    6  -23  -10    2
   7  -46  -33  -12   42  -14   -8   20
 -19   -1  -27   -8   -1   -8   89  -21
 -13   19   -5  -15   96    8  -20   -5
 -13    9  -13   16   -4  -12    1   21
   9   -2  -22  -15   28  -16    1    3
 -14  -10   23    1   27   64  -69  -42
  -4    0  -55   -9   18   -5  -41  -10
  21   -1  -54   23   16  -12   -7  -10
   4  -32  -23   -4   39   -3  -13   29
 -10   -5  -26   -2    3   -3   84  -25
 -28   19   -5  -30  100    1  -19  -15
 -16    5  -14   23   -5   -6   15    8
  13    5  -11  -23   11  -11   17    0
  -1   -4   23    9   29   56  -70  -54
  13   -8  -58   -4   10   -2  -19  -14
  23    0  -42    6    8  -12   -4   -4
  12  -34  -32  -19   36   -8  -15   25
 -19    8  -30    4    3    1   86  -27
 -19   17  -10  -24  103    2  -15  -17
 -19    0  -12   17    1  -32   14   12
   4   -2  -14  -18   27  -17   12   -5
  -9   -1   15   14   26   68  -64  -41
   3    0  -57   -7   14  -13  -31  -20
  19   -4  -41    8   14  -13    6    1
   1  -39  -26  -20   37  -10  -18   31
  -1    4  -38    1   -1   -6   88  -23
 -20   10   -3  -35   98    1   -9  -16
 -12    7  -10   18    3   -7   10    8
  11    1  -12  -24   28  -16   10    5
  -2    1   22    7   25   63  -69  -50
  -2    6  -58   -5   15    0  -32  -16
  23   -7  -40   21   16   -8   -7  -10
   4  -42  -27  -12   35   -3  -13   24
 -12    2  -21    0    0  -12   86  -26
 -12   10   -3  -31  102   16  -17   -3
 -29    0   -9   10    3  -17   10   16
   7    2  -25  -20   26  -25   19   -6
 -18  -11   30    1   22   59  -69  -34
   2  -10  -57  -12   26   -5  -25  -25
  28   -1  -39   13    0  -16    3   -4
   5  -43  -25   -9   35   -2  -25   16
 -14    1  -28    0   -3  -10   86  -22
 -20    5    1  -38   97    5    0  -15
 -17   11   -7   26    2   -6    7   10
  15   16  -16  -15   18  -17   18   -1
 -13    3   25   13   22   67  -71  -53
  -8    0  -62  -10   13    5  -26  -19
  20    0  -38    7   -1  -14    3   -6
   7  -37  -34   -3   31   -8  -21   22
  -6   -2  -28   -3   -9  -12   89  -22
 -14    8   -6  -39  100   13    1   -6
 -19   -1   -6   17   -4  -11    7    9
   0   11  -17  -13   20   -7   15    4
 -16   -5   33    8   24   68  -64  -43
  -8   -4  -63   -8   19  -10  -26  -22
  30  -12  -27   16    6  -18   -4    3
   9  -38  -28   -7   32   -5  -15   21
 -15   -1  -25    1   -6   -7   89  -22
 -14   11   -2  -31   98    4   -2  -11
 -16  -13   -4   17    2   -5    3   16
  -2    7  -27  -20   19  -11   17    0
 -13    0   29    2   30   64  -63  -53
  -6    0  -60   -8   13   -1  -18  -16
  27    1  -34   14    2  -27    7    2
   0  -39  -27   -8   33    1  -25   16
 -17    2  -26   -7   -1   -2   86  -21
  -7    3   -7  -40  104    9   -6  -17
 -20    0   -9   22   -6  -12    5    9
   8    5  -22  -11   18  -15   25    0
 -23   -1   28   19   22   66  -67  -44
  -3   -5  -59  -14   17    1  -22  -15
  20    4  -37   13    6  -23    2    3
  12  -40  -27  -18   35  -10  -16   21
 -14   -7  -28   -7   -5  -13   87  -21
 -13    2    0  -39  101   16  -11  -10
  -7    2   -9   20    0  -19   10    4
   3   12  -21  -12   27  -15   16    5
 -16   -8   26    6   20   73  -69  -40
   1    1  -63   -7   15   -4  -19  -19
  27    0  -36    5    0  -31   -3   -3
   9  -45  -32   -1   34   -5  -15    8
 -17    3  -30   -7    3   -6   86  -25
  -6   13  -10  -39  103    3   -7   -9
 -15   -8   -9   16    4    0    5    9
   9   14  -22  -14   13   -4   18    4
 -12    0   30   15   25   57  -66  -44
   1  -10  -61   -8   13  -10  -18  -23
  24    2  -35    9    5  -21    9    2
   6  -48  -35   -7   32   -8  -19   22
 -12   -4  -25   -5   -2   -8   88  -20
 -10   12  -11  -30   99    6  -10   -9
 -24   -8   -1   19   -1   -6    1   11
  12   12  -24  -18   24    1   12    2
  -8   -6   33   13   22   60  -67  -41
  -2  -11  -59   -6   23  -10  -17  -12
  31   -3  -31    9   14  -18    2   -4
   6  -42  -23   -9   34   -2  -15   23
 -17   -7  -28   -7    5  -10   91  -21
  -5   14   -8  -34  100    0  -22   -9
 -15    0  -13   33   -4  -23   -4    9
   3   17  -19  -13   30  -13   24   -2
 -25   -8   20    7   13   54  -68  -39
   5   -6  -50  -13   18    1  -19  -17
  31    0  -41   15    6  -18   -2  -10
   4  -45  -30   -9   24   -2  -16   17
 -18   -9  -23   -4    5   -4   89  -17
 -17   14   -8  -36  104    9    0  -15
 -15   -1  -11   23   -7  -17   -2    2
  18   12  -12  -14    7  -11   14    8
  -6   -9   28    5   16   63  -68  -37
  -6   -2  -58    0   24    7  -14  -13
  30    8  -36    2    0  -19    2    3
   3  -41  -33  -11   32    1  -22   13
 -20   -4  -21    2    2   -3   89  -28
  -5    2   -2  -28  101    3  -15   -7
 -15    0   -8   19    0  -20    0    3
  -1    6  -16  -18   19  -13   17    7
 -11   -4   30    4   14   60  -69  -46
   1  -10  -61    1   25   -2  -14  -19
  23    1  -42   12   10  -28   -6    2
   4  -36  -28   -8   31   -6  -20   17
 -11  -13  -24   -1    1   -8   91  -25
 -10    9   -8  -41   92   11   -7   -9
 -14   -3  -10   18    7  -15    1    0
  10   18  -25  -11   17  -13   19    2
 -17    7   28   10   15   74  -70  -46
   9   -7  -54   -6   16   -6  -20  -19
  33   -1  -37   27    7  -27    1   -2
   9  -42  -35    0   32  -12  -19   10
 -15   -4  -29   -2   -4   -8   87  -20
  -9   10   -7  -43   97    7   -2  -10
 -21    7   -5   17   11   -5    0    3
   0   16  -15  -10   21  -12   14    5
 -23   -7   28   10   23   66  -74  -43
   0   -5  -58   -2   16    7  -19  -19
  22    0  -41   10    4  -26    2   -1
   6  -45  -31  -10   33  -10  -23    7
 -15  -16  -25    0   -9   -5   87  -21
  -9    6  -10  -24   99    4  -10  -21
  -9    0   -3   22    4   -3    4    7
   6   23  -18   -3   16   -4   21    5
 -18   -1   28   10   21   70  -72  -43
   2  -19  -57    0   22   -8   -8  -14
  32    9  -29   10    4  -33   -8    0
   2  -45  -34   -2   38  -10  -18   12
 -16   -3  -23   -5   -6    5   86  -22
  -6   -1   -9  -33   89   -1  -26  -12
 -13    4   -7   10   13  -10   12   13
   4    6  -15    0   22   -5    5    6
 -22   -7   33    8   42   72  -78  -43
   0  -29  -50    3   24   -9  -21    0
  21    9    2   23   -2  -74    0   -5
   8  -60  -31  -10   38   -6  -22   10
 -40  -17  -23    2    7   18   85  -21
   9    7    8  -21   90  -11  -29  -10
 -30    5    1   31   12  -10    0   -5
   2   13   -5    6   10   21    5   -7
 -31  -16   29   16   18   63  -53  -45
  -4   -5  -66   -9   25    2  -24  -16
  25    5  -29   11    1  -27    0    2
   7  -47  -29   -9   40  -11  -20   11
 -28    3  -27   -7   -5   -8   88  -17
 -14   16   -9  -29   97    1  -15  -10
 -23    2   -6   23    5  -11    0   11
   3   14  -16   -8   27   -7   15    0
  -9   -1   32   19   21   55  -67  -43
   7  -11  -66   -3   14  -13  -20  -23
  30   -6  -32   17    0  -23    7    0
   3  -45  -31   -7   29  -16  -13    0
 -11    0  -23  -11    5    3   86  -18
  -6    6   -3  -29   98    5   -3   -8
 -16    9  -14   21    6   -9    3   -1
   4    9  -13   -9   24   -5   17    4
 -11   -9   34   14   17   68  -72  -45
 -11  -17  -54   -3   23   -1  -20  -21
  29    6  -25   15    3  -30    2    0
  13  -41  -29  -10   32   -8  -16   15
 -21   -7  -25    1   -2  -11   89  -18
  -7   15  -13  -32   97    0   -4   -7
 -14    3   -6   12   -2  -14   -1   -2
   0   13  -13   -2   25   -5   20   -1
 -14   -5   25   14   22   71  -73  -52
   5  -10  -66   -6   16    0  -21  -28
  35    4  -31   15   12  -26    0   -2
   4  -42  -28  -12   35   -7  -24   15
  -9   -4  -17   -1   -7  -12   89  -15
  -9   14   -4  -30   99    7  -14   -7
 -31    6   -5   18    1  -14   -1    7
   4   13  -21  -12   21   -1   14    0
 -22    2   30    4   11   63  -65  -45
  -9  -13  -49   -1   23  -13  -19  -18
  17   -1  -32   19    1  -20   -3    3
   1  -52  -28   -4   35   -8  -15   18
 -20    2  -37    0    0    0   89  -17
 -17   21    5  -32  101   -2  -14  -15
 -12    4   -9   39   -7  -20   -2   11
   2    4   -4   -2   23  -13   12    0
 -12  -14   26    2   24   54  -66  -42
 -16    0  -47   -5   23  -10  -18  -23
  18    7  -25   18   -2  -25    0    1
   4  -56  -35  -17   33   -8  -13   21
 -10   -8  -41    0    3    1   89  -25
  -7   12   -4  -25  101    3   -8   -7
 -16   12  -14   25    1  -14   -3    2
   5    6   -6    0   19    3    7    1
 -17   -6   21    4   23   64  -65  -44
  -2  -17  -54   -2   13    0  -25  -22
  26    1  -38   16    0  -33   -7   -4
   9  -49  -27   -4   34   -1  -15   14
  -6   -2  -26   -3    4   -1   86  -24
 -11   13   -1  -33   97    7  -25  -17
 -19    2   -7   23   -6  -20    4    5
   1   15  -16   -1   19  -12   20    6
 -17    3   29   18   17   73  -74  -32
 -16  -19  -62   -6   25   -4  -11  -16
  24   -2  -31   14    6  -33    4   -7
  12  -46  -30   -9   35   -6  -17    8
 -24    1  -30    0    1    1   90  -20
  -9    6   -2  -44   95   -4   -4  -18
 -25   12  -15   22    0   -4    0    7
   8    6   -8   -7   25   -9   12    4
  -3   -2   31    7   24   66  -62  -41
   5  -17  -58    0   28    1  -23  -18
  27    1  -31   19    9  -33  -12    8
   7  -42  -32  -10   37   -6  -18   18
 -20  -13  -23   -3   -2   -5   88  -19
  -4   16   -2  -30  100   -2  -20  -14
 -18   -2  -16   18    7   -2   -3    1
   9    7  -17   -9   23  -12   17    0
 -15  -11   25   11   13   69  -65  -38
   0  -10  -58   -8   26    1  -16  -18
  23    1  -31   13    0  -30   -7    1
   9  -51  -29    4   28   -7  -16    4
 -12    0  -27    2    3    1   88   -9
 -16    4   -4  -33   99    6  -13  -12
 -20   -3   -5   24    0   -3   10    7
   8    8  -19   -4   22  -22    4    0
 -20   -4   25    4   29   66  -70  -48
 -27  -40  -37    5   36  -15  -11   -5
  21   23   18   49   -9  -85  -11    5
 -17  -80   -9   15   25    6  -24   32
 -53   -7   -3   -7  -16   14   64  -41
   8  -16   18  -16   30  -22  -63  -13
  12   49  -19   38   25  -19   14   -3
   5   -3   50   62   15   29  -14  -18
 -39  -22    0   31   85   52  -57  -15
 -58   18   62  -47   64  -53  -17  -29
 -15    8    5  -33   28  -16   -3   -5
  46  -26   -3  -18    8   43   -7   30
   4  -13    0  -11   13   -6   53   -1
 -26   50    3  -22   57    3  -28    6
  -5  -27   -3   63  -19   15  -42   33
   2   24  -14  -65   45  -52   -3  -16
 -20   45  -40   -7 -107  -30    0   26
 -12  -36  -36    5   41   -1  -24  -13
  29    6    7   41   11 -110    5    5
  15  -65  -28  -15   25    1   -4   15
 -49  -13  -30   24    7   18   83   -5
  19   -3   39  -29   75  -22  -51  -11
 -22   -7   -1   25    2  -25   -7  -17
 -10   18   -4   23   40   30   -1  -15
 -28   -3    2   15   -8   38  -32  -26
  -2   -8  -62   -3   11   -9  -15   -6
  28    8  -25   20    0  -38   -2    0
   3  -48  -31  -14   39   -2  -12   15
 -15   -4  -18    1   -3    0   90  -22
 -14   17   -4  -28   93    0  -17  -10
 -27    1   -9   24    3  -11    6   -1
   6    8  -21   -7   23   -6    9    2
 -10  -10   29    9   24   60  -70  -46
  -9  -13  -61    0   18   -1  -30   -7
  31    0  -30   13   16  -36    0    0
   1  -52  -24  -16   34  -11  -11   28
 -23    2  -25    2   -3    2   88  -22
   0   13    0  -25   98    3   -8  -18
 -13    2  -11   22    0  -18    0   11
   0    0  -22   -6   14   -5   17    0
 -16   -4   21   15   14   64  -65  -44
  -3  -11  -67   -2   28   -1  -19  -11
  19   -2  -29   20    0  -32   -4    0
   6  -45  -31   -8   33   -8  -14   17
 -30   -7  -23   -4  -11   -6   88  -16
  -9    3  -10  -27   96    2  -20  -10
 -14    1   -9   11    6  -22    9    5
   8   13  -12   -7   19   -4   24    4
  -3   -6   27   15   25   74  -66  -46
 -11  -12  -49    0   15    0  -15  -17
   8   16  -31   24   10  -31   -1    2
   6  -46  -28   -5   41    0  -13   12
 -14   -6  -32   -8   10   -5   92  -20
 -12   19  -13  -25   99   -2  -26  -18
 -10    8  -16   15   -3   -9   -3   -4
   3   10   -1  -13   27  -11   16   11
 -24    1   21    0   23   59  -66  -44
  -2  -20  -48   -4   23  -11  -21  -13
  17   -2  -33    6   -4  -35   -8    1
   2  -44  -34  -12   39   -8  -16   23
 -10   -8  -25   -3    7   15   93  -21
 -11   24    1  -22   93  -10  -26   -6
 -24   20  -11   31    7   -7    3    6
   5    8   -7   -2   25   -3    0   -8
 -21   -1   25    3   17   53  -69  -37
  -1   -5  -50    2   22   -9  -23  -19
  20    9  -34   22    2  -36   -4    0
   8  -48  -28    0   45   -6  -21   20
 -26   -4  -28   -1   13   -4   87  -13
  -3   25   -9  -28   98  -11  -16  -19
 -15    2  -13   28    2  -20    8   10
   0    9  -10  -13   19   -8   10    0
 -19  -12   31   -5   21   56  -71  -38
  -3  -12  -51  -12   18   -8  -16  -21
  28    4  -27   20    3  -26    1  -10
   5  -51  -36  -11   37   -4  -18   13
 -21    3  -19    0    3    6   88  -23
  -4    7   -2  -32   99    2  -19   -7
 -17    9  -17   17    3  -12    7   13
   0   11  -12   -4   39  -24    7   -2
 -28   -5   26   10   26   58  -66  -39
  -2  -11  -55    0   24   -1  -21  -12
  14   -1  -26   25   -1  -34  -12    1
   1  -47  -34   -8   40   -6  -25   11
 -21   -6  -33    5   -3    0   87  -14
  -9   22    0  -24   98   -3  -20  -17
 -25   12   -7   27    0  -13   -1    7
  13   11   -5   -4   35   -8   14   -4
 -30   -3   23    1   24   67  -65  -42
 -18  -17  -53    3   25    0  -19  -11
  21   11  -30    6  -12  -30  -14    0
   1  -54  -33    6   33    0  -20   18
 -21  -12  -22   -3  -13    4   86  -24
  -7   14   -9  -21   89    5  -25   -2
 -12   17  -15   27    4  -13    4    4
  10    8   -4    0   16   -6    9   -6
 -28   -6   37    5   43   71  -74  -37
 -37    4   40  -38    9    0   -2  -38
  30   10    2   70   53   31   -3   17
   2   -5   14    0  -42   18  -21   50
   8   22  -38  -22  -43   11   -5  -47
 -45   -5   44   31  -46  -31  -60    3
  91   36  -68   25   -6   -9   31   40
 -10  -40   67   38   11  -51   11    9
   3    3  -50  -17   37  -12    1   12
 -14   24   47  -47   -1  -27    2  -40
   8   32  -10   46   66  -33  -24   26
  32    9   16  -22  -15    5   24    6
 -24   -3  -22   24   35   40   -1   15
 -15    4   47   11  -18  -20  -36   -1
  51  -22  -19   19  -19  -26   -7   30
 -36  -23   31  -36   23  -30    6  -17
  38   12  -66  -34  -91  -58   61   49
  -6   24  -25  -47   29   -4  -11  -52
  35    0  -53   32   36   33    8   -4
  25  -15  -24  -16  -12   11   -5   11
   6    9  -41  -16   14   -3   81   -7
  -3    9   -8  -21  102   21    7  -20
   6  -26  -17   17  -23   -5  -24   10
 -16    7  -44  -65   33  -43   23   14
  -7   32    8  -11  -56   22  -40   -7
 -10   -2  -55   -2   14   -4  -15  -17
  29    1  -34   12   -3  -20    3  -12
   3  -43  -32   -9   43   -6  -21   13
 -15   -5  -31    3    4   -5   89  -17
  -8   11   -7  -24   98    6  -11   -5
 -30   -5  -12   16    7   -7   -1    1
   0    9   -8  -20   26   -4   10    6
 -11    0   28    7   18   64  -70  -44
   0  -10  -59   -7   29    4  -35  -13
  26    2  -39   26   -6  -29   -9    6
   6  -46  -27   -7   35   -7  -26   24
 -21    1  -19   -8    4    1   89  -20
 -14    5  -10  -34   99    1  -20   -3
 -16   18   -9   21    2  -11    7   12
  11    0   -2   -7   19   -9   11   -3
 -12  -14   27   14   22   49  -65  -48
  -2  -11  -57   -1   20   -7  -31  -13
  23    8  -34   19    1  -37   -1    0
   3  -47  -30   -6   33   -6  -23   25
 -21   -9  -31   -6    0   -6   88  -21
 -11   -4    0  -33   94    1  -10   -7
 -11   12  -14   29    3  -11   12    7
   1    4    0   -5   23    1    6    8
  -7  -11   26    7   29   67  -72  -45
   2  -18  -50    3   19   -8  -33  -19
  11    9  -29    8    0  -43   -5    2
   9  -68  -27   -7   46   -9  -15   28
 -29  -15  -37    9   -3   13   84  -37
 -18    2   -3   -1   84   -8  -28   -1
  -6   32  -21   56   10  -22   -4    7
  14    7   29   12   37   -3   10   -7
 -32  -18   13    7   23   57  -60  -28
  -4  -15  -36    1   24    7  -42  -21
   4    9  -31   56    8  -57  -38  -18
  12  -49  -27  -24   46   12   -4   39
 -11    6  -51   11   -5   12   87  -46
 -20   10   30   13   64  -12  -40  -34
   7   35  -32   37    9  -14   36    6
  15  -17   32    2   15    7    3  -10
 -20  -30    2  -15   33   33  -39  -27
  -9  -20  -36    5   27  -11  -40  -24
   3   17  -21   58    0  -83  -31  -15
  -1  -70  -25  -16   41   -5   -2   39
 -17   10  -59   25   20   22   75  -29
 -10   16   21   -2   72  -21  -20  -25
  12   28  -33   53   11  -31   36   28
  22  -14   45    4   17   -7  -15   -3
  -3  -29   -6    2   27   16  -34  -34
 -20  -23  -54    2   20   -1  -31  -13
  21   17  -21   32   -7  -64   -1   -7
  10  -62  -30  -14   44   -8  -17   25
 -24    0  -27    9   11   18   85  -28
   4   27   14  -20   86   -6  -34  -13
 -20    3   -8   42   18  -25  -15   15
   5   11   10   13   25   12  -19   -7
 -23   -6   13    0   13   50  -56  -39
 -16  -16  -43   -7   30    1  -22  -16
  16    5  -15   27    7  -44   -3  -13
   7  -63  -31   -5   29   -3  -12   34
 -24    3  -37    9   -8   14   90  -29
  -2    2    1  -12   84  -10  -36  -27
   1   20  -23   31    6  -21   21   11
  -2    2    8   -8   44  -11   -3    4
 -19   -8   13    9   33   50  -72  -23
 -28  -22  -49    0   33  -22  -28  -22
  16   11  -26   27    0  -47   -4    1
  -2  -62  -30  -19   35    9  -18   20
 -28   -4  -36   -5   -7   11   84  -18
  -8    8    0  -12   88    1  -18   -4
   2    9  -13   29    4   -5    2   17
   9   -4   15    5   27    8    7    3
 -25   11   19   -3   39   59  -69  -50
   0   28    6  -56    0  -29  -34  -47
  -3   -7  -29  -28   13   68   -4  -60
  -8  -10   10   14   -4   36  -38   51
   9   13    2  -10  -16   14   57  -35
 -34   30  -18  -16   54   -8  -28   12
  58   19  -43   35   -1    3   12   40
  37  -28   27  -69   45  -99    4    6
 -11   45   -7    9   27   14  -57   -9
 -23  -21  -18  -22   45  -13  -13  -20
   7   19    7    4   26  -64   17  -14
  20  -49  -33   -6   24   17    5   39
 -25  -15   -4   20   14   37   66    6
  16   25  -23   43   94  -41  -49   11
  -7  -50   -9   67   19  -30  -42   17
 -41    3    3  -30   -8   -7  -18    3
 -28   29  -16    0  -83   17   -9   -1
  -1  -22  -47   13   24  -11  -14  -13
   5    1  -24   10    4  -48    2    4
   1  -68  -33  -13   36    1  -10   13
 -32   -8  -13    3    5   19   91  -18
   4   15    4  -18   94   -4  -24   -5
 -22  -12  -17   30    3  -15  -15    3
   2   13   -7   -5   29    2   -4    0
 -25   -4   31    0   14   53  -54  -41
  -4  -17  -49   -1   17  -18  -20  -26
  24   -2  -21   31    9  -48   -4   -2
   3  -52  -27  -10   36   -3  -11   12
 -12   -3  -28   -3    1    1   91  -20
  -9    9    8  -18   93    0  -36  -19
  -1   22  -15   21    7  -21    2    0
   5   -1   -1    3   28  -12   -5    1
 -21   -7   29   13   28   61  -66  -38
 -12   -8  -42    1   32   -7  -31  -33
  13   15  -38   44    7  -45  -10    2
   9  -52  -31  -11   28    4  -12   15
 -15   -7  -46  -13    5   31   87  -33
  -7   20   15  -20   89    1  -22  -15
 -11   13  -31   40    8  -13   15    1
  15   -5    0   -5   25   -4    6  -10
 -10   -9   18    9   26   38  -65  -40
 -15  -11  -54  -13    3   -8  -37  -17
  13   17  -32   24    6  -44    3  -11
  -5  -47  -28   -8   47   -5  -14   29
 -17   -6  -46  -23   16    9   84  -22
 -14   26    3  -30   94    4  -22  -15
  -3   12  -19   32    8  -16    3   14
  31   -4    2   -9   19    7   19   -5
 -12  -13   26    5   13   62  -62  -32
 -11   13   -7   -6  -11   20  -70  -25
 -25   14  -50   52   18   -1    0  -39
  -6  -19   -8   -2   48   30    0   66
  16   29  -63   20   17   34   59  -27
 -38   23   33    0   51  -27  -25  -20
   8   16  -73   28  -18  -72   29   22
  27  -39   51  -19    0  -35    1   -7
  19  -51  -21   13   36   30  -34  -34
 -13   18  -14  -17  -10   -9  -46  -24
 -31    8  -44   29   25  -14  -24  -37
  -5  -16    3  -29   46    6    3   75
   0   24  -68   19   -1   74   54  -47
 -52   33   33    0   50   -7   -6  -26
  18   35  -40    6   25  -51   30   34
  28  -31   83   -5    2  -19   18  -28
   3  -35  -22  -13   29   29  -42  -43
   6   12    2  -14   -8   19  -61  -16
   0   -2  -42   25   13   -3   -1  -38
   3   -9   -8  -12   40   18  -12   87
  16   22  -64   11   11   27   65  -42
 -51   33   40   30   41   10  -23  -26
   8   28  -42    5   -6  -27   32   27
  39  -48   62  -49    2  -35   10  -38
  15  -22  -36  -29   17   26  -43  -35
  -1    0  -28  -20    3  -16  -47  -38
  -8    9  -51   17   18   -1  -11  -21
 -11  -14  -17  -12   41   10   -1   55
  16   34  -45   23    6   56   83  -29
 -40   19   31  -17   72    2  -33  -23
  14   17  -39   10  -20  -34   29   23
  36  -29   33  -41   39  -42    0    0
  -8  -13  -11  -19   -1   33  -53  -16
  -7   -3  -36  -13   27  -25  -45  -23
   0   13  -64   43   10  -30  -26  -26
   0  -49   -9  -29   43    9  -10   70
 -21   22  -49   -8   -4   36   70  -35
 -22   36    8   23   68  -13  -21  -26
  -4   40  -55   18   20  -40    4   35
  19   -6   48   -3   36  -27    8  -25
   9  -18   -1    1   36   51  -51  -25
 -23  -13   17    7   21   -2  -28  -21
 -12   23   30   40  -27  -93  -40   -4
  -6  -51   13   -6   14   -7  -12   64
 -45    5  -16   14    7   66   26  -31
 -12  -37   57   20   -5  -19  -97  -34
  62   44  -42   48   35  -51   31    5
  29  -19   92   37   16   30  -33  -36
  -6  -13  -18   -7   58   15  -25    7
 -37   46   46  -11   -4   -1  -13  -36
  -6    8    0   47   26   38  -19   -2
   0   37   24   -4  -20    7   -7   28
  26   38   -3   25    6   42  -28  -17
 -35  -24   39   32  -53    2  -41  -37
  72   15  -47   21    0  -14   22   36
 -12  -23   60  -30  -12  -25  -11   -7
  37  -22  -69   -8  -14  -45   -2   51
   9   60   55  -35   -6   22  -26  -39
  -1    2  -17   -2   43   53  -31  -31
  20   42   11  -21  -25    7    4   19
  45   24  -33   24   13    4  -11    6
 -30   20   30   18   -9   12    6  -37
  70  -36  -28    7   -9  -21  -14   20
  -5  -23    2  -65   35  -43    2  -14
  45   28  -57  -14  -77  -67   38   40
 -49  -33   20  -16   25  -29   -2  -50
  26    6   15   86   20  -98  -41   22
  26  -57    0   -2   14   43   15   52
 -16   29  -43   22   27   37   39   -3
 -10  -11   57  -11   20  -35  -34  -34
  60   31  -39   70    7  -34   -5    0
 -30   10    6   -3   52  -13  -14  -10
  -5    0  -60   11  -45  -53    3   10
 -23  -30  -28    2   49  -11  -27  -14
  19   19    0   34    4 -103   -7   -8
  12  -70  -28  -13   44   12   -5   23
 -45   10  -35   18   18   22   85  -14
   5   18   26    1   72   -8  -51   -6
 -23    8  -19   48   11  -24   -8   -4
   1    3   19    1    4    7  -30   -2
 -14  -12    2   -3    0   34  -38  -30
 -15   -5  -43  -12   27   -5  -36  -17
   9   10  -31   28   -1  -25   19   -2
  -3  -64  -20  -18   45    0   -5   37
   6   -6  -44   13   -2    1   86  -27
 -13   25    2   -3   94    4  -19  -16
 -23   -2  -19   35   -4  -13  -12    3
  15   -5    6  -23   39  -28   -2   15
 -27    5   14  -17   31   29  -63  -32
  -7   17  -48  -10   38  -18  -32  -37
  25   11  -29   38   27  -11    5  -27
   1  -40  -17  -15   17    7  -24   36
 -13   20  -37    0   13   29   86  -22
 -29   -3    6    4   95   17  -25  -20
 -16    4  -26   28   -8  -37   -1   20
  27  -12   -7  -31   13  -29   15    3
 -21   -3   -3    9   23   42  -53  -51
 -32   15  -23   -3   24    6  -37  -14
  13    9  -44  -10    2  -42  -32   -4
   5  -44   -7  -24   62   -6   13   55
  -9   20  -27   -6   -3   32   71  -41
 -23   12    3    4   84   -8  -32   -4
  17   17  -15   47    9  -53    0   27
  13   -9   19  -38   22  -56    9    2
 -24   40   -4  -26   -6   45  -76   -8
 -27    1    1   -5    4   -5  -39  -59
 -17   27  -35  -27   32  -12  -18  -10
 -18  -51  -20  -23   42   13    0   53
   1   50  -33   15   -4   46   68  -42
 -22   25   16   42   59  -25  -43   15
  35   35  -28   56    7  -61   -3   19
  28    2   39    3   23  -28   -1    0
 -45    3  -22  -21   36   16  -64  -42
   2   -9  -20    5   28   -5  -45   -7
  20   17  -40   12   -2  -47  -20  -17
  17  -49  -21  -38   62   22    5   35
 -11  -19  -43   -8  -11   78   72  -45
 -16   30   11    9   71  -25  -47   -4
  57  -11  -51   56  -24  -63    6   23
  15    7   25  -45   23  -15  -26    0
  -1   20   -4   -6    8   16  -25  -22
 -34  -26  -10   14   20  -25  -16  -15
  -6   31   29   25  -40  -96  -10   -3
  -7  -67  -18   -7   46   -9   -9   17
 -49  -15  -11   27   -7   69   49  -37
   8  -11   26   34   12  -15  -85    1
  44   22  -23   74   24  -20   10  -14
   4    1  108   48   12   -7  -48  -27
 -37   -9    5   12   52   38  -34  -12
 -40    1   48   15   22  -29  -13  -16
 -15    2   41   52   -7  -86  -26   19
   3  -37   15    0   13   19    4   25
 -29   17  -19   23    1   34  -16   -6
 -17  -13   67   19  -48  -37  -56  -16
  59   23  -46   51   29  -27   16   -3
   0  -23   67   59   -2   44  -19  -40
  -8  -16  -51    0    0  -22   35   19
   0   29   45  -14   -6   33  -50   -3
 -35   12   -9   -5   12   37  -17  -29
 -12   40   11  -36   19   15   10   60
  44    4  -48   35   12   66   -9  -19
 -46    5   21   33  -27  -14  -28  -19
  56  -11  -47   34  -23  -47   35   38
  22  -33   66  -63    1  -57   -9  -41
  43   31  -47  -13  -14  -30   17    3
 -17   27   13  -57  -10   11  -69  -35
 -24    9   -6   16   41   -2  -37  -39
 -30   22    0  -18   42    6   -4   79
  41   18  -35   34   13   61   29  -35
 -53   29   63   32    0  -24  -21  -33
  41   17  -45   30    4  -38   36   35
  29  -53   75  -20   -8  -29    1  -18
  31  -40  -32  -12   -6  -28    4   -2
  17   14  -10  -29  -14  -16  -52  -41
  -8   19  -39   13   -1  -37   -9  -42
 -18   -3    0  -18   61    2   27   54
   8   32  -34   15   34   54   61  -33
 -45   34   40   34   34    8  -38  -63
  13   42  -57   41  -24  -48   13   30
  35  -52   50  -41   -2  -14   16   -8
  31  -10  -29  -13   14   -3  -19  -16
 -22   24    2  -32   26   -6  -10  -46
   2   14  -77   25   39   66  -27   14
  34    6  -23    6   17   -3   -8   51
  15   16   -6   -3    0   23   65  -37
 -36   13  -13    2   51   -4  -36   -7
  29   -9  -70   25  -28  -30    7   64
  28  -32   36  -56   21  -45    5   -6
 -44   20  -17  -13    1   19  -71   -3
   2   20   -8  -26    1   -7  -33  -33
   3    7  -45  -24   29   40   36    9
  25  -32   -7  -20    5   25  -24   34
  31   -7  -14  -30   27   -4   74   10
 -33   14    7   -7   99   10  -44    9
  59  -29  -31   20  -32  -40  -65   -2
 -23   32  -20  -34   58  -54  -18  -24
 -23   36  -12    0  -44  -15   -8   15
 -33  -11  -44  -12   38  -30   -5  -45
  15    0  -48   39   25  -24   32   -2
  25  -62  -37    4   22   35   -2   22
 -12   45  -21    4    1   14   85  -17
  -2   31    4  -28   80    5  -59  -22
 -18    0  -34   16   12  -32   -1   16
  12   16   16  -27   32    0    5   -4
 -23   -9  -10   -5  -23   30  -54  -16
 -25   -5  -41    8   19  -15  -38  -27
  -5   15  -28   41   22  -39  -12   -6
  13  -60  -17  -21   22    3  -11   31
 -20   11  -38  -17   26   39   81  -38
 -11   27   22  -17   94    0  -51  -10
   3   37  -25   32    1  -17   -5   -4
   4   -1   37  -37   44  -12    2  -20
  -4    2    5    5   10   44  -59  -21
 -41   -1    4    0    2  -27  -21  -73
 -11   49  -32   40   20  -43   10   -1
  22  -31    0  -46   22   47  -11   25
  13   27  -35  -23   13    8   60  -46
 -28   48   32   -5   58  -20  -48    0
  29   -9  -41   61  -18  -60  -22    7
 -18    1   82  -14   69   -6  -32  -18
 -35   50  -19  -28   -3   19  -40   27
 -51   12   -5   -3   45  -33  -34   -9
 -21  -11   10   -4  -29  -29  -20  -12
  24  -64  -10    7   30   10   12   63
 -13  -19    5   -5  -10   80   64  -38
  -8   19  -20   33   56  -23  -68   13
  17   40  -20   49  -16  -34   -6   30
  26   30   71  -41   17  -30  -20  -20
 -19    6   -8  -41   46   13  -56  -39
 -54  -37   52   20   26  -13   -6  -16
  -8   25   54   47    1  -60   -3   -4
   7  -35   16    9  -13    2    3   13
 -18    3    5    8  -25   63  -23  -25
  -3  -15   46   60  -57  -52  -94  -23
  36   37  -11   37   16  -33   13   22
   3  -20   79   52    3   14  -27  -27
  -5  -13  -33    1   30   -4   12   30
 -20   12   67  -26  -10    0    3  -19
 -14   23   26    6   17   23  -16    0
   4   39   28    4  -13   17    0   18
   2    9   17    3   -2   17  -40   -1
  -1   -7   27   35  -79  -12  -31  -25
  65   -8  -13    8   -8   -3    3   26
 -10  -13   24  -23   -1  -28   10  -26
  32   -9  -57  -20  -23  -42   46   52
  -4   47   41  -35   -9   14  -39  -21
 -47    3    1  -17   21   55  -12  -31
  -9   56   19   -9    1   27    9   60
  34   19  -24   16   -5   49   -9    1
 -59    1   10   47  -18   13  -19   -9
  31  -29  -28   21  -18  -50   22   20
  16  -29   48  -67  -13  -64   12   -7
  42    7  -65  -21  -24  -42   37   18
  21   29   23  -39  -12   -4  -70  -21
 -33    3  -11   -4  -18   19  -29  -35
  -5   34    0   -2   57   16   18   81
  14   19  -47    8  -17   49   10  -42
 -79   14   52   43   -2   13  -21  -18
  40    3  -23   25   -8  -51   42   35
  30  -44   88  -44    3  -33  -20  -27
  43  -34  -25  -10   30   -7  -14   -7
 -16    3   -6  -19  -14    9  -63  -20
 -19   21   -9    4   21    0  -30  -38
 -24   25    2  -17   32   11    2   94
  13   26  -42   40   -1   52   19  -36
 -62   11   41   40   -6    7  -11  -52
   4   36  -39   25    5  -43   48   29
  49  -62   91  -28   27  -64   25  -14
  33  -30  -40  -15   26   -9    2  -23
   7   28  -52  -30    6   -9  -56  -14
   3  -10  -35    8   16    0    6  -32
   2  -21   -5  -25   47    1   -6   58
   4   25  -48   -4   55   41   75  -13
 -36   38    0    4   90   -2  -16  -42
 -22   -7  -29   25   -3  -53   13   26
  32  -27   12  -46   18  -57   14  -24
   7    4    8   -2    0    6  -26  -34
 -15    0  -37  -13   33   -7  -45  -15
   7   -1  -31    3    7  -29   -1  -17
   6  -33  -34  -15   45   18   -8   31
 -15   18  -32   12  -10   21   89  -20
  -5   32    5   -7   92   -3  -24    2
 -11   -7  -22   29   -8  -15   -2   21
   7  -12   16  -45   21  -19   -8    1
 -10   -6   13   -7   21   42  -65  -43
  -7   -8  -30  -24   37  -21   -4  -16
  14   11  -43   -3    0    0    0    0
  12  -46  -26   -8   33    4  -22   29
   9   -6  -27  -28    0  -17   87  -18
   4   20  -21   -6  102    3  -10  -13
   5  -12  -12   33   -6  -11  -18   11
  10    6   -8  -30   21  -26   10   -5
 -27    6   20  -10   38   51  -72  -38
  -4    2  -33  -24   32  -17   -9  -12
  -3    8  -27    4   16  -22   11    8
  10  -29  -37   -3   33   17  -18   30
  -3   -9   -2  -13   -3    4   90  -18
  -3   20  -13  -24   96    5  -42   -4
   0  -22  -10    9   -8  -41  -18    9
  19   12  -19  -32   39  -21    7    3
 -19    8   20  -19   10   55  -74  -45
 -16   13  -16  -19   26  -21  -18  -47
  29   14  -55  -26   25   27   19    3
  12  -26  -11    0   13   18  -23   39
  -2   26   -5  -20   16   -2   74  -26
 -13   -5  -17  -30   98  -21   -5   -5
  46  -28  -32   38    5  -53  -26   19
   7    6  -11  -21   33  -53    2   21
 -46    9   -5  -18   15   55  -76   -7
 -18  -34   41    2   31  -37  -10    4
 -36   58   29   22   -7  -60  -42   -7
   8  -51    8  -24   22   16    8   49
 -24    6  -11   27    0   61   -4  -25
  14   -5   34   21  -24  -39 -127   -2
  38   41    8   54    3  -14    6   10
   4    4  107   29  -16   12  -75  -37
  -9  -13  -40   13   44  -18   -6   11
 -34   22   56   -7    0  -14   -8  -15
 -13   31   42   23   24  -39    0   -5
  21    8   22    0  -15    9    1   10
  11   32    6    8  -11   11  -35  -11
  -1   -9   32   58  -84  -26  -64    2
  57    3  -23   11   -6  -22    6  -11
 -10   -1   56   42   29    2  -33  -38
  13    0  -48   -3   -2  -49   32   44
   7   14   62  -42   -6    3  -15   -9
 -25   14   36  -19   14   19   -9   -7
  -6   34   29    0  -23   17   10   17
  26    6    1    5    4   39  -40    3
 -21   -2   14   26  -68   -2  -31    0
  54   -5  -15   -1  -18   -6  -12   15
  12  -23   44    1    5  -11  -19  -37
  38   16  -57  -13  -26  -42   41   59
  19   35   42  -20  -19  -12  -36   -9
 -14    2   17   26   12   47    3   -6
   2   53   13  -29    0   25    4   38
  40   40  -15    8   18   40  -22  -18
 -46   19   44   51  -26   10   -7  -11
  33  -39  -30    9  -10  -33   12   26
   2  -50   45  -77  -27  -53  -17  -17
  35    7  -56  -16  -38  -65   24   38
   0   31   13  -31  -14    3  -43  -10
 -27    5  -10   -8    1   11  -49  -56
 -18   20   12   -6   52   14   11   84
  18   34  -64   27    7   72   18  -34
 -53   16   39   20  -16   -7  -11  -24
  19   20  -35   24  -20  -42   41   23
  54  -53   90  -35    5  -69    3  -28
  43  -27  -33   -9   11  -23   -2   16
   1   28  -10  -24  -17   18  -66   -3
 -28    4    0   19    7   -1  -32  -32
   2    4   26   -9   34   17   20   80
  28   30  -75   17  -17   54   20  -40
 -61   20   51   42    3    1  -19  -33
  49   -7  -45   28   -8  -39   34   42
  41  -44   83  -51    3  -55   -8  -14
  29  -22  -36  -48   11  -15    6   -7
  28   26  -11  -29  -14   -5  -64  -20
 -51  -10  -26   10    5   26  -13  -43
 -13    5   10  -28   49   15   13   83
  10   29  -43   34   24   55   20  -45
 -72   24   35   43   11   -5    3  -40
  32    6  -44   16   -1  -37   45   26
  32  -58   74  -48   -2  -29   -1  -17
  52  -13  -36    2   37   -8  -10  -16
  -4    8  -32   -5   27   25  -58    7
 -13   19   -9    1   -4  -65  -24  -25
  -1  -41  -23  -25   52   11    4   34
 -17   35  -41   14    8   34   82  -22
 -18   13   19    1   79    4  -22  -34
  -4   -8  -19   48    3  -57   12   20
  20  -11    4  -37   20  -23  -20  -22
  28   -7    2   -9   21   33  -45  -37
 -22    6  -22  -20   19  -36  -54  -33
  23   15  -46   44    0  -18    0  -10
   5  -51  -13  -38   41    0  -17   59
  -8   -2  -44   -8   14   28   80  -37
 -27   17   16  -10   81   12  -10  -12
  29   16  -35   28   -5  -28    4   20
  34  -20   33  -13    7  -34   18    2
  -6  -26    0    1   24   47  -61  -29
   0  -11  -36  -12   36    6  -32    0
   9    9  -26   17    0  -51    7  -13
  11  -49  -24   -4   32   13   -9   20
 -10    6  -32    9  -14    7   89  -21
 -14   24   -4  -16   98   -8  -31  -10
 -15    4  -18   34   -8  -41    1   10
  20    4   -3  -22   30   17   -9   -4
 -27   10   17  -19   10   30  -69  -30
 -15   -1  -40  -19   27  -11  -11  -17
  40   -6  -17   26    5  -44    5  -13
   9  -54  -38   -4   17    6  -15   15
 -18  -13  -32  -22   -3   12   88   -2
   0   28  -16   -6  104   -1  -24    3
  11   -1  -26   37  -27  -23   -2   10
  -6   11  -15  -18   47  -31   15   -2
   1   -1    6   14   -4   48  -52  -28
   3  -19  -40  -11   37  -18  -18  -23
  24   -2  -26   23    3    0   35    3
  18  -48  -23   -9   22   13   -8   19
 -18   -5  -35  -29   11  -10   88  -21
  -4   18   -9  -36  100  -12  -18    0
   0  -18    2   19    2  -17  -11    3
   5   19  -36  -25   16  -45   -1    5
 -22   18   22   -1   26   36  -74  -22
 -24   36   63  -36  -19   13    0  -11
 -33    8   30  -32   21   28    2  -10
  16   39   29  -14  -11   22    4   26
  42    5   19    2   13   24  -35  -11
 -23   -6    4   32  -62   14  -53    1
  39  -15  -17    1  -31  -34   19    1
   6   -6   53  -18   -7  -27  -15  -21
  32    4  -60   -6  -16  -45   50   33
   0   30   56  -33  -30   19  -32  -15
 -22   20   32   -1   15   25   -9   -7
   0   44   31  -21    2   19   -8   38
  29   19    0    0   -9   32  -46   -1
 -41   23   32   57  -55   -4  -30   -9
  22  -14   -7   -5  -14   -3   15   24
   2  -24   54  -33  -10  -37  -11  -14
  28   10  -43  -19  -17  -57   36   27
  17    7   47  -29  -24   -6  -26    1
 -35   35   13   -3    2   30  -19  -39
  -8   37   27   -9    1    0   36   56
   4    5  -11   11   -3   49  -38  -16
 -37   10   11   38  -37    2  -17  -16
  46   19  -17    9   12  -22   26   26
  43  -30   68  -46  -18  -57   -4  -20
  38  -14  -51  -15   -5  -58   34   11
   5   28   14  -19  -15   -8  -58   -7
 -47   14   -5    2   12   -1  -39  -38
 -28   37   23  -19   34    4   20   63
   5   18  -49   31    4   71    6  -16
 -69   16   52   60  -17    6    4  -14
  22   14  -43   23  -14  -68   33   34
  21  -57   81  -30  -23  -37   -7   -6
  39  -17  -49  -10    9  -24   19    5
 -12   24   14  -23    0   -8  -71   -1
 -38   16   12   14   10    3  -39  -38
  -6   21    5  -41   31    7   15   87
   8   12  -18   14   10   73    5  -48
 -61    4   65   42   -8   -1  -31  -21
  58   25  -49   14   14  -49   46   29
  53  -30   61  -36  -30  -15    5  -34
  38  -25  -41  -10   14  -33  -10    6
  14   45    9  -14  -17   24  -84  -14
 -64   11   -1   19   16   -9  -34  -48
   2   10   22  -20   35   15    0   58
  19   44  -63   32   14   32   15  -18
 -40   36   43   31  -13    4  -38  -33
  38   37  -59   13  -15  -41   40   34
  44  -47   69  -15    2  -37  -20  -22
  36  -38  -51  -24   15    5   -3   15
  13    8   -3  -16   -5   21  -57  -10
 -36    2  -23    1   -6  -30  -17  -62
 -22   15    8  -21   47   15    9   82
  10   40  -36   22   18   60   25  -51
 -53   23   44   21   21    5  -35  -20
  35   30  -50   50  -10  -38   42   38
  37  -53   78  -32  -32  -38    6  -30
  42  -31  -42  -10   24    8   -5  -20
  10   39  -30  -12   -4    6  -55   -1
 -16    8  -31   10   27  -12  -26  -19
   3  -30  -26  -51   56    2   -1   45
   5  -12  -61   31   36    8   68  -17
 -46   13   25   31   81  -10  -10  -46
  23  -32  -35   32   -5  -34   14   37
  39  -20   54  -44   -4  -35    7   -5
   7  -12   18  -17   -3   16  -39  -34
  -7    7  -46  -35   14   12  -20  -24
   2    0  -43   19   25   19    2  -26
   0  -40  -20  -10   24   -6    0   29
   2    5  -18   -5    0    0   75  -38
 -11   37   -8  -14   97    1  -21   -9
  13    9  -36   20   -4  -28   20   11
  31   -9   28  -32   24  -44    1    0
 -18   -5   12    4   44   45  -84  -35
  -1   -9  -14    8   15  -23  -60   -7
  18   -1  -20   25    4  -55    3  -15
   4  -42  -19  -24   42    8  -12   59
 -10   -2  -71   10   30    7   84  -24
  -4   18   15  -20   89   -3  -36  -29
  -5   -3   -2   40  -15  -30  -10   23
  16   -8    0  -22   39  -22   27  -13
  15   23   -4    6  -30   22  -42  -43
  -9   -1  -50  -16   17  -18  -13  -27
  18  -10  -38    2    0  -17    2   -2
   5  -38  -28  -17   34    6  -17   21
  -7   -9  -19  -14   13  -12   88  -22
  -5   27  -25  -23   98    4   -8    2
  -7    4  -14   31   -1  -27    3    9
   5   12   -1  -13   38  -17   -1    7
 -14   15   30   -1   28   47  -74  -49
  -8  -14  -49  -17   30  -16   -4  -26
  20    2  -28   33   10  -49    0   12
   6  -74  -14  -21   11    0   -4   15
 -25   11  -25  -20    7    2   84  -19
   2   14    1  -23  102  -13  -28   -9
  -8   -6  -17   32    0   -2  -14    3
   7   24   17    5   45  -16    8    7
 -26   15    2   10    0   44  -71  -13
 -10   31   55  -19  -17    6  -22  -39
 -47    7    2  -12   30   42   -9  -39
   1   54   10  -11    0   10    2   62
  36   13    6    2    0   17  -29  -11
 -26    6   16   33  -51    4   -7   -7
  42    6  -32   -7   -8  -40   32   37
  12  -30   63  -39    3  -43  -23  -26
  48   15  -63  -15    0  -37   26   40
   1   30   42    0  -13   11  -39   -1
 -45   -1   27   12   12   20  -30  -36
   4   37   26  -27   17   19   17   52
  29    0  -21   11  -28   71  -23  -17
 -36    0   20   46  -58   -6  -50    9
  34    4   -5   11   14  -27   44   30
  28  -36   71  -13  -39  -18  -15  -46
  12   -7  -54  -41    8  -34   15   14
   1   24   40  -23  -31   21  -40   -7
 -38    4   -8  -19   29   23  -39  -22
 -12   28   32  -39   19   26   18   75
  33    0  -16   21    2   48  -26  -32
 -30   -5   30   33  -43   -5  -21   -1
  37   -1  -27   17   -2  -44   23   20
  16  -56   87  -34  -19  -29    9  -35
  13  -10  -29    1   17  -36   37   19
 -14   33   18  -21  -17   16  -64  -13
 -59   15    7   21  -14   20  -16  -27
   0   29   25  -33   34    9    9   55
  32   38  -42    5   11   37   -8  -39
 -66   11   46   43  -27   -2  -31  -20
  45   34  -41   20    4  -15   23   45
  44  -52   77  -22   -5  -40   -4  -29
  27    2  -56  -14    4  -11   17    2
   4   33   31   -7  -55   12  -45    2
 -36  -10  -18   -9   23    3  -38  -41
  -9   17    5  -23   22    1    3   76
  34   31  -31   23  -13   61   -1  -20
 -43   18   46   34  -28   10  -16  -15
  42   15  -37   33   -7  -42   36   32
  21  -51   84  -34    3  -45   15  -34
  55   -1  -67   -8   14  -42   15    9
  26   22    4  -26  -16   34  -67   -6
 -36    6  -14    6   16   27  -13  -62
 -14   24    9  -57   46   13   13   69
  16   14  -29    5    0   68   18  -51
 -52   10   36   42   -5   14    6  -38
  79   26  -37   32   -8  -52   38   33
  29  -43   75  -29  -26  -33   -2  -15
  26  -14  -49  -21   11  -28    0  -17
  12   21   23  -31  -33    9  -45  -17
 -26   -2   10   25   40   -6  -22  -56
  -7   26   19  -15   30    4    0   79
  22   42  -42   23    9   51   12  -43
 -42   12   66   30  -14   -8  -30  -36
  65   19  -47   -3  -14  -52   29   31
  38  -36  110  -28  -44  -13   -8  -35
   3  -23  -38   -4   35  -12  -15  -10
  15   17  -12  -15   11   29  -51   -9
   7   12  -15    8   -9  -41  -17  -47
   0  -25  -17  -42   55    3   24   62
  19   35  -53   16   17   71   55  -17
 -37   22   33   32   66   -9    8  -57
   6   -7  -29   62  -22  -85    8   14
   5  -32   53  -57   -5  -36   10   -9
  -8   16  -29  -13  -37    2    0  -16
 -27   -6  -33   12   18  -12  -48  -33
  15   13  -10   50   12  -30   -8  -13
   2  -47  -14   -7   56    6  -15   55
   2    1  -31   -5   -3   25   74  -41
 -23    7   16    1   65  -20  -39  -10
  24   39  -36   31   14  -34   15   16
  25  -22   63   -7   -5  -26   -2  -14
 -30  -18   -3   -1   52   38  -72  -49
   2  -18  -24  -47   20    6  -67   -9
 -32   12  -25   49   11  -59  -15  -31
   9  -31  -14  -33   56    0    8   63
   4    7  -45   22    7   58   70  -22
 -35   52   39   -5   60  -18  -23  -51
  22    0    0   20    9  -54   13   25
  28  -34   28  -25   37    6    0  -38
   8  -18  -11  -13    9   11   -7  -30
  -9  -16  -55   -5   17    4  -18  -10
  13   13  -36   17    5  -53    6   -9
  16  -49  -32  -19   40    1  -14   10
 -14   -5  -40   -3    3   12   86   -7
  -4   18   -3  -25  102  -16  -25  -11
 -24    4  -13   26    6  -21   -9   11
   8   11   -4  -14   16   -9   12   10
 -24    1   22   19   20   54  -55  -45
  -6   -3  -39  -11   43  -24    0  -41
  15   14  -63   26    9   22   10   -3
  19  -44  -21   -3   10   19  -23   30
   7   -5  -13  -43   -2  -32   70  -36
 -20   13  -18  -15   88    4  -36   -9
  22   39  -21   23   -4  -20   13   14
   5    8   13  -17   30  -32   12    5
 -17   10   -3   -4   54   63  -89  -40
