Shape: torch.Size([1, 144, 64])
Range: [-128, 127]
Mean: -17.8777

量化值陣列:
-128  116  127  127 -128 -128 -128  126
-128 -128 -128  127  127 -128  126  127
 127  127 -128  127 -128 -128 -127  127
 127 -128 -128 -128 -128  126  127 -128
-128  127  127 -128   79 -128 -128  127
-128 -128  127  127 -128 -128  127 -128
 127  127 -128  127 -128 -128 -128  127
-128 -127  127 -128  127 -128   87 -128
-128  116  127  127 -128 -128 -128  126
-128 -128 -128  127  127 -128  126  127
 127  127 -128  127  127 -128 -127  127
 127 -128 -128 -128 -128  126  127 -128
-128  127  127 -128   80 -128 -128  127
-128 -128  127  127 -128 -128  127 -128
 127 -128 -128  127 -128 -128 -128  127
-128 -127  127 -128  127 -128   86 -128
-128  116  127  127 -128 -128 -128  126
-128 -128 -128  127  127 -128  126  127
 127  127 -128  127  127 -128 -127  127
 127 -128 -128 -128 -128  126  127 -128
-128  127  127 -128   80 -128 -128  127
-128 -128  127  127 -128 -128  127 -128
 127 -128 -128  127 -128 -128 -128  127
-128 -127  127 -128  127 -128   86 -128
-128  116  127  127 -128 -128 -128  126
-128 -128 -128  127  127 -128  126  127
 127  127 -128  127  127 -128 -127  127
 127 -128 -128 -128 -128  126  127 -128
-128  127  127 -128   80 -128 -128  127
-128 -128  127  127 -128 -128  127 -128
 127 -128 -128  127 -128 -128 -128  127
-128 -127  127 -128  127 -128   87 -128
-128  116  127  127 -128 -128 -128  126
-128 -128 -128  127  127 -128  126  127
 127  127 -128  127  127 -128 -127  127
 127 -128 -128 -128 -128  126  127 -128
-128  127  127 -128   80 -128 -128  127
-128 -128  127  127 -128 -128  127 -128
 127  127 -128  127 -128 -128 -128  127
-128 -127  127 -128  127 -128   86 -128
-128  116  127  127 -128 -128 -128  126
-128 -128 -128  127  127 -128  126  127
 127  127 -128  127  127 -128 -127  127
 127 -128 -128 -128 -128  126  127 -128
-128  127  127 -128   80 -128 -128  127
-128 -128  127  127 -128 -128  127 -128
 127  127 -128  127 -128 -128 -128  127
-128 -127  127 -128  127 -128   86 -128
-128  116  127  127 -128 -128 -128  126
-128 -128 -128  127  127 -128  126  127
 127  127 -128  127  127 -128 -127  127
 127 -128 -128 -128 -128  126  127 -128
-128  127  127 -128   80 -128 -128  127
-128 -128  127  127 -128 -128  127 -128
 127 -128 -128  127 -128 -128 -128  127
-128 -127  127 -128  127 -128   86 -128
-128  116  127  127 -128 -128 -128  126
-128 -128 -128  127  127 -128  126  127
 127  127 -128  127  127 -128 -127  127
 127 -128 -128 -128 -128  126  127 -128
-128  127  127 -128   81 -128 -128  127
-128 -128  127  127 -128 -128  127 -128
 127 -128 -128  127 -128 -128 -128  127
-128 -127  127 -128  127 -128   86 -128
-128  116  127  127 -128 -128 -128  126
-128 -128 -128  127  127 -128  126  127
 127  127 -128  127  127 -128 -127  127
 127 -128 -128 -128 -128  126  127 -128
-128  127  127 -128   80 -128 -128  127
-128 -128  127  127 -128 -128  127 -128
 127  127 -128  127 -128 -128 -128  127
-128 -127  127 -128  127 -128   86 -128
-128  116  127  127 -128 -128 -128  126
-128 -128 -128  127  127 -128  126  127
 127  127 -128  127  127 -128 -127  127
 127 -128 -128 -128 -128  126  127 -128
-128  127  127 -128   78 -128 -128  127
-128 -128  127  127 -128 -128  127 -128
 127  127 -128  127 -128 -128 -128  127
-128 -127  127 -128  127 -128   87 -128
-128  116  127  127 -128 -128 -128  126
-128 -128 -128  127  127 -128  126  127
 127  127 -128  127  127 -128 -127  127
 127 -128 -128 -128 -128  126  127 -128
-128  127  127 -128   81 -128 -128  127
-128 -128  127  127 -128 -128  127 -128
 127  127 -128  127 -128 -128 -128  127
-128 -127  127 -128  127 -128   86 -128
-128  116  127  127 -128 -128 -128  126
-128 -128 -128  127  127 -128  126  127
 127  127 -128  127  127 -128 -127  127
 127 -128 -128 -128 -128  126  127 -128
-128  127  127 -128   78 -128 -128  127
-128 -128  127  127 -128 -128  127 -128
 127  127 -128  127 -128 -128 -128  127
-128 -127  127 -128  127 -128   87 -128
-128  116  127  127 -128 -128 -128  126
-128 -128 -128  127  127 -128  126  127
 127  127 -128  127  127 -128 -127  127
 127 -128 -128 -128 -128  126  127 -128
-128  127  127 -128   77 -127 -128  127
-128 -128  127  127 -128 -128  127 -128
 127  127 -128  127 -128 -128 -128  127
-128 -127  127 -128  127 -128   87 -128
-128  116  127  127 -128 -128 -128  126
-128 -128 -128  127  127 -128  126  127
 127  127 -128  127  127 -128 -127  127
 127 -128 -128 -128 -128  126  127 -128
-128  127  127 -128   80 -128 -128  127
-128 -128  127  127 -128 -128  127 -128
 127  127 -128  127 -128 -128 -128  127
-128 -127  127 -128  127 -128   87 -128
-128  116  127  127 -128 -128 -128  126
-128 -128 -128  127  127 -128  126  127
 127  127 -128  127  127 -128 -127  127
 127 -128 -128 -128 -128  126  127 -128
-128  127  127 -128   79 -128 -128  127
-128 -128  127  127 -128 -128  127 -128
 127  127 -128  127 -128 -128 -128  127
-128 -127  127 -128  127 -128   87 -128
-128  116  127  127 -128 -128 -128  126
-128 -128 -128  127  127 -128  126  127
 127  127 -128  127  127 -128 -127  127
 127 -128 -128 -128 -128  126  127 -128
-128  127  127 -128   78 -128 -128  127
-128 -128  127  127 -128 -128  127 -128
 127  127 -128  127 -128 -128 -128  127
-128 -127  127 -128  127 -128   87 -128
-128  116  127  127 -128 -128 -128  126
-128 -128 -128  127  127 -128  126  127
 127  127 -128  127  127 -128 -127  127
 127 -128 -128 -128 -128  126  127 -128
-128  127  127 -128   79 -128 -128  127
-128 -128  127  127 -128 -128  127 -128
 127  127 -128  127 -128 -128 -128  127
-128 -127  127 -128  127 -128   87 -128
-128  116  127  127 -128 -128 -128  126
-128 -128 -128  127  127 -128  126  127
 127  127 -128  127  127 -128 -127  127
 127 -128 -128 -128 -128  126  127 -128
-128  127  127 -128   78 -128 -128  127
-128 -128  127  127 -128 -128  127 -128
 127  127 -128  127 -128 -128 -128  127
-128 -127  127 -128  127 -128   87 -128
-128  116  127  127 -128 -128 -128  126
-128 -128 -128  127  127 -128  126  127
 127  127 -128  127  127 -128 -127  127
 127 -128 -128 -128 -128  126  127 -128
-128  127  127 -128   80 -128 -128  127
-128 -128  127  127 -128 -128  127 -128
 127  127 -128  127 -128 -128 -128  127
-128 -127  127 -128  127 -128   87 -128
-128  116  127  127 -128 -128 -128  126
-128 -128 -128  127  127 -128  126  127
 127  127 -128  127  127 -128 -127  127
 127 -128 -128 -128 -128  126  127 -128
-128  127  127 -128   79 -127 -128  127
-128 -128  127  127 -128 -128  127 -128
 127  127 -128  127 -128 -128 -128  127
-128 -127  127 -128  127 -128   87 -128
-128  116  127  127 -128 -128 -128  126
-128 -128 -128  127  127 -128  126  127
 127  127 -128  127  127 -128 -127  127
 127 -128 -128 -128 -128  126  127 -128
-128  127  127 -128   79 -127 -128  127
-128 -128  127  127 -128 -128  127 -128
 127  127 -128  127 -128 -128 -128  127
-128 -127  127 -128  127 -128   87 -128
-128  116  127  127 -128 -128 -128  126
-128 -128 -128  127  127 -128  126  127
 127  127 -128  127  127 -128 -127  127
 127 -128 -128 -128 -128  126  127 -128
-128  127  127 -128   79 -127 -128  127
-128 -128  127  127 -128 -128  127 -128
 127  127 -128  127 -128 -128 -128  127
-128 -127  127 -128  127 -128   87 -128
-128  116  127  127 -128 -128 -128  126
-128 -128 -128  127  127 -128  126  127
 127  127 -128  127  127 -128 -127  127
 127 -128 -128 -128 -128  126  127 -128
-128  127  127 -128   79 -127 -128  127
-128 -128  127  127 -128 -128  127 -128
 127  127 -128  127 -128 -128 -128  127
-128 -127  127 -128  127 -128   87 -128
-128  116  127  127 -128 -128 -128  126
-128 -128 -128  127  127 -128  126  127
 127  127 -128  127  127 -128 -127  127
 127 -128 -128 -128 -128  126  127 -128
-128  127  127 -128   79 -127 -128  127
-128 -128  127  127 -128 -128  127 -128
 127  127 -128  127 -128 -128 -128  127
-128 -127  127 -128  127 -128   87 -128
-128  116  127  127 -128 -128 -128  126
-128 -128 -128  127  127 -128  126  127
 127  127 -128  127 -128 -128 -127  127
 127 -128 -128 -128 -128  126  127 -128
-128  127  127 -128   77 -128 -128  127
-128 -128  127  127 -128 -128  127 -128
 127 -128 -128  127 -128 -128 -128  127
-128 -127  127 -128  127 -128   87 -128
-128  116  127  127 -128 -128 -128  126
-128 -128 -128  127  127 -128  126  127
 127  127 -128  127  127 -128 -127  127
 127 -128 -128 -128 -128  126  127 -128
-128  127  127 -128   79 -127 -128  127
-128 -128  127  127 -128 -128  127 -128
 127  127 -128  127 -128 -128 -128  127
-128 -127  127 -128  127 -128   87 -128
-128  116  127  127 -128 -128 -128  126
-128 -128 -128  127  127 -128  126  127
 127  127 -128  127  127 -128 -127  127
 127 -128 -128 -128 -128  126  127 -128
-128  127  127 -128   78 -127 -128  127
-128 -128  127  127 -128 -128  127 -128
 127  127 -128  127 -128 -128 -128  127
-128 -127  127 -128  127 -128   87 -128
-128  116  127  127 -128 -128 -128  126
-128 -128 -128  127  127 -128  126  127
 127  127 -128  127  127 -128 -127  127
 127 -128 -128 -128 -128  126  127 -128
-128  127  127 -128   80 -127 -128  127
-128 -128  127  127 -128 -128  127 -128
 127  127 -128  127 -128 -128 -128  127
-128 -127  127 -128  127 -128   86 -128
-128  116  127  127 -128 -128 -128  126
-128 -128 -128  127  127 -128  126  127
 127  127 -128  127  127 -128 -127  127
 127 -128 -128 -128 -128  126  127 -128
-128  127  127 -128   79 -127 -128  127
-128 -128  127  127 -128 -128  127 -128
 127  127 -128  127 -128 -128 -128  127
-128 -127  127 -128  127 -128   87 -128
-128  116  127  127 -128 -128 -128  126
-128 -128 -128  127  127 -128  126  127
 127  127 -128  127  127 -128 -127  127
 127 -128 -128 -128 -128  126  127 -128
-128  127  127 -128   80 -127 -128  127
-128 -128  127  127 -128 -128  127 -128
 127  127 -128  127 -128 -128 -128  127
-128 -127  127 -128  127 -128   86 -128
-128  116  127  127 -128 -128 -128  126
-128 -128 -128  127  127 -128  126  127
 127  127 -128  127  127 -128 -127  127
 127 -128 -128 -128 -128  126  127 -128
-128  127  127 -128   77 -127 -128  127
-128 -128  127  127 -128 -128  127 -128
 127  127 -128  127 -128 -128 -128  127
-128 -127  127 -128  127 -128   87 -128
-128  116  127  127 -128 -128 -128  126
-128 -128 -128  127  127 -128  126  127
 127  127 -128  127  127 -128 -127  127
 127 -128 -128 -128 -128  126  127 -128
-128  127  127 -128   77 -127 -128  127
-128 -128  127  127 -128 -128  127 -128
 127  127 -128  127 -128 -128 -128  127
-128 -127  127 -128  127 -128   87 -128
-128  116  127  127 -128 -128 -128  126
-128 -128 -128  127  127 -128  126  127
 127  127 -128  127  127 -128 -127  127
 127 -128 -128 -128 -128  126  127 -128
-128  127  127 -128   78 -127 -128  127
-128 -128  127  127 -128 -128  127 -128
 127  127 -128  127 -128 -128 -128  127
-128 -127  127 -128  127 -128   87 -128
-128  116  127  127 -128 -128 -128  126
-128 -128 -128  127  127 -128  126  127
 127  127 -128  127  127 -128 -127  127
 127 -128 -128 -128 -128  126  127 -128
-128  127  127 -128   79 -127 -128  127
-128 -128  127  127 -128 -128  127 -128
 127  127 -128  127 -128 -128 -128  127
-128 -127  127 -128  127 -128   87 -128
-128  116  127  127 -128 -128 -128  126
-128 -128 -128  127  127 -128  126  127
 127  127 -128  127  127 -128 -127  127
 127 -128 -128 -128 -128  126  127 -128
-128  127  127 -128   79 -127 -128  127
-128 -128  127  127 -128 -128  127 -128
 127  127 -128  127 -128 -128 -128  127
-128 -127  127 -128  127 -128   87 -128
-128  116  127  127 -128 -128 -128  126
-128 -128 -128  127  127 -128  126  127
 127  127 -128  127  127 -128 -127  127
 127 -128 -128 -128 -128  126  127 -128
-128  127  127 -128   79 -127 -128  127
-128 -128  127  127 -128 -128  127 -128
 127  127 -128  127 -128 -128 -128  127
-128 -127  127 -128  127 -128   87 -128
-128  116  127  127 -128 -128 -128  126
-128 -128 -128  127  127 -128  126  127
 127  127 -128  127 -128 -128 -127  127
 127 -128 -128 -128 -128  126  127 -128
-128  127  127 -128   75 -127 -128  127
-128 -128  127  127 -128 -128  127 -128
 127  127 -128  127 -128 -128 -128  127
-128 -127  127 -128  127 -128   88 -128
-128  116  127  127 -128 -128 -128  126
-128 -128 -128  127  127 -128  126  127
 127  127 -128  127 -128 -128 -127  127
 127 -128 -128 -128 -128  126  127 -128
-128  127  127 -128   77 -127 -128  127
-128 -128  127  127 -128 -128  127 -128
 127  127 -128  127 -128 -128 -128  127
-128 -127  127 -128  127 -128   87 -128
-128  116  127  127 -128 -128 -128  126
-128 -128 -128  127  127 -128  126  127
 127  127 -128  127  127 -128 -127  127
 127 -128 -128 -128 -128  126  127 -128
-128  127  127 -128   78 -127 -128  127
-128 -128  127  127 -128 -128  127 -128
 127  127 -128  127 -128 -128 -128  127
-128 -127  127 -128  127 -128   87 -128
-128  116  127  127 -128 -128 -128  126
-128 -128 -128  127  127 -128  126  127
 127  127 -128  127  127 -128 -127  127
 127 -128 -128 -128 -128  126  127 -128
-128  127  127 -128   76 -127 -128  127
-128 -128  127  127 -128 -128  127 -128
 127  127 -128  127 -128 -128 -128  127
-128 -127  127 -128  127 -128   87 -128
-128  116  127  127 -128 -128 -128  126
-128 -128 -128  127  127 -128  126  127
 127  127 -128  127  127 -128 -127  127
 127 -128 -128 -128 -128  126  127 -128
-128  127  127 -128   79 -127 -128  127
-128 -128  127  127 -128 -128  127 -128
 127  127 -128  127 -128 -128 -128  127
-128 -127  127 -128  127 -128   87 -128
-128  116  127  127 -128 -128 -128  126
-128 -128 -128  127  127 -128  126  127
 127  127 -128  127  127 -128 -127  127
 127 -128 -128 -128 -128  126  127 -128
-128  127  127 -128   77 -127 -128  127
-128 -128  127  127 -128 -128  127 -128
 127  127 -128  127 -128 -128 -128  127
-128 -127  127 -128  127 -128   87 -128
-128  115  127  127 -128 -128 -128  126
-128 -128 -128  127  127 -128  126  127
 127  127 -128  127 -128 -128 -127  127
 127 -128 -128 -128 -128  127 -128 -128
-128  127  127 -128   77 -128 -128  127
 127 -128  127  127 -128 -128  127 -128
 127 -128 -128  127 -128 -128 -128  127
-128 -127  127 -128  127 -128   86 -128
-128  114  127 -128 -128 -128 -128  127
-128 -128 -128  127 -128 -128  127 -128
-128 -128 -128 -128 -128 -128 -128  127
-128 -128 -128 -128 -128  127 -128 -128
-128  127  127  127   62 -128 -128  127
 127 -128  126  127 -128  127  127 -128
 127 -128 -128  127 -128 -128  127  127
 127 -128 -128 -128  127 -128   87 -128
-128  114  127 -128 -128 -128  127  127
-128 -128 -128  127  127 -128  127  127
-128 -128 -128 -128 -128 -128 -128  127
-128  127 -128 -128 -128  127 -128 -128
-128  127  127  127   70 -128 -128  127
 127 -128  126  127 -128  127  127 -128
 127 -128 -128  127 -128  127  127  127
 127 -128 -128 -128  127 -128   85 -128
-128  116  127  127 -128 -128 -128  126
-128 -128 -128  127  127 -128  126  127
 127  127 -128  127  127 -128 -127  127
 127 -128 -128 -128 -128  126  127 -128
-128  127  127 -128   79 -127 -128  127
-128 -128  127  127 -128 -128  127 -128
 127  127 -128  127 -128 -128 -128  127
-128 -127  127 -128  127 -128   87 -128
-128  116  127  127 -128 -128 -128  126
-128 -128 -128  127  127 -128  126  127
 127  127 -128  127  127 -128 -127  127
 127 -128 -128 -128 -128  126  127 -128
-128  127  127 -128   79 -127 -128  127
-128 -128  127  127 -128 -128  127 -128
 127  127 -128  127 -128 -128 -128  127
-128 -127  127 -128  127 -128   87 -128
-128  116  127  127 -128 -128 -128  126
-128 -128 -128  127  127 -128  126  127
 127  127 -128  127  127 -128 -127  127
 127 -128 -128 -128 -128  126  127 -128
-128  127  127 -128   80 -127 -128  127
-128 -128  127  127 -128 -128  127 -128
 127  127 -128  127 -128 -128 -128  127
-128 -127  127 -128  127 -128   87 -128
-128  115  127  127 -128 -128 -128  126
-128 -128 -128  127  127 -128  126  127
 127  127 -128  127 -128 -128 -127  127
 127 -128 -128 -128 -128  127 -128 -128
-128  127  127 -128   74 -128 -128  127
 127 -128  127  127 -128 -128  127 -128
 127 -128 -128  127 -128 -128 -128  127
-128 -127  127 -128  127 -128   87 -128
-128  116  127  127 -128 -128 -128  126
-128 -128 -128  127  127 -128  126  127
 127  127 -128  127 -128 -128 -127  127
 127 -128 -128 -128 -128  127 -128 -128
-128  127  127 -128   71 -128 -128  127
-128 -128  127  127 -128 -128  127 -128
 127 -128 -128  127 -128 -128 -128  127
-128 -128  127 -128  127 -128   88 -128
-128  116  127  127 -128 -128 -128  126
-128 -128 -128  127  127 -128  126  127
 127  127 -128  127  127 -128 -127  127
 127 -128 -128 -128 -128  126  127 -128
-128  127  127 -128   77 -127 -128  127
-128 -128  127  127 -128 -128  127 -128
 127 -128 -128  127 -128 -128 -128  127
-128 -127  127 -128  127 -128   87 -128
-128  116  127  127 -128 -128 -128  126
-128 -128 -128  127  127 -128  126  127
 127  127 -128  127 -128 -128 -127  127
 127 -128 -128 -128 -128  126  127 -128
-128  127  127 -128   75 -127 -128  127
-128 -128  127  127 -128 -128  127 -128
 127  127 -128  127 -128 -128 -128  127
-128 -127  127 -128  127 -128   87 -128
-128  116  127  127 -128 -128 -128  126
-128 -128 -128  127  127 -128  126  127
 127  127 -128  127  127 -128 -127  127
 127 -128 -128 -128 -128  126  127 -128
-128  127  127 -128   77 -127 -128  127
-128 -128  127  127 -128 -128  127 -128
 127  127 -128  127 -128 -128 -128  127
-128 -127  127 -128  127 -128   87 -128
-128  116  127  127 -128 -128 -128  126
-128 -128 -128  127  127 -128  126  127
 127  127 -128  127  127 -128 -127  127
 127 -128 -128 -128 -128  126  127 -128
-128  127  127 -128   77 -127 -128  127
-128 -128  127  127 -128 -128  127 -128
 127  127 -128  127 -128 -128 -128  127
-128 -127  127 -128  127 -128   87 -128
-128  114  127 -128 -128 -128 -128  127
 127 -128 -128 -128 -128 -128  127 -128
-128 -128 -128 -128 -128 -128 -128  127
-128 -128 -128 -128 -128  127 -128 -128
-128  127  127 -128   63 -128 -128  127
 127 -128  126  127 -128  127  127 -128
 127 -128 -128  127 -128 -128 -128  127
 127 -128 -128 -128  127 -128   86 -128
-128  114  127 -128 -128 -128  127  127
 127 -128 -128  127 -128 -128  127 -128
-128 -128 -128 -128 -128 -128 -128  127
-128 -128 -128 -128 -128  127 -128 -128
-128  127  127 -128   65 -128 -128  127
 127 -128  126  127 -128  127  127 -128
 127 -128 -128  127 -128 -128 -128  127
 127 -128 -128 -128  127 -128   86 -128
-128  114  127 -128 -128 -128  127  127
-128 -128 -128  127  127 -128  127  127
-128 -128 -128 -128 -128 -128 -128  127
-128  127 -128 -128 -128  127 -128 -128
-128  127  127  127   67 -128 -128  127
 127 -128  126  127 -128  127  127 -128
 127 -128 -128  127 -128  127  127  127
 127 -128 -128 -128  127 -128   86 -128
-128  116  127  127 -128 -128 -128  126
-128 -128 -128  127  127 -128  126  127
 127  127 -128  127  127 -128 -127  127
 127 -128 -128 -128 -128  126  127 -128
-128  127  127 -128   78 -127 -128  127
-128 -128  127  127 -128 -128  127 -128
 127  127 -128  127 -128 -128 -128  127
-128 -127  127 -128  127 -128   87 -128
-128  116  127  127 -128 -128 -128  126
-128 -128 -128  127  127 -128  126  127
 127  127 -128  127  127 -128 -127  127
 127 -128 -128 -128 -128  126  127 -128
-128  127  127 -128   77 -127 -128  127
-128 -128  127  127 -128 -128  127 -128
 127  127 -128  127 -128 -128 -128  127
-128 -127  127 -128  127 -128   87 -128
-128  116  127  127 -128 -128 -128  126
-128 -128 -128  127  127 -128  126  127
 127  127 -128  127  127 -128 -127  127
 127 -128 -128 -128 -128  126  127 -128
-128  127  127 -128   77 -127 -128  127
-128 -128  127  127 -128 -128  127 -128
 127  127 -128  127 -128 -128 -128  127
-128 -127  127 -128  127 -128   87 -128
-128  115  127 -128 -128 -128 -128  127
-128 -128 -128  127  127 -128  127  127
 127 -128 -128 -128 -128 -128 -128  127
-128 -128 -128 -128 -128  127 -128 -128
-128  127  127 -128   62 -128 -128  127
 127 -128  127  127 -128 -128  127 -128
 127 -128 -128  127 -128 -128 -128  127
-128 -128 -128 -128  127 -128   88 -128
-128  116  127  127 -128 -128 -128  126
-128 -128 -128  127  127 -128  126  127
 127  127 -128  127 -128 -128 -127  127
 127 -128 -128 -128 -128  126  127 -128
-128  127  127 -128   68 -127 -128  127
-128 -128  127  127 -128 -128  127 -128
 127  127 -128  127 -128 -128 -128  127
-128 -128 -128 -128  127 -128   89 -128
-128  116  127  127 -128 -128 -128  126
-128 -128 -128  127  127 -128  126  127
 127  127 -128  127 -128 -128 -127  127
-128 -128 -128 -128 -128  127 -128 -128
-128  127  127 -128   70 -128 -128  127
-128 -128  127  127 -128 -128  127 -128
 127 -128 -128  127 -128 -128 -128  127
-128 -128  127 -128  127 -128   88 -128
-128  115  127 -128 -128 -128 -128  127
-128 -128 -128  127  127 -128  127  127
 127 -128 -128 -128 -128 -128 -128  127
-128 -128 -128 -128 -128  127 -128 -128
-128  127  127  127   66 -128 -128  127
 127 -128  126  127 -128  127  127 -128
 127 -128 -128  127 -128 -128 -128  127
-128 -128 -128 -128  127 -128   87 -128
-128  115  127 -128 -128 -128 -128  127
-128 -128 -128  127  127 -128  127  127
 127 -128 -128 -128 -128 -128 -128  127
-128 -128 -128 -128 -128  127 -128 -128
-128  127  127 -128   56 -128 -128  127
 127 -128  127  127 -128 -128  127 -128
 127 -128 -128  127 -128 -128 -128  127
-128 -128 -128 -128  127 -128   90 -128
-128  115  127 -128 -128 -128 -128  127
-128 -128 -128  127  127 -128  127  127
 127 -128 -128 -128 -128 -128 -128  127
-128 -128 -128 -128 -128  127 -128 -128
-128  127  127  127   65 -128 -128  127
 127 -128  126  127 -128  127  127 -128
 127 -128 -128  127 -128 -128 -128  127
-128 -128 -128 -128  127 -128   87 -128
-128  116  127 -128 -128 -128 -128  126
-128 -128 -128  127  127 -128  126  127
 127  127 -128  127 -128 -128 -127  127
-128 -128 -128 -128 -128  127 -128 -128
-128  127  127 -128   64 -128 -128  127
-128 -128  127  127 -128 -128  127 -128
 127 -128 -128  127 -128 -128 -128  127
-128 -128 -128 -128  127 -128   89 -128
-128  114 -128 -128 -128 -128  127  127
-128 -128 -128  127  127 -128  127  127
-128 -128 -128 -128 -128 -128 -128  127
 127  127 -128 -128 -128  127 -128 -128
-128  127  127  127   62 -128 -128  127
 127 -128  126  127 -128  127  127 -128
 127 -128 -128  127 -128  127  127  127
 127 -128 -128 -128  127 -128   87 -128
-128  114  127 -128 -128 -128  127  127
-128 -128 -128  127  127 -128  127  127
-128 -128 -128 -128 -128 -128 -128  127
-128  127 -128 -128 -128  127 -128 -128
-128  127  127  127   70 -128 -128  127
 127 -128  126  127 -128  127  127 -128
 127 -128 -128  127 -128  127  127  127
 127 -128 -128 -128  127 -128   85 -128
-128  116  127 -128 -128 -128 -128  126
-128 -128 -128  127  127 -128  126  127
 127  127 -128 -128 -128 -128 -128  127
-128 -128 -128 -128 -128  127 -128 -128
-128  127  127 -128   64 -128 -128  127
 127 -128  127  127 -128 -128  127 -128
 127 -128 -128  127 -128 -128 -128  127
-128 -128 -128 -128  127 -128   88 -128
-128  115  127 -128 -128 -128 -128  127
-128 -128 -128  127  127 -128  127  127
 127 -128 -128 -128 -128 -128 -127  127
-128 -128 -128 -128 -128  127 -128 -128
-128  127  127 -128   65 -128 -128  127
 127 -128  127  127 -128 -128  127 -128
 127 -128 -128  127 -128 -128 -128  127
-128 -128 -128 -128  127 -128   88 -128
-128  116  127  127 -128 -128 -128  126
-128 -128 -128  127  127 -128  126  127
 127  127 -128  127 -128 -128 -127  127
 127 -128 -128 -128 -128  126  127 -128
-128  127  127 -128   72 -127 -128  127
-128 -128  127  127 -128 -128  127 -128
 127  127 -128  127 -128 -128 -128  127
-128 -127  127 -128  127 -128   88 -128
-128  116  127  127 -128 -128 -128  126
-128 -128 -128  127  127 -128  126  127
 127  127 -128  127 -128 -128 -127  127
 127 -128 -128 -128 -128  126  127 -128
-128  127  127 -128   68 -127 -128  127
-128 -128  127  127 -128 -128  127 -128
 127  127 -128  127 -128 -128 -128  127
-128 -127 -128 -128  127 -128   89 -128
-128  116  127  127 -128 -128 -128  126
-128 -128 -128  127  127 -128  126  127
 127  127 -128  127 -128 -128 -127  127
 127 -128 -128 -128 -128  126  127 -128
-128 -128  127 -128   70 -128 -128  127
-128 -128  127  127 -128 -128  127 -128
 127  127 -128  127 -128 -128 -128  127
-128 -127  127 -128  127 -128   88 -128
-128  116  127  127 -128 -128 -128  126
-128 -128 -128  127  127 -128  126  127
 127  127 -128  127 -128 -128 -127  127
 127 -128 -128 -128 -128  126  127 -128
-128  127  127 -128   72 -128 -128  127
-128 -128  127  127 -128 -128  127 -128
 127  127 -128  127 -128 -128 -128  127
-128 -127  127 -128  127 -128   88 -128
-128  116  127  127 -128 -128 -128  126
-128 -128 -128  127  127 -128  126  127
 127  127 -128  127 -128 -128 -127  127
 127 -128 -128 -128 -128  126  127 -128
-128  127  127 -128   71 -127 -128  127
-128 -128  127  127 -128 -128  127 -128
 127  127 -128  127 -128 -128 -128  127
-128 -127  127 -128  127 -128   88 -128
-128  116  127  127 -128 -128 -128  126
-128 -128 -128  127  127 -128  126  127
 127  127 -128  127 -128 -128 -127  127
 127 -128 -128 -128 -128  126 -128 -128
-128 -128  127 -128   71 -128 -128  127
-128 -128  127  127 -128 -128  127 -128
 127 -128 -128  127 -128 -128 -128  127
-128 -127  127 -128  127 -128   88 -128
-128  114  127  127 -128 -128 -128  127
-128 -128 -128  127  127 -128  127  127
 127 -128 -128 -128 -128 -128 -128  127
 127 -128 -128 -128 -128  127 -128 -128
-128  127  127 -128   76 -128 -128  127
 127 -128  126  127 -128  127  127 -128
 127 -128 -128  127 -128 -128 -128  127
 127 -127  127 -128  127 -128   85 -128
-128  115  127  127 -128 -128 -128  126
-128 -128 -128  127  127 -128  126  127
 127  127 -128  127 -128 -128 -127  127
 127 -128 -128 -128 -128  126 -128 -128
-128  127  127 -128   70 -128 -128  127
-128 -128  127  127 -128 -128  127 -128
 127 -128 -128  127 -128 -128 -128  127
-128 -128 -128 -128  127 -128   88 -128
-128  115  127  127 -128 -128 -128  126
-128 -128 -128  127  127 -128  126  127
 127  127 -128  127 -128 -128 -127  127
-128 -128 -128 -128 -128  127 -128 -128
-128  127  127 -128   72 -128 -128  127
-128 -128  127  127 -128 -128  127 -128
 127 -128 -128  127 -128 -128 -128  127
-128 -128  127 -128  127 -128   87 -128
-128  114  127 -128 -128 -128  127  127
-128 -128 -128  127 -128 -128  127 -128
-128 -128 -128 -128 -128 -128 -128  127
-128 -128 -128 -128 -128  127 -128 -128
-128  127  127  127   63 -128 -128  127
 127 -128  126  127 -128  127  127 -128
 127 -128 -128  127 -128 -128 -128  127
 127 -128 -128 -128  127 -128   87 -128
-128  114  127 -128 -128 -128  127  127
-128 -128 -128  127  127 -128  127  127
-128 -128 -128 -128 -128 -128 -128  127
-128  127 -128 -128 -128  127 -128 -128
-128  127  127  127   67 -128 -128  127
 127 -128  126  127 -128  127  127 -128
 127 -128 -128  127 -128  127 -128  127
 127 -128 -128 -128  127 -128   86 -128
-128  116  127  127 -128 -128 -128  126
-128 -128 -128  127  127 -128  126  127
 127  127 -128  127 -128 -128 -127  127
-128 -128 -128 -128 -128  127 -128 -128
-128  127  127 -128   66 -128 -128  127
-128 -128  127  127 -128 -128  127 -128
 127 -128 -128  127 -128 -128 -128  127
-128 -128 -128 -128  127 -128   89 -128
-128  116 -128  127 -128 -128 -128  126
-128 -128 -128  127  127 -128  126  127
 127  127 -128  127 -128 -128 -128  127
 127 -128 -128 -128 -128  127 -128 -128
-128  127  127 -128   59 -127 -128  127
-128 -128  127  127 -128 -128  127 -128
 127 -128 -128  127 -128 -128 -128  127
-128 -127 -128 -128  127 -128   90 -128
-128  115  127  127 -128 -128 -128  127
-128 -128 -128  127  127 -128  127  127
 127 -128 -128 -128 -128 -128 -128  127
 127 -128 -128 -128 -128  127 -128 -128
-128  127  127 -128   54 -128 -128  127
 127 -128  127  127 -128 -128  127 -128
 127 -128 -128  127 -128 -128 -128  127
-128 -128 -128 -128  127 -128   90 -128
-128  114  127 -128 -128 -128 -128  127
-128 -128 -128 -128 -128 -128  127 -128
 127 -128 -128 -128 -128 -128 -128  127
-128 -128 -128 -128 -128  127 -128 -128
-128  127  127 -128   59 -128 -128  127
 127 -128  126  127 -128  127  127 -128
 127 -128 -128  127 -128 -128 -128  127
-128 -128 -128 -128  127 -128   88 -128
-128  115  127 -128 -128 -128 -128  127
-128 -128 -128  127  127 -128  127  127
 127 -128 -128 -128 -128 -128 -128  127
-128 -128 -128 -128 -128  127 -128 -128
-128  127  127 -128   65 -128 -128  127
 127 -128  127  127 -128  127  127 -128
 127 -128 -128  127 -128 -128 -128  127
-128 -128 -128 -128  127 -128   87 -128
-128  114  127 -128 -128 -128 -128  127
-128 -128 -128  127  127 -128  127  127
-128 -128 -128 -128 -128 -128 -128  127
-128 -128 -128 -128 -128  127 -128 -128
-128  127  127 -128   71 -128 -128  127
 127 -128  126  127 -128  127  127 -128
 127 -128 -128  127 -128 -128 -128  127
 127 -128 -128 -128  127 -128   86 -128
-128  114  127 -128 -128 -128  127  127
-128 -128 -128  127  127 -128  127  127
-128 -128 -128 -128 -128 -128 -128  127
 127  127 -128 -128 -128  127 -128 -128
-128  127  127 -128   77 -128 -128  127
 127 -128  126  127 -128  127  127 -128
 127 -128 -128  127 -128  127  127  127
 127 -127  127 -128  127 -128   84 -128
-128  116  127  127 -128 -128 -128  126
-128 -128 -128  127  127 -128  126  127
 127  127 -128  127 -128 -128 -127  127
 127 -128 -128 -128 -128  126  127 -128
-128  127  127 -128   75 -128 -128  127
-128 -128  127  127 -128 -128  127 -128
 127 -128 -128  127 -128 -128 -128  127
-128 -127  127 -128  127 -128   87 -128
-128  116 -128  127 -128 -128 -128  126
-128 -128 -128  127  127 -128  126  127
 127  127 -128  127 -128 -128 -127  126
 127 -128  127 -128 -128  126  127 -128
-128  127  127 -128   75 -128 -128  127
-128 -128  127  127 -128 -128  127 -128
 127 -128 -128  127 -128 -128 -128  127
-128 -127  127 -128  127 -128   87 -128
-128  116  127  127 -128 -128 -128  126
-128 -128 -128  127  127 -128  126  127
 127  127 -128  127 -128 -128 -127  127
 127 -128 -128 -128 -128  126  127 -128
-128 -128  127 -128   70 -128 -128  127
-128 -128  127  127 -128 -128  127 -128
 127  127 -128  127 -128 -128 -128  127
-128 -127  127 -128  127 -128   88 -128
-128  115  127 -128 -128 -128 -128  127
-128 -128 -128 -128 -128 -128  127 -128
 127 -128 -128 -128 -128 -128 -128  127
-128 -128 -128 -128 -128  127 -128 -128
-128  127  127 -128   55 -128 -128  127
 127 -128  126  127 -128  127 -128 -128
-128 -128 -128  127 -128 -128 -128  127
-128 -128 -128 -128  127 -128   89 -128
-128  114  127 -128 -128 -128  127  127
-128 -128 -128  127 -128 -128  127  127
-128 -128 -128 -128 -128 -128 -128  127
-128  127 -128 -128 -128  127 -128 -128
-128  127  127  127   65 -128 -128  127
 127 -128  126  127 -128  127  127 -128
 127 -128 -128  127 -128 -128  127  127
 127 -128 -128 -128  127 -128   86 -128
-128  114  127 -128 -128 -128  127  127
-128 -128 -128  127 -128 -128  127  127
-128 -128 -128 -128 -128 -128 -128  127
-128 -128 -128 -128 -128  127 -128 -128
-128  127  127  127   54 -128 -128  127
 127 -128  126  127 -128  127  127 -128
 127 -128 -128  127 -128  127  127  127
-128 -128 -128 -128  127 -128   89 -128
-128  114  127 -128 -128 -128 -128  127
-128 -128 -128  127 -128 -128  127 -128
-128 -128 -128 -128 -128 -128 -128  127
-128 -128 -128 -128 -128  127 -128 -128
-128  127  127  127   58 -128 -128  127
 127 -128  126  127 -128  127  127 -128
 127 -128 -128  127 -128 -128  127  127
 127 -128 -128 -128  127 -128   88 -128
-128  114  127 -128 -128 -128 -128  127
 127 -128 -128 -128 -128 -128  127 -128
-128 -128 -128 -128 -128 -128 -128  127
-128 -128 -128 -128 -128  127 -128 -128
-128  127  127  127   57 -128 -128  127
 127 -128  126  127 -128  127  127 -128
 127 -128 -128  127 -128 -128 -128  127
-128 -128 -128 -128  127 -128   88 -128
-128  115  127 -128 -128 -128 -128  127
-128 -128 -128  127  127 -128  126  127
 127  127 -128 -128 -128 -128 -127  127
-128 -128 -128 -128 -128  127 -128 -128
-128  127  127 -128   68 -128 -128  127
 127 -128  127  127 -128 -128  127 -128
 127 -128 -128  127 -128 -128 -128  127
-128 -128 -128 -128  127 -128   87 -128
-128  114  127 -128 -128 -128  127  127
-128 -128 -128  127  127 -128  127 -128
-128 -128 -128 -128 -128 -128 -128  127
-128  127 -128 -128 -128  127 -128 -128
-128  127  127 -128   73 -128 -128  127
 127 -128  126  127 -128  127  127 -128
 127 -128 -128  127 -128  127  127  127
 127 -128 -128 -128  127 -128   85 -128
-128  115  127  127 -128 -128 -128  126
-128 -128 -128  127  127 -128  126  127
 127  127 -128  127 -128 -128 -127  127
 127 -128 -128 -128 -128  127 -128 -128
-128  127  127 -128   76 -128 -128  127
 127 -128  127  127 -128 -128  127 -128
 127 -128 -128  127 -128 -128 -128  127
-128 -127  127 -128  127 -128   86 -128
-128  116  127  127 -128 -128 -128  126
-128 -128 -128  127  127 -128  126  127
 127  127 -128  127  127 -128 -127  126
 127 -128  127 -128 -128  126  127 -128
-128  127  127 -128   81 -128 -128  127
-128 -128  127  127 -128 -128  127 -128
 127 -128 -128  127 -128 -128 -128  127
-128 -127  127 -128  127 -128   86 -128
-128  116  127  127 -128 -128 -128  126
-128 -128 -128  127  127 -128  126  127
 127  127 -128  127  127 -128 -127  126
 127 -128  127 -128 -128  126  127 -128
-128  127  127 -128   80 -128 -128  127
-128 -128  127  127 -128 -128  127 -128
 127 -128 -128  127 -128 -128 -128  127
-128 -127  127 -128  127 -128   86 -128
-128  116  127  127 -128 -128 -128  126
-128 -128 -128  127  127 -128  126  127
 127  127 -128  127 -128 -128 -127  126
 127 -128  127 -128 -128  126  127 -128
-128  127  127 -128   79 -128 -128  127
-128 -128  127  127 -128 -128  127 -128
 127 -128 -128  127 -128 -128 -128  127
-128 -127  127 -128  127 -128   86 -128
-128  116  127  127 -128 -128 -128  126
-128 -128 -128  127  127 -128  126  127
 127  127 -128  127 -128 -128 -127  127
 127 -128 -128 -128 -128  126  127 -128
-128  127  127 -128   74 -128 -128  127
-128 -128  127  127 -128 -128  127 -128
 127 -128 -128  127 -128 -128 -128  127
-128 -127  127 -128  127 -128   87 -128
-128  116  127  127 -128 -128 -128  126
-128 -128 -128  127  127 -128  126  127
 127  127 -128  127 -128 -128 -127  127
 127 -128 -128 -128 -128  126  127 -128
-128  127  127 -128   66 -127 -128  127
-128 -128  127  127 -128 -128  127 -128
 127  127 -128  127 -128 -128 -128  127
-128 -128 -128 -128  127 -128   89 -128
-128  114  127 -128 -128 -128  127  127
-128 -128 -128  127  127 -128  127  127
-128 -128 -128 -128 -128 -128 -128  127
-128  127 -128 -128 -128  127 -128 -128
-128  127  127  127   60 -128 -128  127
 127 -128  126  127 -128  127  127 -128
 127 -128 -128  127 -128  127  127  127
-128 -128 -128 -128  127 -128   88 -128
-128  114 -128 -128 -128 -128  127  127
-128 -128 -128  127  127 -128  127  127
-128 -128 -128 -128 -128 -128 -128  127
 127  127 -128 -128 -128  127 -128 -128
-128  127  127  127   61 -128 -128  127
 127 -128  126  127 -128  127  127 -128
 127 -128 -128  127 -128  127  127  127
 127 -128 -128 -128  127 -128   87 -128
-128  114  127 -128 -128 -128  127  127
-128 -128 -128  127 -128 -128  127  127
-128 -128 -128 -128 -128 -128 -128  127
-128 -128 -128 -128 -128  127 -128 -128
-128  127  127  127   57 -128 -128  127
 127 -128  126  127 -128  127  127 -128
 127 -128 -128  127 -128  127  127  127
-128 -128 -128 -128  127 -128   88 -128
-128  114  127 -128 -128 -128  127  127
-128 -128 -128  127  127 -128  127  127
-128 -128 -128 -128 -128 -128 -128  127
-128  127 -128 -128 -128  127 -128 -128
-128  127  127 -128   73 -128 -128  127
 127 -128  126  127 -128  127  127 -128
 127 -128 -128  127 -128 -128 -128  127
 127 -128 -128 -128  127 -128   85 -128
-128  113  127 -128 -128 -128  127  127
-128 -128 -128  127  127 -128  127 -128
-128 -128 -128 -128 -128 -128 -128  127
-128  127 -128 -128 -128  127 -128 -128
-128  127  127 -128   74 -128 -128  127
 127 -128  126  127 -128  127  127 -128
 127 -128 -128  127 -128 -128  127  127
 127 -128 -128 -128  127 -128   84 -128
-128  115  127  127 -128 -128 -128  126
-128 -128 -128  127  127 -128  126  127
 127  127 -128  127  127 -128 -127  126
 127 -128  127 -128 -128  126  127 -128
-128  127  127 -128   81 -128 -128  127
-128 -128  127  127 -128 -128  127 -128
 127 -128 -128  127 -128 -128 -128  127
-128 -127  127 -128  127 -128   86 -128
-128  115  127  127 -128 -128 -128  126
-128 -128 -128  127  127 -128  126  127
 127  127 -128  127  127 -128 -127  126
 127 -128  127 -128 -128  126  127 -128
-128  127  127 -128   81 -128 -128  127
-128 -128  127  127 -128 -128  127 -128
 127 -128 -128  127 -128 -128 -128  127
-128 -127  127 -128  127 -128   86 -128
-128  116  127  127 -128 -128 -128  126
-128 -128 -128  127  127 -128  126  127
 127  127 -128  127  127 -128 -127  126
 127 -128  127 -128 -128  126  127 -128
-128  127  127 -128   81 -128 -128  127
-128 -128  127  127 -128 -128  127 -128
 127 -128 -128  127 -128 -128 -128  127
-128 -127  127 -128  127 -128   86 -128
-128  116  127  127 -128 -128 -128  126
-128 -128 -128  127  127 -128  126  127
 127  127 -128  127  127 -128 -127  126
 127 -128  127 -128 -128  126  127 -128
-128  127  127 -128   81 -128 -128  127
-128 -128  127  127 -128 -128  127 -128
 127 -128 -128  127 -128 -128 -128  127
-128 -127  127 -128  127 -128   86 -128
-128  116  127  127 -128 -128 -128  126
-128 -128 -128  127  127 -128  126  127
 127  127 -128  127  127 -128 -127  126
 127 -128  127 -128 -128  126  127 -128
-128  127  127 -128   81 -128 -128  127
-128 -128  127  127 -128 -128  127 -128
 127 -128 -128  127 -128 -128 -128  127
-128 -127  127 -128  127 -128   86 -128
-128  116  127  127 -128 -128 -128  126
-128 -128 -128  127  127 -128  126  127
 127  127 -128  127 -128 -128 -127  127
 127 -128 -128 -128 -128  126  127 -128
-128  127  127 -128   75 -127 -128  127
-128 -128  127  127 -128 -128  127 -128
 127  127 -128  127 -128 -128 -128  127
-128 -127  127 -128  127 -128   87 -128
-128  116  127  127 -128 -128 -128  126
-128 -128 -128  127  127 -128  126  127
 127  127 -128  127 -128 -128 -127  127
 127 -128 -128 -128 -128  126 -128 -128
-128  127  127 -128   69 -127 -128  127
-128 -128  127  127 -128 -128  127 -128
 127 -128 -128  127 -128 -128 -128  127
-128 -127 -128 -128  127 -128   88 -128
-128  115  127 -128 -128 -128 -128  127
-128 -128 -128  127  127 -128  127  127
 127 -128 -128 -128 -128 -128 -128  127
 127 -128 -128 -128 -128  127 -128 -128
-128  127  127 -128   60 -128 -128  127
 127 -128  127  127 -128  127  127 -128
 127 -128 -128  127 -128 -128 -128  127
-128 -128 -128 -128  127 -128   89 -128
-128  114 -128 -128 -128 -128  127  127
-128 -128 -128  127  127 -128  127  127
-128 -128 -127 -128 -128 -128 -128  127
 127  127 -128 -128 -128  127 -128 -128
-128  127  127  127   56 -128 -128 -128
 127 -128  126  127 -128  127  127 -128
 127 -128 -128  127 -128  127  127  127
-128 -128 -128 -128  127 -128   88  127
-128  114  127 -128 -128 -128  127  127
-128 -128 -128  127  127 -128  127  127
-128 -128 -128 -128 -128 -128 -128  127
 127  127 -128 -128 -128  127 -128 -128
-128  127  127  127   61 -128 -128  127
 127 -128  126  127 -128  127  127 -128
 127 -128 -128  127 -128  127  127  127
 127 -128 -128 -128  127 -128   87 -128
-128  115  127  127 -128 -128 -128  126
-128 -128 -128  127  127 -128  126  127
 127  127 -128  127 -128 -128 -127  127
 127 -128 -128 -128 -128  126 -128 -128
-128  127  127 -128   78 -128 -128  127
 127 -128  127  127 -128 -128  127 -128
 127 -128 -128  127 -128 -128 -128  127
-128 -127  127 -128  127 -128   86 -128
-128  115 -128  127 -128 -128 -128  126
-128 -128 -128  127  127 -128  126  127
 127  127 -128  127  127 -128 -127  126
 127 -128  127 -128 -128  126  127 -128
-128  127  127 -128   80 -128 -128  127
-128 -128  127  127 -128 -128  127 -128
 127 -128 -128  127 -128 -128 -128  127
-128 -127  127 -128  127 -128   86 -128
-128  115  127  127 -128 -128 -128  126
-128 -128 -128  127  127 -128  126  127
 127  127 -128  127  127 -128 -127  126
 127 -128  127 -128 -128  126  127 -128
-128  127  127 -128   81 -128 -128  127
-128 -128  127  127 -128 -128  127 -128
 127 -128 -128  127 -128 -128 -128  127
-128 -127  127 -128  127 -128   86 -128
-128  115 -128  127 -128 -128 -128  126
-128 -128 -128  127  127 -128  126  127
 127  127 -128  127  127 -128 -127  126
 127 -128  127 -128 -128  126  127 -128
-128  127  127 -128   81 -128 -128  127
-128 -128  127  127 -128 -128  127 -128
 127 -128 -128  127 -128 -128 -128  127
-128 -127  127 -128  127 -128   86 -128
-128  115 -128  127 -128 -128 -128  126
-128 -128 -128  127  127 -128  126  127
 127  127 -128  127  127 -128 -127  126
 127 -128  127 -128 -128  126  127 -128
-128  127  127 -128   83 -128 -128  127
-128 -128  127  127 -128 -128  127 -128
 126 -128 -128  127 -128 -128 -128  127
-128 -127  127 -128  127 -128   86 -128
-128  116 -128  127 -128 -128 -128  126
-128 -128 -128  127  127 -128  126  127
 127  127 -128  127  127 -128 -127  126
 127 -128  127 -128 -128  126  127 -128
-128  127  127 -128   80 -128 -128  127
-128 -128  127  127 -128 -128  127 -128
 127 -128 -128  127 -128 -128 -128  127
-128 -127  127 -128  127 -128   86 -128
-128  116  127  127 -128 -128 -128  126
-128 -128 -128  127  127 -128  126  127
 127  127 -128  127  127 -128 -127  126
 127 -128  127 -128 -128  126  127 -128
-128  127  127 -128   80 -128 -128  127
-128 -128  127  127 -128 -128  127 -128
 127 -128 -128  127 -128 -128 -128  127
-128 -127  127 -128  127 -128   86 -128
-128  116  127  127 -128 -128 -128  126
-128 -128 -128  127  127 -128  126  127
 127  127 -128  127 -128 -128 -127  127
 127 -128 -128 -128 -128  126  127 -128
-128  127  127 -128   74 -127 -128  127
-128 -128  127  127 -128 -128  127 -128
 127  127 -128  127 -128 -128 -128  127
-128 -127  127 -128  127 -128   88 -128
-128  116  127  127 -128 -128 -128  126
-128 -128 -128  127  127 -128  126  127
 127  127 -128  127 -128 -128 -127  127
-128 -128 -128 -128 -128  127 -128 -128
-128  127  127 -128   67 -128 -128  127
-128 -128  127  127 -128 -128  127 -128
 127 -128 -128  127 -128 -128 -128  127
-128 -128 -128 -128  127 -128   89 -128
-128  115  127  127 -128 -128 -128  126
-128 -128 -128  127  127 -128  126  127
 127  127 -128  127 -128 -128 -127  127
 127 -128 -128 -128 -128  127 -128 -128
-128  127  127 -128   69 -128 -128  127
-128 -128  127  127 -128 -128  127 -128
 127 -128 -128  127 -128 -128 -128  127
-128 -128 -128 -128  127 -128   88 -128
-128  114  127 -128 -128 -128  127  127
-128 -128 -128  127  127 -128  127  127
-128 -128 -128 -128 -128 -128 -128  127
-128  127 -128 -128 -128  127 -128 -128
-128  127  127  127   65 -128 -128  127
 127 -128  126  127 -128  127  127 -128
 127 -128 -128  127 -128  127 -128  127
 127 -128 -128 -128  127 -128   87 -128
-128  114 -128 -128 -128 -128 -128  127
-128 -128 -128  127  127 -128  127  127
-128 -128 -127 -128 -128 -128 -128  127
 127  127 -128 -128 -128  127 -128 -127
-128  127  127  127   54 -128 -128 -128
 127 -128  126  127 -128  127  127 -128
 127 -128 -128  127 -128  127  127  127
-128 -128 -128 -128  127 -128   88  127
-128  116  127  127 -128 -128 -128  126
-128 -128 -128  127  127 -128  126  127
 127  127 -128  127  127 -128 -127  127
 127 -128 -128 -128 -128  126  127 -128
-128  127  127 -128   78 -128 -128  127
-128 -128  127  127 -128 -128  127 -128
 127 -128 -128  127 -128 -128 -128  127
-128 -127  127 -128  127 -128   87 -128
-128  115 -128  127 -128 -128 -128  126
-128 -128 -128  127  127 -128  126  127
 127  127 -128  127  127 -128 -127  126
 127 -128  127 -128 -128  126  127 -128
-128  127  127 -128   82 -128 -128  127
-128 -128  127  127 -128 -128  127 -128
 127 -128 -128  127 -128 -128 -128  127
-128 -127  127 -128  127 -128   86 -128
-128  115 -128  127 -128 -128 -128  126
-128 -128 -128  127  127 -128  126  127
 127  127 -128  127  127 -128 -127  126
 127 -128  127 -128 -128  126  127 -128
-128  127  127 -128   77 -128 -128  127
-128 -128  127  127 -128 -128  127 -128
 127 -128 -128  127 -128 -128 -128  127
-128 -127  127 -128  127 -128   87 -128
-128  115 -128  127 -128 -128 -128  126
-128 -128 -128  127  127 -128  126  127
 127  127 -128  127  127 -128 -127  126
 127 -128  127 -128 -128  126  127 -128
-128  127  127 -128   81 -128 -128  127
-128 -128  127  127 -128 -128  127 -128
 127 -128 -128  127 -128 -128 -128  127
-128 -127  127 -128  127 -128   86 -128
-128  115 -128  127 -128 -128 -128  126
-128 -128 -128  127  127 -128  126  127
 127  127 -128  127  127 -128 -127  126
 127 -128  127 -128 -128  126  127 -128
-128  127  127 -128   81 -128 -128  127
-128 -128  127  127 -128 -128  127 -128
 127 -128 -128  127 -128 -128 -128  127
-128 -127  127 -128  127 -128   86 -128
-128  116 -128  127 -128 -128 -128  126
-128 -128 -128  127  127 -128  126  127
 127  127 -128  127  127 -128 -127  126
 127 -128  127 -128 -128  126  127 -128
-128  127  127 -128   82 -128 -128  127
-128 -128  127  127 -128 -128  127 -128
 127 -128 -128  127 -128 -128 -128  127
-128 -127  127 -128  127 -128   86 -128
-128  116 -128  127 -128 -128 -128  126
-128 -128 -128  127  127 -128  126  127
 127  127 -128  127  127 -128 -127  126
 127 -128  127 -128 -128  126  127 -128
-128  127  127 -128   78 -128 -128  127
-128 -128  127  127 -128 -128  127 -128
 127 -128 -128  127 -128 -128 -128  127
-128 -127  127 -128  127 -128   87 -128
-128  116  127  127 -128 -128 -128  126
-128 -128 -128  127  127 -128  126  127
 127  127 -128  127 -128 -128 -127  127
 127 -128 -128 -128 -128  126  127 -128
-128  127  127 -128   71 -128 -128  127
-128 -128  127  127 -128 -128  127 -128
 127  127 -128  127 -128 -128 -128  127
-128 -127  127 -128  127 -128   88 -128
-128  116  127  127 -128 -128 -128  126
-128 -128 -128  127  127 -128  126  127
 127  127 -128  127 -128 -128 -127  127
-128 -128 -128 -128 -128  126  127 -128
-128  127  127 -128   71 -128 -128  127
-128 -128  127  127 -128 -128  127 -128
 127 -128 -128  127 -128 -128 -128  127
-128 -128  127 -128  127 -128   88 -128
-128  116  127  127 -128 -128 -128  126
-128 -128 -128  127  127 -128  126  127
 127  127 -128  127 -128 -128 -127  127
 127 -128 -128 -128 -128  126  127 -128
-128 -128  127 -128   70 -127 -128  127
-128 -128  127  127 -128 -128  127 -128
 127  127 -128  127 -128 -128 -128  127
-128 -127 -128 -128  127 -128   88 -128
-128  115  127 -128 -128 -128 -128  126
-128 -128 -128  127  127 -128  126  127
 127  127 -128 -128 -128 -128 -128  127
 127 -128 -128 -128 -128  127 -128 -128
-128  127  127 -128   65 -128 -128  127
 127 -128  127  127 -128 -128  127 -128
 127 -128 -128  127 -128 -128 -128  127
-128 -128 -128 -128  127 -128   88 -128
-128  114  127 -128 -128 -128  127  127
-128 -128 -128  127  127 -128  127  127
-128 -128 -128 -128 -128 -128 -128  127
-128  127 -128 -128 -128  127 -128 -128
-128  127  127  127   64 -128 -128  127
 127 -128  126  127 -128  127  127 -128
 127 -128 -128  127 -128  127 -128  127
 127 -128 -128 -128  127 -128   87 -128
