Shape: torch.Size([1, 144, 64])
Range: [-80, 127]
Mean: 0.6905

量化值陣列:
 -16    6  -37   -5   -3   -9  -23  -11
 -18   16   -7   14    9   12  -13   -3
   4  -13   -6   -8   37   -8   -6   41
  -6   47   19   -7  -12   11   49  -18
 -39   22    5    8  116  -11    9  -18
   0  -22    0    0  -19  -16    4   -9
  34   -6    3   47  -14  -13   15    0
  12  -15    0   -9    0   -1  -44  -31
 -11   11  -41   -8    0   -5  -22  -11
 -17   10   -5   15   13    7  -13   -7
   2  -11  -10  -14   41   -6   -3   46
  -5   37    7    0  -19    7   52  -26
 -28   20  -12    8  117   -4    9  -19
   1  -17   -5    2  -18  -15    7   -7
  35   -3   -8   49  -14  -11   16    8
  13  -16  -12   -1    0    0  -40  -33
 -16    9  -34    9    3  -12  -32  -13
  -7    8  -12   12    0    4  -17  -17
   0  -16  -13   -9   36   -5    2   45
   1   38    4   -3  -15    0   52  -12
 -27   29   -4    0  123  -13    1  -14
  -2  -11  -10   -2  -24  -14   11   -9
  39    4   -2   47   -8  -11   11    4
  10   -8   -4    0    2   -3  -41  -32
  -9    5  -37   -4    0  -11  -23  -10
 -13    8  -18   21    7    8  -20  -10
  -1  -13  -17   -7   38   -7   -1   31
  -3   44    3   -2  -17   14   52  -24
 -35   27   -8    6  119  -10    8  -12
 -10  -13    1   -3  -14  -14    7   -5
  44   -2   -7   39  -19   -8   15    7
   9  -11    0   -3    2    1  -43  -25
 -17    2  -42    7   -4  -14  -31  -12
 -13   10  -15   11    4    4  -21   -2
   6  -20  -13   -8   32    1   -9   42
  -2   38   -4   -8  -13    6   56   -6
 -31   38   -3   -4  114   -6   10  -17
  -9  -15   -2   -6  -13  -16    4   -5
  50    1    0   59   -5  -10    9    3
   7  -15    9    0   -4    4  -43  -29
 -12    4  -52    2    2  -11  -26  -12
 -14    8   -7    9   14    6   -9   -6
   3   -8  -10  -11   27   -3   -3   28
  -3   30   11  -11  -16    0   59  -16
 -31   25   -6   -3  119   -5   10  -14
   0  -13   -5   -3  -15  -14    9    0
  40   -8   -8   53  -16    2   15    4
   7  -11    5    0   -3    7  -45  -34
 -20    7  -50    5    3   -8  -25   -3
  -9   10   -9    5    6    4   -4  -15
   2  -11   -9   -4   31   -7  -13   41
 -12   29    6   -3  -12   -1   61  -18
 -23   23   -2    2  119   -5    6  -17
  -6  -13    2  -10  -15  -13    7    1
  39   -6   -9   55  -17   -2   17    4
  12  -12    1   -4   -5    3  -45  -34
  -8    7  -49    5    1   -6  -24   -3
 -11   12  -12    3    3    9  -11  -16
   0  -15  -18   -5   28  -12   -2   33
  -9   31   10   -7  -11    2   61   -9
 -30   24  -11   -1  120   -6    6  -17
   0  -12   -1  -10  -23  -10    6   -7
  39   -9   -7   56  -17    2   24    6
   9  -16    8   -2   -3    4  -42  -24
 -10    7  -48   12    0   -3  -24   -9
 -15   11   -6    0   11    8  -13  -15
   3  -14  -15   -4   21   -9   -4   34
   1   21    7   -4  -12    0   66  -11
 -33   18  -10   -6  120   -3    7  -14
  -6  -10    4   -6  -15   -5    6   -1
  32   -7  -19   53  -12   10   16    0
   5  -10   10   -7   -1    5  -48  -28
 -11   11  -54    3    2  -12  -20   -2
 -11   15  -17    3    9    1  -12  -11
  11   -5  -15   -9   17    4   -8   26
   0   27    7   -3   -5  -12   61  -15
 -27    5   -5  -10  117   -6    3  -15
 -13  -14   18  -19   -9  -16    2    3
  31  -10  -12   52  -11   15   17    0
  17   -6   16    0    3   12  -50  -30
  -5   12  -51   13    6  -10  -18   -3
  -3   11  -10    2    5   -7   -6   -5
   5   -9   -7   -8   16    7   -2   40
  -2   15   16   -3  -17  -13   66  -17
 -16   12  -15  -16  115   -1    8  -26
  -6  -18   22  -16  -24   -6    5    1
  19  -11  -17   48  -12   24   25    8
   9  -14    3   -6    3    5  -50  -31
  -2   16  -52   11    0   -3  -17    1
  -2    6  -10    2    9    5   -6   -7
   5  -11  -15   -1    7   12   -5   24
   0    6    0   -4   -6  -14   69  -21
 -27    0   -8  -26  116    2    9  -13
 -15  -15   18  -19  -20  -12   -4   -7
  29   -2  -14   53   -5   25   14   -4
  13   -3   16    2    0   10  -51  -31
 -17    1  -41   36   13  -10  -10    0
  -7   14   -7    5    9    0   -6   -1
  18  -33  -24    0   19   -8    2   17
   4   -1   10   -6  -15   -8   75   -6
 -16   25  -18   -8  121   -2   -4   -5
  14  -16    5  -15  -21  -14   -2    6
  27   -9  -21   22    0    0    9    4
   4  -11    6   -7    5   11  -52  -23
 -18    4  -44   11    8  -11  -30   -1
  -8   10  -20    9   13    9  -12  -13
  11  -14  -13   -1   24    0   -3   24
   0   13   12   -7  -10    0   63   -8
 -30   29  -17  -11  122  -10   -4  -12
   4  -16    6   -6  -21   -7    8   -3
  36    1  -13   45  -13    3   14    0
  10   -7   11   -3    0    5  -50  -32
  -4    1  -50   21    4  -10   -6    0
  -4   12  -10    0    7    8   -7   -8
  17  -16  -23   -6   17   -4   -6   26
  -5   11    7    0  -11   -3   71  -13
 -21   25  -20  -15  123   -8    0  -15
  -1  -18    7  -14  -15  -22    7    0
  26   -7  -15   38   -2    3   15   -2
   7   -3    4    1    2   15  -46  -23
 -13    3  -48   20    4  -17  -22   -3
 -10    6  -11    2   12    7   -3   -4
   8  -23  -18   -7   21   -7   -9   26
   9   12    0   -4  -13   -5   72   -5
 -24   22  -16  -22  120   -7    2  -13
   7  -16    5  -11  -13   -9    4   -4
  38   -1  -12   43    0    0   11    4
  10   -3   13   -4    2   11  -50  -30
 -12   16  -51   19    7   -7  -22    2
  -5    4  -10    9   14    7  -10  -14
  12  -23  -17    0   10    6   -3   23
   0    3   12   -4  -13  -15   72  -14
 -14   10  -15  -21  120    3   -2   -5
 -10  -19   19  -20  -12  -14    5    5
  20   -2  -22   37   -4    7   22   -2
   2  -11   19   -8    1    9  -51  -17
 -11    6  -50   16   13  -12  -16   -5
  -2    9  -11    4    0    2   -3  -10
   9  -21  -17   -1    9   14  -17   12
  -3    6    6   -5  -16  -18   71  -10
 -24    8  -11  -26  118   -2   10  -15
  -5  -13   20  -12  -14   -9    1   -1
  30   10  -15   51  -11   15   22    0
   5   -2   18    0    2   14  -52  -32
 -15   16  -54   16    4   -3  -17    1
  -8    9  -11    0    0    1   -3  -11
  10  -13  -27    4    4   13  -12   15
   3    0    4   -7  -19  -21   76  -11
 -18    5  -17  -26  115    3   10   -9
  -8  -18   27  -17  -19  -10    1    0
  12    4  -16   49   -8   31   20    4
   2   -8   24   -2    4   15  -46  -23
 -15    9  -57   19    8  -15  -18   -1
   0    0   -3    6    5    0   -5   -2
  13  -16  -21    5    7   12   -6   18
  -4    1    6   -3  -18  -17   79  -11
 -18   12  -14  -22  118   -2    8  -12
  -2  -28   21  -18  -13   -7   -1    3
  16    4  -24   38   -8   20   20    1
   4   -4   22   -6   10   14  -47  -33
 -14   11  -54   22    5   -8   -9    5
   0   11   -7    4    2   -6    3   -1
   5  -17  -18    3    4   17  -18   15
  -3    0    9  -10  -14  -14   76  -12
 -10    3  -18  -27  119   -2    5  -18
  -5  -18   17  -13  -21  -12    1   -1
  15    0  -20   36   -9   18   33    3
   0   -4   19    5    4   16  -49  -24
 -12    9  -53   15    8   -6  -13    3
  -7   13  -10    4    4   -3   -1   -1
  16  -19  -18   -4   10    5   -8   20
  -2   -2    6  -10  -17  -21   77  -10
 -16    7  -11  -27  118    1    1  -12
   5  -17   18  -14  -15  -17    6   -5
  14    4  -19   38   -2   16   24    6
   3  -10   18   -2    2   20  -52  -23
  -7   14  -56   21    6   -9  -10    4
   0    9   -9    0    2  -11   -3   -8
  12  -23  -25    7    5   10   -6    3
  -1    0    1   -9  -10  -17   76  -14
 -10   12  -20  -26  119   -4    4  -11
  -2  -24   16  -17  -11   -5    0    0
  20    8  -20   37  -13   22   24    4
   5   -4   23    3    7    9  -48  -25
 -10    5  -55   22    4  -14   -9    2
  -4   11   -8    2    5   -3    6   -3
  10  -29  -30    5    4    8  -11   15
   4   -7    6   -9  -14  -17   80   -8
 -14   13  -21  -20  116    0    2  -11
  -3  -24   20  -15  -17   -9   -1    1
  23    7  -22   31   -5   23   18    3
   8   -8   26    2    6   11  -50  -20
 -14   -2  -53   25   13  -15   -6    6
   0    9    4    2   11    3   10   -7
  21  -28  -11    5    1    5   -6   21
  20  -12   20   -9   -8  -16   82  -11
  -8   15  -20  -23  117  -11   -4  -10
  18  -22    9   -5  -21  -22   -5   -4
   9    7  -17   18   -3    9   32    2
  -3   -8    3   -2   -4    4  -51  -17
  -5    7  -43   13    9   -6   -8    2
   1   10  -12    5    5    0   -3  -13
   9  -25  -22    2   -3   10   -6   12
  -2   -4   11   -8   -9  -13   77   -4
 -21   13  -19  -24  120   -1   11  -15
   2  -19   19  -14  -23  -15   -4   -6
  27    6  -11   44  -19   18   20    8
  11  -10   17   -6   -3   11  -50  -19
 -15   11  -52   27   13   -2   -3    6
   1   17   -8    0    1    0    1    0
   9  -24  -26    2    4   19  -16    8
  -4   -4   13   -2  -11  -14   81  -17
  -9    2  -13  -19  118   -4    0   -9
   2  -19   19  -15  -17  -17   -2   -6
   9    0  -14   29   -8   16   26    9
   7   -6   20   -4    0   10  -52  -26
 -11   11  -54   31   12   -9   -6    4
  -5   10  -14    4    7  -11   -6   -2
   8  -16  -22    3    0   17  -13    6
   2   -8    6   -7  -12  -20   82  -13
 -15    9  -20  -28  112    0    4  -11
   1  -22   18  -17   -9  -15    0   -9
  21   16  -23   43  -11   20   25    2
   1    0   21    0    2   20  -52  -26
  -3    8  -48   23    7  -11  -12    4
   3    7  -11   12    7   -8    0   -7
  13  -21  -29    8    1    6  -12    8
  -1    0    3   -6  -16  -20   77   -8
 -14   11  -19  -29  116   -2    8  -12
  -8  -16   19  -17   -5  -10   -2   -8
  14   11  -14   38   -7   20   23    6
  -1   -9   20    0    7   16  -56  -25
 -12   11  -51   24    7   -2   -9    2
  -5   10  -12    2    4   -6    0   -5
  10  -24  -24    1    3    7  -17    2
  -2   -9    6   -5  -19  -17   79   -9
 -13    7  -20  -16  116   -3    2  -21
   4  -18   21  -12  -12   -8    0   -2
  16   16  -16   42  -10   23   27    6
   1   -4   21    1    5   18  -53  -25
 -11    7  -50   23   12  -13    3    7
   2   19   -2    2    2  -10   -6   -3
   9  -27  -27    7    2    5  -10   -1
   4   -7    5   -8  -17  -10   76  -16
  -8   -7  -20  -22  112   -2   -8  -13
   2  -15   25  -22   -4  -13    7    5
  10    4  -13   40   -8   26   12    6
   0   -8   19    0   23   18  -59  -21
 -13    1  -45   14   14  -19  -10   20
  -7   17   22    5    2  -20    0   -6
  14  -49  -24    5    2   -5  -10  -11
   2  -16    5   -3   -8    1   73  -21
   5   -6   -3  -16  116    2   -8   -8
  -3  -14   24   -8   -8  -17   -2    8
  11    8   -7   53  -13   31    4   -1
  -6  -14   12    8   -4    7  -42  -21
 -14    9  -60   18   13   -5  -16    7
  -3   14   -4    3    1   -6    0   -2
  11  -28  -23    3   12    4  -14    1
 -15    1    2  -10  -16  -15   78   -5
 -19   21  -20  -19  117   -4   -1  -11
  -8  -18   16  -13  -10  -12   -3    0
  23   10  -15   43   -1   17   19    1
   6   -5   26    7    7    7  -50  -24
  -5    5  -61   26    6  -17  -11    1
   1    4   -6    7    2   -3    5   -4
   8  -26  -23    3    0    0   -5   -2
   2    0    6  -13   -8  -11   78   -6
 -10    8  -14  -20  118   -3    8  -10
  -1  -14    9  -13   -9  -12    0  -13
  16    4  -12   34   -5   19   24    6
   7  -10   29    3    3   18  -54  -27
 -18    3  -47   25   12   -8  -11    1
   1   14   -1    5    2  -10    5   -2
  16  -21  -22    3    1   11   -9   11
  -4   -5    9   -3  -14  -22   81   -8
 -12   15  -22  -22  115   -7    7   -9
   1  -17   20  -20  -18  -14   -3  -13
  10    6  -12   38   -3   22   27    2
   4   -7   15    3    5   19  -54  -30
  -6    8  -60   21    7   -6  -13   -4
   6   13   -6    5    8   -8    1   -7
   8  -19  -21    2    5   15  -18   10
   3   -4   13   -6  -17  -23   80   -4
 -14   13  -15  -21  116   -2    0  -10
 -13  -16   24  -15  -15  -14   -5   -4
  11    6  -19   35   -8   29   22    2
   0   -1   23   -3   -2   12  -48  -23
 -25   -9  -38   19   12  -16   -8   -5
 -12   12    0    8    5    7   -1    0
  13  -37  -19    2   15   -2   -5   18
  -3    7    4   -2  -14    0   75   -2
 -20   38   -7  -17  124  -13    0   -8
  18  -21    0    5  -22  -18   -2   -5
  29   -1   -5   27    5   -4   13    0
   3  -14   10   -5    0    6  -49  -24
 -26    1  -37   21   12  -15   -7   -3
 -10   18    6    7    3    0    3   -2
  18  -43  -27   -1    6   -2   -3   20
  16   -5    4   -3   -9   -4   79  -14
 -10   19  -16  -15  122   -9    5   -5
  14  -14    0   -6  -14  -15   -4  -10
  20   -2   -6   24   -4   10   15    4
   2   -7    4   -4    1   12  -50  -25
 -14   -2  -47   26    5   -8  -14   -1
  -2   12   -6    5    1   -8   -3   -7
  15  -30  -16    6    5    7   -7   15
  10   -1   13   -7  -10  -10   74  -12
 -14   18  -12  -21  120   -6   -7  -17
   0  -18   14  -13  -22  -18    4   -7
  16    5  -15   33   -9   13   28    7
   3    0   19    6    0   18  -56  -16
 -24   -1  -56   21   13  -11    0    6
  -5    9   -4    5    6   -9    5  -10
  17  -27  -23    4    6    5  -10    3
  -5    0    3   -5  -13   -9   80  -10
 -13   11  -14  -28  120   -8    7  -17
  -9  -15   10  -16  -17   -9   -1   -6
  26    3   -8   41   -5   15   19    4
  12   -5   22   -1    7   14  -47  -23
  -7    2  -52   26   15   -6  -14    3
  -2   11   -5    7    7  -10   -8    4
  12  -22  -25    3    8    8  -12   13
  -6   -8    9   -7  -15  -14   79   -8
  -9   19  -15  -20  121   -8   -4  -14
  -2  -22    9  -17   -9   -7   -6   -9
  24    3  -16   38   -5   16   23    1
   4  -12   17    1    1   17  -49  -21
  -9    6  -52   15   14   -6   -6    4
  -4   11   -5    4    0   -7   -6   -2
  14  -30  -21   12   -1    8   -7    0
   1    0    5   -2  -10  -11   79    0
 -19    2  -15  -23  120   -1    1  -13
  -9  -21   20  -11  -15   -8    5   -3
  17    1  -17   40   -7   13   14    1
   2   -6   15   -3   10   15  -52  -28
 -36   16  -31    0   24  -23   10   14
  -9   27   37   10   -3    7   -1    7
  10  -64    1    5  -16    4   -5   -2
   5  -29   30  -12  -29    7   21  -43
  32  -42    3  -20   56   26  -20  -12
  29   10   20   -4  -10  -31    5   29
  -4   -6   32  107  -29   26  -10   -7
 -12  -16  -13    5   32  -14  -43    4
  -3   10   27  -28   24  -24  -11   16
 -24    6   43  -35    1   17   30   15
  96   -5   13    0  -27   16  -11  -29
  18  -41   14   -8    7  -20    1  -14
 106  -17   -7   -8   54    3   10   -5
 -28  -11   33   17  -27   -9  -19   -9
 -14    3  -11    3  -11    2  -16    9
 -16   25  -20    0  -30   -3  -21   -6
 -24    9  -35   10   26  -20  -10    9
  -5    9   28    1   15  -14   14    5
  45  -48  -16    7  -21   -3   21  -21
  12  -28    7   14  -22   -9   48  -10
  35  -32   17  -25   99   25  -15  -11
 -10  -19   26  -19  -22  -28    1   24
  -1   10   -8   69   -5   27   -9   -2
  -3   -5  -16   -4  -23  -20  -25   -8
 -12    8  -55   21    4  -15   -4   14
   0   18    0    7    0  -10    0   -1
  10  -27  -23    0    6   10   -3    7
   1   -3   17   -3  -15  -11   80  -14
 -17   13  -16  -19  117   -7    0  -12
  -6  -18   23  -13  -14  -12    0  -11
  14    0  -19   36   -6   21   17    4
   9   -9   17    0    5    8  -53  -22
 -16    4  -54   23   10  -10  -18   10
   2   12    0    3   12   -9    2   -2
   8  -31  -13    0    3   -6   -1   33
  -6    3   18   -2  -16   -8   77  -15
  -4   11  -12  -16  120   -6    5  -18
   3  -18   17  -14  -16  -15   -4   -1
   8  -10  -20   31  -11   17   24    5
   4   -5    5    3   -3   11  -48  -24
 -13   12  -60   21   17   -9   -7   10
  -8    8   -2    7   -1   -9   -4   -3
  11  -21  -21    1    0    9   -5   12
 -16   -4    8   -8  -21  -18   76   -7
 -13    1  -20  -18  116   -4   -4  -12
  -1  -16   25  -22  -12  -18    3   -5
  15    6  -12   42   -8   27   27    6
  12   -7   18    2    8   18  -48  -24
 -22   -7  -38   28    8   -7   -2   -7
 -22   27    9   10   11   -1    8    1
  26  -30  -16    0   12    6   -4   13
  22   -4   24  -10   -4  -10   78  -10
 -14   28  -24  -14  117  -16   -7  -16
  32  -19    1  -16  -23  -14   -3  -19
  12   -1   -2    8   -5    2   26   12
  -1   -1   -1   -6   -1    4  -50  -24
 -19  -11  -38   17   13  -15   -8    0
 -14   11    3    1    1   -1   -2   -1
  21  -31  -24    0   11   -1   -8    9
  19   -4   19   -4   -8    9   83  -11
 -13   32  -12  -12  121  -14   -6    0
  16  -13    1   -1  -10  -14    0   -6
  21   -1   -6   29    1    4    1   -5
   0   -3    7   -3   -6    0  -54  -19
 -17   -1  -41   27   11  -15  -10   -4
 -10   21    1    9    4   -4    2   -3
  21  -31  -17    9   17   -1  -14   18
   2    0   19   -6   -3   -7   70    0
  -7   35  -21  -15  123  -22    0  -13
  20  -22    1   -7  -15  -20    5   -6
  19    0   -9   17   -5    4   16    1
   2  -12   14  -11   -3    4  -53  -20
 -15   -3  -45   17   10  -14   -3   -2
  -1   17    6    8    5   -1    6  -12
  21  -38  -26    2    6    3   -9   11
   7   -2   26   -3  -10   -5   79  -16
  -5    9  -15  -21  122   -9   -1   -8
   8  -17    6  -15  -14  -16    5    0
   8    0  -11   23    3    3   21    2
  -3   -6   10    0    6    6  -51  -21
 -17   -3  -46   22   13   -9   -9    4
 -15   11    2   11    3   -2   -6   -1
  11  -30  -24    4   12   -1  -19    6
  -2    0    4    0  -16   -5   72   -3
 -12   31  -12  -14  125  -10   -2  -12
   2  -15    5   -8  -17  -15   -4   -3
  34    2   -5   34    8    4   15   -1
  -5   -5    9   -5    2   13  -49  -23
 -30    4  -45   21   14   -8   -7    4
  -9   21    0    1   -7   -1   -9   -4
  10  -42  -24   14    2    8  -12   -2
  -3  -11    8   -1  -22   -2   70  -12
  -9   13  -21  -13  116    9   -6   -3
   5  -10    9  -10  -12  -15    0    3
  29    6   -5   48  -13   11    6   -1
  -7   -6   21   -3   21   15  -55  -17
 -18   11   19  -45   15   -9  -12   -5
   9   18   34  -13   13   28   28   20
 125  -16    0  -14  -43   12   -7  -18
  -1  -37  -15  -12  -16    0  -34  -47
  41  -24   18   16    8   25  -31   -6
  22    6    4   48  -28   -5   -3   28
 -19  -23   18   40    4  -18    0   17
 -11   11  -24   -9    9   12   -9  -18
  -4   19   14  -33    9  -26  -11    1
  -4   16   17  -22    9    0   31   21
 122    0   -1   -6  -23   18   24  -40
 -30  -46  -12    9   23   11  -25   -9
  91  -21   18   -3   39   18  -12   -4
  -7  -10   15   18  -34  -12  -25   18
 -19  -19    0    6    7  -10  -13   16
  -4    8  -29  -14  -35   -1    5   -4
  -7   20  -16  -28   13  -10   -3  -14
  -6   16    0   -6   15   32   25    0
  75   -2    0    5  -49    5   -7  -33
  47  -23    2  -17    8   -9   29  -15
  51  -22  -14  -10   80   29   13  -22
   3  -29   34  -17  -32  -16   -2    8
 -15   -3  -30   35  -14   21   -1   26
  -5   13  -13   -3  -39   -9  -33    0
 -17   11  -49   26    6  -11   -4    4
  -2   12   -6    3    0    1    3  -17
  10  -24  -24    4   11   13  -14    6
   4   -5    8   -2  -11  -17   77   -5
 -12    9  -19  -17  120   -1    2   -8
  -9  -23   19  -20  -11  -10   -6   -8
  11    0   -8   33   -6   22   20    7
   7   -4   16   -2    0   10  -53  -21
 -11    5  -51   15   18   -6  -23    0
  -3   15   -4   10   -3   -1   -8    3
  14  -23  -14    0    5    0  -19   23
  -7    7   24  -10  -11   -9   74  -12
 -14    1  -21  -23  121   -8   -2   -6
   8   -8   26  -14  -16  -13    2    0
  11  -12   -3   35   -9   20   21    1
   8  -12   11    2    0   -2  -48  -23
 -14    6  -48   22   12  -14  -18    3
  -5   20   -3    6    1   -5   -2   -3
  11  -25  -18    0    2    0  -15   23
  -7    0   12   -9  -14  -14   73  -12
 -13   -4  -12  -21  120   -8    4   -8
  11  -12   20   -9  -15  -13    5   -5
   9   -8   -1   40   -6   24   16   10
  11  -10   10   -2    5   10  -54  -23
 -16   -5  -35   12   12  -20  -13  -11
 -23   26   21   -5    6   16    0    6
  47  -50   -1   -6    5   -5   -2    7
  26  -13   19   13  -15    3   52  -40
 -12  -18  -17    2  107   -9   -1    5
  52   -7    5   33  -17  -26  -12   -5
   4   -9   19   33    0    3   12    3
  -6  -11  -11   -1   -6  -10  -47   -5
 -19   -1  -19    0   13  -17  -14   -9
 -26   24   24    5   10   14  -24    3
  64  -29   -2  -16   27   15    3   16
  19   25   17    9  -24   -3   37  -48
 -13   -4    5   18   97  -24  -15  -14
  47  -11   10   56  -20  -16   13  -10
  -3  -22   10   19  -20    2    7   -2
   2  -16  -16   -7   -7  -35  -34  -16
 -26   -3  -21    2   13  -27  -16  -12
 -23   25   17    7   15   -2  -20   17
  48  -47  -13  -11   19    0    6   -7
  28   21    0   16  -12   17   25  -31
  -8   -4    0    0  105  -20   -3   -5
  44  -13   -7   58  -17  -29   11   18
  18  -18   18   36    0   -7   -7    1
   9  -16  -24    1  -10  -36  -28  -22
 -32  -11  -43    8   11  -13  -15   -6
 -12   30   15    9    6   -9    4   -3
  41  -46  -17   -1   11   -7   -6   -1
  25   -3   21    4   -8   11   61  -28
   4   19    0   -9  115   -1   -6   -2
  28  -22    7    9   -6  -26  -20   11
  17   -4    4   40    5    4  -13   -2
   0   -5  -12   -5  -12   -8  -43  -19
 -30   -5  -32    2   20  -12    0   -9
 -19   26   36    6    8    4    4   -6
  55  -42   -3   -5   -5    2    0   26
  21    4   26    6  -22    0   64  -31
   0   -1  -11   -3  105  -22   -8  -20
  53  -14    0   12  -21  -25   13   -8
   0  -11    2    8    3    0    3    8
   3   -3  -10   -2   -2  -14  -55   -7
 -39  -13  -33   19   21  -25  -12  -18
 -19   28   13   10    6    0    5    2
  32  -43  -12  -13    0   14   -7    3
  25   -5   16   -2  -21    6   58  -15
  -6    5  -14   -3  113   -6    2    0
  60  -21    3    2  -18  -14   -4    0
  15  -16   10   28   -3    8    8    7
   0    8   -7  -10    4   -2  -52  -22
 -11    0    9  -46   -3  -21  -23   -7
 -28   10   18  -33    0   54   18  -14
  80   -5   28   12  -15   28  -24  -17
  20  -22   28    5   12    9    0  -42
  45  -17  -20    0   64   12    0   -3
  15  -12   32   54  -25    4  -17    9
  -2  -27    0   13   -2  -20  -12    6
 -18   16  -23    9   -2   -1  -44  -10
   3    4   -8  -11   23  -19   -4   19
 -22   13   62  -24   -6    8   37   10
  62  -10   11    0  -20   14   -3  -11
  16  -39   27    0   -8  -10    6   -7
  92  -26  -19    9   70  -14    3    7
 -25  -21   33   15  -19  -22  -21  -13
 -35   -8   -5   -2  -38   34  -14   22
 -11   26  -12   -3  -31   -1  -22  -13
 -15   -6  -38   30   14  -17    0    2
 -27   15   14    2    6   -6   11    1
  26  -55  -22    5   -3    9    1  -10
  32  -14   28    1  -10    6   79  -14
   3    4   -8   -6  117    0   -2    0
  23  -32    0   -8  -16  -19  -19   -5
   6    4   -7   20    0   10   -3    2
   0   -4    9   -3   -7   -2  -43  -15
 -19   -8  -39   19   10  -22   -3  -16
  -9   14   19   13   13   -8    3    0
  36  -35  -13   -3    2    2    0    3
  26   -3   22   -4  -14   -7   76  -16
  -8    8   -4   -8  118  -12   -9  -13
  42  -11    4   -7  -14  -23    1  -13
   7  -11   -2   21   -2    3    0    5
   2   -5    8    2    1    2  -52  -18
 -26   -6  -24   15   19  -18  -12  -25
 -21   31   16   14   13    2   -2    8
  53  -32   -5   -9    0    6   -1   11
  22    0   18   -5  -14   15   54  -30
  -4   19   -1   -8  114  -13   -1   -8
  43  -21   -6   14  -16  -18   10  -18
  17  -17   -5   10   -4    0    8   -5
  11   -6   -9    1   -5  -22  -49  -18
 -25   -9  -35    5    0  -19  -19  -12
 -21   31   23    4   10    0    5   -7
  23  -28   -6   -6   21   -3   -3   30
  21    1   26  -17   -5    4   51  -20
 -12   32  -12  -17  119  -12   -3   -9
  48  -19    6    3  -16  -17   -5   -6
  27  -19   -4    9  -12    7   24    0
   9  -10    1   -5  -15   -3  -46  -10
 -11   12   10  -16   -7   -3  -31  -11
 -41   15   21   -3    4   37    0   -8
  47   -9   11    5   47   23    3   42
  19   33   25   -4  -16   -2  -10  -34
 -19    7   -3    4   88  -30  -14  -12
  18  -20    3   76  -28  -15  -11  -20
  -8  -10    7   -7  -34   -8   15   18
  19  -28  -28   14   -5  -30  -30  -19
 -14   10   18  -28   -9  -20  -14  -13
 -44   12   17   -7   12   26   -7   -4
  40   -9   17   -2   53    6    8   29
   9   45   12   -4  -23   18  -12  -52
 -32   15   -1    8   83  -19   -6  -14
  23  -14   13   77    4  -10  -14   -9
 -11   -4   28    1  -28    2   17    7
   7  -22  -28   -1   -5  -27  -34  -25
  -5   16   20  -24   -7   -3  -24   -6
 -27    7   18   -8    7   34    2   -8
  44   -4    9    4   49   13   -8   46
  24   36   19   -9  -18   -3   -5  -47
 -30   14    1   19   82  -13  -16  -18
  25  -17   15   77  -29    6  -13  -18
  -4  -14   12  -11  -35   -5   19    5
  15  -12  -37  -13  -12  -35  -34  -21
 -21   -4   -3  -19   -3  -25  -23  -22
 -38   19   18   -9   17   27   -5   -1
  57   -2   17   -3   33   15    6   36
  31   33   36    6  -10   15   22  -38
 -19   18    0    0   88  -15  -19  -17
  37  -24    0   66  -39   -5   -3  -16
  -1  -10    2  -20  -11   -8   14   20
   3   -9  -30  -13  -25  -27  -39   -7
 -29   -5  -12  -14   12  -29  -18  -18
 -36   27    2    2   13   16  -13    3
  75  -22   26  -16   37   16   -1   42
  10   24   28   -8  -22   19    5  -42
 -11   46  -14   29   85  -26  -12  -11
  54  -18   -6   50  -15  -20  -17  -10
   7   -3   12   -4  -15   -3   11    2
  15   -9  -25   -7  -11  -17  -37  -13
 -17   31    8  -14   10  -21   -8    8
 -22   11   38  -14   -3    9    6    9
  68  -36    6   -7   -5   14  -11  -10
  21  -31   12  -13   -7   55  -23  -40
  18  -56   14    4   26   -1  -46  -19
  60    9  -18   70    1  -36  -14   25
 -11  -20   47   63   -3   11  -18   -4
   0   -5   -2   -9   17  -14  -28  -10
   0   41   15  -24   14  -11  -23  -15
  -1    9   15  -25    1   39   14    8
 112    2   -4  -15  -19    6   -8  -29
   6  -30   -7   10   -1    0  -53  -31
  44  -43   15    4   24   26  -26  -32
   3   18   27   52   -9  -12  -22   37
 -25  -13   16    2   -6    1    6    4
   2    0  -30    4   -5    0  -20    1
  10   56   18  -40    8    0  -29    0
  -6   13   -7  -40    9   44   17   -7
  91   10  -15   -9  -19    8    0  -36
  25  -28  -24    2   10    2  -37  -15
  62  -16    6   -4   46   36   -1  -24
   1  -12   34   15  -25  -12  -38   25
 -11  -16  -11   20    7   -5  -14    4
   1   11  -28   -1  -33   -5    3   -2
 -25    1   11  -10   11  -30   -4    1
 -11    4   40  -12   -5    0   24   23
 127  -23    9   -3  -12   45   22  -18
   8  -41    1    8   15    7  -13  -20
  65  -38   11   -8   52    4    1  -24
   2   -4  -17   44  -19  -18  -13   14
 -19   -5   -7   20    8   -3  -14   17
 -14    0  -29    3  -18  -21  -23  -17
 -30    4  -25    0   30  -31   -8   -8
 -19   26   41   -4   19   -5    9   -5
  61  -51  -15    0    4   13   12  -21
  34  -12   14    8  -10   14   44  -22
  14  -19    1    2   99   13   -6    8
  20  -19   -2   22  -14  -31  -15   16
   8  -10    5   39  -26    1  -23    5
   5   -9  -19  -12  -18  -31  -35  -12
 -29   -8  -21    4   13  -16  -17  -12
 -29   25   33    5    6   15   15    1
  40  -39   11  -13   25    7    5   30
  42   -1   32   13  -12   -5   45  -27
  -8   20  -13    1  106   -9    1   -9
  35  -30    8   26  -30  -10  -21  -20
  10  -15   -1  -12   -8  -10    4   16
   0    3  -15  -18   -3  -33  -45   -9
  -7   18  -25    5   22  -14   -5  -15
 -13   23   56    0   17   24    2   -9
  43  -16   30  -11  -18    4  -12   41
  28   -4   47    8   -9   -7   29  -24
 -13  -26   -9    2   96   -1   -4  -21
  11  -21   27   15  -38  -19  -14  -11
 -18  -29  -16   -9  -32   23   27   10
   9    1  -22   -2  -12  -29  -35  -16
 -17   17    0    4   12   -5  -14    7
 -23   21   47  -30   -1   19    0   12
  81  -15   32  -12   18    4   11   16
  34  -18   39   -5   -8   -8    1  -40
  13  -22  -18    2   72  -16   -2   -9
  23  -14   20   56  -19  -21  -14   -5
 -25  -20   -1  -21  -25    1   14   17
   0   26  -13  -14  -16  -15  -48   -7
 -21   -2   28  -13   -3  -19  -23  -16
 -39   23   46  -38   11   34   19   11
  85  -20   23   -3   12   21    8   -1
  14  -13   24   -2    0    5    4  -40
  28  -14  -15   23   54   -9   -3   -1
  15   -8    6   78  -14  -23  -28   -5
 -14   -2   10   -1  -16    2   -3   19
 -19    6  -31   -6   11   -9  -46  -26
 -10   -2   -5    2   13  -20  -23    6
 -16   19   35  -24    0   21    7    6
  96  -20   14  -12   28   24   11   -2
  27  -30   23   -6  -12   25    7  -44
  23   -7  -16    5   74  -19  -13   -1
  43  -24   -1   67  -37  -27  -12   -4
 -12   -4   -2  -20  -20    4  -18   19
   1   10  -15   -6   -7  -19  -25  -15
 -26    6   -1   -6    5  -33   -5   13
 -23   16   41  -19  -11   19   20    5
  51  -39   -9   -4    9    0   -6  -42
  20  -45   14    0   -8   46   -3  -38
  52  -47   -4   12   42   21  -19   14
  41   -9    0   61   -5  -24  -21    9
 -22  -10   54   76  -15   -4  -30    4
 -17   -4   -1    2   18   -1  -34  -14
 -24   34   19    8   16  -32  -20   16
 -20    1   25  -17    9    7   23   15
  76  -40  -11  -13    4   31   23  -50
  23  -36  -11    5  -16   33  -52  -19
  33  -46   18    1    5    9  -38   -5
  41    6  -26   57    0  -23  -21   52
 -10  -19   21   72    7    7  -20   -4
 -12  -11  -29    2   -3  -12    3   -5
  14   41   28  -40   -1    4  -27    6
 -25   10    9  -36   -3   49    5   -6
  53    9   -5   -2   29   20    9    6
  33  -10  -15   -2   -3   14  -47  -40
  15  -29  -14   16   56   -4  -10  -21
   2   -4   33   93  -24   -3  -15    4
  -8  -21   21  -21  -26   -5   -5  -16
   9   10  -18   -3  -13   -8   -7  -15
   3   37   27  -66   -8   -1  -34  -19
 -28    8   28  -24   11   22  -14  -21
  21    6  -13    2   54   12   -1   21
  29   38    9   -1  -11   13  -24  -47
 -25    2    6   34   46  -20  -12  -21
  16   -9   19  102   -4    2  -14   -2
 -12  -16   23  -12  -27   12   24    4
  17  -22  -17   -9  -24  -39   -3  -11
   7   15   16  -39  -10  -24  -20  -18
 -25   14   34  -26   -4   13    0  -13
  49    0   12    0   53   12   26   19
   5   29   29   -5    1    5   -5  -43
 -18   13   -3   22   70   -8  -20  -34
   5   -6   10   97  -24   -9  -22   -5
 -14  -19    8  -19  -32    9   16   13
  20   -1  -24   -8  -12  -37  -21  -14
 -11    0    8  -34    8  -11   -7   -8
 -20   25    2  -19   11   48   18   29
 120    6    9    2  -15    1  -10  -12
  32  -27   28   -5    8    1    4  -40
  43  -19  -14    5   49    1   -4  -10
   6  -21   21   43  -31  -12  -13   18
 -10  -27    7    7   -3   -5  -13    4
 -23   17  -27    4   -8    1  -48  -12
   2   11   -8  -17   10  -14  -21    8
 -18    7   13  -31    0   34   41   20
  93  -10   12   -8  -29   17  -24  -24
  54  -40   14  -17   17  -14   23   -3
  77  -27   -1   -5   67    2    2   -9
  12  -14   19    1  -39  -22  -25  -17
 -24    4  -16   23    2    6  -22   14
 -17   14  -11    1  -20   -4  -21   -7
 -20    0  -15   -7   21  -29    8   -4
 -21   17   49  -10    7   15   40   13
 107  -26   11   -3  -29   26    7  -10
  26  -16   37    0   -7  -21   27  -21
  51  -12   -6   -7   68    1   -8  -21
 -21  -18   12    3  -18  -29    1    1
 -25   -6    6   -2  -21   31   -5   18
  -6   12  -23   -9  -16  -15  -40  -11
 -21    7  -23   13   12  -25  -13  -11
 -38   26   45   -4   21   16   12    4
  88  -30   24  -14  -12   12   -3   14
  38  -16   28  -10   -1    5   23  -39
   6    3   -1   -9   89  -12  -13   -7
  42   -7   -1   34  -22  -17  -12  -21
 -12  -15   13  -14  -10    0    1    0
  13    7   -9   -3   -9  -23  -42  -10
 -19   -1   19   -5    1  -22  -13   -9
 -32   29   44  -18   -2   11   40   15
 121   -3   24  -15   -9   35   -9    3
  25  -25   20  -18   13  -17   -3  -35
  40    0    0    2   50   -7    1  -14
   6  -17   -9   48  -31  -22  -19  -16
 -29   -5   23  -13    0    6   -3    9
 -17   23  -15   -2   -2   -2  -35   -5
 -23    1   10  -15   15  -27  -17   16
 -31    4   53  -32  -17   30   20   10
  82  -27   16    7    7   21   14  -11
  11  -46   31   -9    0   26    0  -35
  55  -26  -26   13   55    4   -9   12
  -6   -3   19   52  -27  -17  -26    2
 -14    0   22    6  -23    0  -26   16
 -12    5  -15  -16   17   -4  -40  -22
 -19    0   19    0   20  -27   -9   24
 -14   11   31  -17   -5    7   44   11
  90  -28    1   -7  -18    8    7  -54
   7  -40    3  -16  -14   40  -51  -29
  77  -43    8   12    4    4  -35   -5
   9   15   -2   39  -16  -21  -20   38
 -15  -17   31   60    7    3  -22    4
 -13    0   -8   -1   17    5  -17   -4
  18   44   38  -32   16   -9  -11   16
 -14   21    6  -34   -7   34   26    7
  95   17  -16  -12  -23   25    2  -24
 -18  -33   -4  -17   -8   11  -67  -17
  76  -30   16   -3  -25    8  -21  -23
   0   26   27   12  -29  -12  -26   39
  -5    0    5    0    7  -19   24   -5
  -1   21  -20   -9   -8    0   12    3
  13   69   20  -56    4    1  -28   -6
 -30   10    2  -36    0   58    7  -17
  35   22  -14    3   14   27    3    6
  32    1   -9  -11  -19   22  -40  -22
 -10  -31  -13   28   47    6   -8  -15
  -7   -4   41   74  -26  -12  -19    5
  -6  -15   17   -1  -23  -10   -1   -3
  12    0  -36   -7  -23  -15   14   -8
  14   33   35  -52   -8   -4  -33  -10
 -31    6   12  -15  -12   41   -8  -12
  18   11  -13   14   67   14   19   16
  19   27   -1  -10  -26   12  -43  -47
 -34  -12    0   40   48    0  -15  -17
  14  -15   29   94  -18    2  -13   -3
 -10  -15   28   -9  -24   13   -7    3
  20  -20  -15   -4    0  -28  -17   -6
   2   28   21  -45   -9    2  -25  -14
 -28   20   19  -10    0   24  -12  -17
   4   10  -12    4   55    9    5   31
  22   51    8    4  -26   14  -38  -48
 -41   -1    0   48   47  -10  -11  -34
   2   -8   18  104  -10    0  -11  -16
  -1  -19   28   -2  -10   -1   28   11
  16  -21  -26   -9  -14  -40   -6  -17
 -17   17  -26  -26    1  -20  -25   -5
 -27    9   20   -9   15   33    9   -7
  60   -5   15  -13   36   13   -1   27
  36   11   17   -4   11   18   14  -24
 -22   26  -17    1   99  -12  -10  -22
  24  -35   19   45  -31  -17  -12  -15
  14  -10   -7    1  -26  -26   11   -1
  14    5   -6   -2  -31  -40  -19  -15
 -29    1  -14   -3   16  -17  -24   -7
 -31   18   39  -10   12   23    5   -8
  42  -11    1  -11   31   20    4   15
  25    8   42   13  -18    5   41  -27
   4   10  -14    1  106  -11   -2    3
  32  -33   11   34  -35   -4  -14   -6
  -9  -21    2  -18  -25   -2    0    8
   8   -4  -16  -12   -8  -26  -48  -16
 -19   -1  -10    1   20  -18   10    1
 -23   29   12   -8   -3   26   18    5
  50  -22    3   -3  -18    6  -14    2
  76  -22   34  -15   -3  -20   47  -20
  18  -10  -28    0   93    3    9  -17
  49  -29   25   -4  -28  -20  -17   -2
 -15   -8   -4   10  -23   16    4    5
  -3    4   -7  -10    6   -9  -51   -7
  -6   10  -18    1   21  -14    7   11
 -33   22   40  -10    0   10   22   14
  45   -5    6   -4  -20   26   -9    9
  55  -26   57  -13  -15  -21   44  -17
  26  -17  -17  -14   81   -7   -6  -12
  22  -27   42  -20  -34  -33  -13  -10
 -18  -10  -13  -11  -15   43    5   18
   3   10   -1  -15   -8   -9  -47  -12
 -11    9   -9  -10   17  -19   -3   -3
  -7   25   13  -28    1   33   37   14
  85   -3   25   -2  -33   14  -22   -6
  57  -18   41  -16    6  -21   17  -25
  42  -35  -13  -11   65  -16   17  -15
  34  -23   22    8  -21  -33  -14   -2
 -18  -13   -9   17  -16   19  -12   26
 -18   11  -17   -3   -3    2  -47   -6
 -11    1   22  -18   13  -36   -5   29
 -32   30   31  -24  -11   22   20    9
  77  -31   -1  -12    6   23   12  -25
  25  -39    3   -5   -2   42  -39  -32
  79  -31    0    0   16    1  -43    8
  21    8    9   50  -17  -18  -28   10
 -16   -4   48   53  -16   -1  -45    0
 -12   -7  -19    6   19   -6  -24   -6
 -11   24   21  -10   17  -23  -23   23
 -17   19   18  -24    2    4   48    7
 104   -6  -17   -9  -22   23   15  -48
   7  -16   -9   -5   -9   14  -58  -21
  84  -42    8   13  -28   13  -38    2
   5   17   -8   20  -35  -18  -24   27
  -4    2   23   50   32   -3  -25   -5
 -11   15  -14   -1    4   -7   -1    2
  34   58   36  -53   19   -8  -24   22
 -21   11   14  -45   -7   35   25    0
  61   16  -15  -10  -34   31   13  -15
   7  -25  -10  -19   -7   27  -69  -11
  45  -31    1   -7  -18    8  -16   -5
  -7   32   27   12  -42  -14  -34   20
   5   -8   26    9    4   -3    8  -19
   5   26  -21   -7   -5   -4   18   12
  25   72   15  -39    2  -13  -27    1
  -6    9    9  -30   -3   54   20    3
  41   24  -22  -13    8   31   -1   -8
  39    5   -7  -14   -6   18  -56  -34
  -7  -16    8   26   43    7   -4  -16
  -2   -7   31   59  -26  -11  -23   13
 -15  -27   16  -10  -31   -7   -9   -6
  11    2  -28   -3  -28  -26   15    2
  14   39   28  -56  -10    0  -15   -8
 -30    9   10  -18   -7   31  -19  -32
  12    3   -6   10   65   20   15   17
  30   38  -10   -4  -13   29  -33  -48
 -26   -4   -5   37   34  -11   -9  -19
   2   -6   21  107  -32    4  -14  -10
   5  -14   30  -13  -19   -8   12    2
  20  -20  -19  -12  -15  -35   -6    2
   1   37    5  -47  -10    2  -30   -3
 -31    9   23   -9   -1   22  -12   -8
  20   -4    9   10   62   20   25   20
  33   45  -11   -6  -25   13  -32  -49
 -38    2    2   38   48  -10  -12  -23
  21  -23   15  101  -21    3  -17   -4
   3  -11   25  -30  -20   -4    8   13
  14  -17  -23  -30  -18  -34    3  -10
  15   35    7  -48   -8   -9  -27  -13
 -46    1    4   -2   -4   38   -4  -16
   7   -2   -6    2   66   11   14   24
  26   50    5    2  -13   16  -32  -50
 -45    5   -2   47   55  -15   -3  -25
  19  -20   16   88  -25    6  -10  -17
   1  -12   18   -9  -26    1    8   13
  23  -12  -25    1   -7  -36  -11  -12
 -10   24  -11   -7   14   -6  -25   13
 -38   28   54  -19   -5   16  -14   -7
  29  -18   -4  -10   35    8   11    4
   3   28   20    4  -18    9   24  -24
  -8  -14   -3    6  105    1   -3  -18
  13  -28   25   46  -27  -20   -8   -6
   2  -14   -9   14  -24   -2  -10   -5
  33   -3  -14  -10  -13  -33  -34  -18
 -32   -1   -1   -6    8  -31  -27  -19
 -16   25   25    1    7   19    0    2
  67  -25   24  -20   21    1   -8   49
  26    2   41   -4   -3    6   21  -37
 -16   13   -6    0   93  -11   -1  -11
  60  -21    1   42  -34  -11  -14  -13
   3  -19    6   -2  -30  -11   27   19
  11  -13  -22    0  -12  -24  -40  -13
 -13   -2  -19    1   22   -8   -8    9
 -26   26   48   -1    3    4   15   -4
  45  -24    4    4    0   16    2   14
  30   -7   35    7  -25   -7   52  -23
  -5   10  -18   -8  108  -10   -3   -9
  25  -20   14   11  -34  -29   -8   -9
   1  -13   -7  -10  -15   19    0    3
   3    9   -4  -20  -14  -33  -50   -5
 -11    7  -28    4   21  -20    3    9
  -2    6   58   -7   -3   -1   23    2
  52  -25   11   -1  -35   13   -7    6
  42  -35   43  -18  -23  -17   39   -7
  29  -11  -18   -7   94   -6    1   -7
  18  -16   27    0  -48  -27    2  -12
 -33  -14  -13   -2  -11   34   12   21
  12    5  -10   -6  -15  -11  -34   -6
  -5   -4  -21   17   22  -15   -2   -1
 -13   18   23    2   -4   21   38    6
  56  -23   11   -5  -26   13    0    4
  65  -22   29  -23   -5  -26   47  -20
  10  -11  -16  -18   90  -14    0   -7
  39  -29   36  -17  -23  -25   -6  -13
 -22   -1  -23    4  -25   17    1   18
   2   11   -2   -2    0  -18  -48    1
  11   67   31  -43   10   -5   -4   21
 -21    4   14  -49   -1   36   31    3
  80   16   -9  -12  -19   25    7   -5
  24  -29    7  -17   -3    4  -56  -24
  51  -35   -1   -6   -1   15  -26   -6
 -19   17   40   18  -40  -29  -16   -2
  -5    3   31   -2  -10   -9    7   -5
   1   17  -21   -2   -6   -3   21   -9
  23   86   26  -49    0    8  -26    5
 -12   15   13  -41   -4   43   18    4
  41   17  -12  -13    4   26   -5    3
  17  -13    0  -22  -24   10  -80  -20
   0  -14    7   22   10    1  -13  -14
 -22   20   41   31  -26   -4  -19   14
 -17  -12   26  -10  -20    4   19   -5
   4    7   -5   -9  -13  -20   21   -8
  40   56   28  -50    1   -8  -12    8
 -18   24    8  -36  -14   45    3  -21
  34   10  -11   -3   16   13   32    8
   6   -8   -1  -18  -21   22  -73  -33
  -5  -24  -14   23   30    2   -7  -18
   0   33   41   67  -12   -4  -20    6
  -1  -21   32  -16  -19   -4   10  -10
  13   -9  -19  -11   -8  -27   14  -10
  21   50   26  -48   -8   -6  -28   -6
 -37    9   13  -20   -2   27  -15  -23
  -2   11   -7    7   54   14   16   10
  18   36   -6   -6  -21   21  -40  -35
 -38  -13   -1   51   44   -3    0  -14
   1   -3   13  103  -15   -9  -18    0
 -10  -20   23  -14  -32   14   16   10
  16  -12  -26   -6  -17  -31    2   -8
  15   50   26  -48   -2    1  -37    0
 -31   11   24  -17   -4   26  -16  -27
  19    2  -20   -3   50   10   14   32
  23   34   11  -12  -20   25  -43  -56
 -36  -15    9   40   40  -10  -19  -18
  24    5   10   84    5   -5  -10    0
   3  -10   16  -26  -35   20   24   -1
  20  -16  -21   -7  -10  -42   -9   -5
  30   53   21  -44  -11    6  -47   -9
 -51    7   23  -17    0   17  -15  -28
  30   -3   -2    2   49   20    2   15
  22   58   -9   -2  -15    8  -35  -37
 -22    6   -5   38   41   -5  -20  -25
   8    6    6   93  -19   -2  -13    0
  -2  -15   19  -14  -21    8   11    5
  18  -22  -32  -10  -10  -23   -9   -1
  14   22   23  -33   -6    0  -25   -3
 -37    4   14  -16   -9   14   -5  -27
   7    4   -1    4   56   11   12   27
  19   43    9   -4  -12   17  -29  -54
 -30   -4    1   28   66   -9  -21  -16
  16   -7   13  106  -11    2  -11   -2
  -9  -19   24   -9  -42    5   11    4
  21  -18  -32   -4   -4  -27  -13  -14
  -6   31   -5  -19   -3  -12  -22    3
 -39   19   38  -10   18   37  -14    3
  38  -13   -3  -20   46    5   -1    8
  28    5   15    9   -5   -7    2  -24
 -30   -9   -4   18   95  -18   -4  -24
  37  -41   17   60  -32    1   -9   -8
  11    0   18    2  -36   -4    5   11
  16   -3    2  -10  -31  -38  -28  -19
 -25    5  -28  -30    6   -2    0  -12
 -32   21   14    0   16   44    3  -16
  44  -22   11   -4    0   -4   12    9
  30   -4   41   10   -3    0   28  -41
   0   22  -21   -3  102   -2   -7   -9
  50  -19   13   28  -30   -7    2  -10
  10  -20   12    2  -22  -11    1    9
   0   -2   -8   -7    5  -15  -60  -14
 -18   13   -2    5   10  -33  -31    0
 -16   16   68  -11    7    7   10    0
  49  -17    7    0   -3   15   -2   31
  20  -13    7   15   -1   -2   30  -28
   0   -4   -7  -14  106   16   -9  -15
  10  -25    5   24  -35  -15  -19    0
  12  -18  -11    9   -7  -10   15    0
  26   17  -21   -3  -39  -36  -31  -23
 -23    0  -36   15    7  -18    0  -12
 -16    8    5   -1    0    7   15   -5
  39  -23  -12   -4   -3   13   -9    0
  53  -20   38   -8    1  -13   66  -15
   0   19  -36  -12  108   -4    6   -2
  41  -22   11    0  -21  -28    2   -5
  -3    0    0   19   -1    4    4   12
   3    9    6   -8    0   -7  -56  -17
 -17    1  -31    7   23  -18   12    0
 -15   19   36    3    1   -5   18   20
  64  -42   31  -18  -38    0    8    0
  42  -14   35  -15  -16  -22   41  -17
  19  -14   -5  -11   92  -19   -1  -15
  29  -21   22   -8  -30  -18   -7  -13
 -23   -3   13   12   -7   29    8   23
   0   16  -15   -3  -16  -15  -45    2
  24   66   29  -41    4   -5  -20  -17
 -29   13   -4  -47    3   52   21  -21
  66   21  -26   -6    2   11   -2   16
  26  -15    1  -19  -16    5  -59  -31
  22  -22   -1   17   20    8   -5  -12
 -11   24   39   47  -18  -20  -15   25
 -12  -18   29   -5   -7   -7   -4  -14
  12    6  -31    0   -1   -6    5    0
  27   64   29  -27    1    2  -17    4
 -23   -1   23  -31   -6   44    1  -18
  34   11  -13  -13   34   22   19   18
  15  -10   -5  -16  -34   27  -59  -35
  -5  -34  -11   27    9    0  -25    0
  -8   26   46   71    6   -5  -12   11
 -10  -23   35   -8  -40   14   15  -26
   6   -2  -22  -21    0  -18   -2   -7
  27   70   26  -45   -7    8  -17    1
 -18    4    4  -42    0   46   -3   -7
  24    3   -6  -10   22   23   13   24
  23  -10   -1  -10  -16   10  -62  -45
   0  -37   -6   20   24   -1   -9   -9
 -10   19   39   70   -7  -10  -26   -2
 -16  -29   42  -12  -26   11   30  -18
   5   -6    0    0    0  -18   13   -4
  19   60   19  -46   -5   13  -37   -8
 -43   10   15  -12  -18   32   -3  -22
  18    5   -6   -1   44   11   10   11
  36   37  -11  -17  -12   15  -52  -54
 -38  -14    3   43   26   -8  -16  -22
  12   19    9   86   -5    5  -21   16
   1  -28   26  -19  -19   14   18   -3
  12    0  -30  -10  -10  -19    3   -7
  22   57   31  -36  -24    4  -23    4
 -29   -5    6  -31    0   28  -13  -24
  18   -1  -20    0   33   15    5   25
  36   28   -3   -9  -28   19  -42  -38
 -18  -14    0   37   35    1  -10  -20
   8    6   14   99  -10   -2  -13    1
 -15  -26   33  -21  -16    9   37   -6
  25   -4  -39   -6   -9  -31    2   -7
  19   39   16  -43   -8   15  -32   -4
 -32   10    9  -10    0   40   -4  -33
   9    5   -9   -7   61    9   15   16
  24   27   11  -12  -21   19  -30  -53
 -27  -13   -5   40   48   -2   -3  -28
  35   -5   24   96  -21    1  -15   -7
  -2  -14   19  -15  -36    5    9   15
  12  -12  -31  -10  -13  -39   -3  -13
  19   49   32  -54  -18    5  -14   -8
 -27    0   30  -17    8   20   -7  -34
  20    8   -6    6   45   15    3   28
  31   47    5   -7  -13    5  -39  -54
 -24   -7    9   26   38  -15  -18  -29
  29   -2   12   83  -17   -2  -21   -4
  -9  -13   43  -20  -48   23   31   -2
   4   -8  -18   -8   -3  -34  -11  -15
  -3   20    0  -25    5   -5  -18    1
 -14   15   49  -22   -6   18   -6  -16
  44  -12   -4  -10   47   12   22   21
  14   20   15   -1  -14   19   -5  -25
 -19    2   -1   12   94  -12    7  -28
   5  -23   13   82  -32  -18  -16  -14
  -6   -8   15  -15  -33   -8    5   10
   6   10  -26   -5  -38  -35   -9  -14
 -33   -1  -13   10    9  -23  -19  -19
 -19   26   36    4    8   29   -2    7
  44  -24   14   -3   38   12   -9   24
  25    5   30   -1  -20   13   19  -41
 -12   -1   -2    7   92  -21  -17   -1
  54   -9    2   48  -20  -12   -7  -16
  13  -24   29   14  -38  -13    2    6
  -4   -7  -20   -8    8  -29  -52  -28
 -12   -3   -1  -46    8  -20  -27    1
 -42   18   45   -8    5    8   -3    0
  61  -13    2  -12   51    3   12   24
  11   24   21    5  -16   15    5  -30
 -17   30    3    3   92  -22   -9  -24
  25  -23   30   63  -16  -18  -18  -10
  -1  -17    2   -1  -13    8    0  -11
  15   -8  -17   -3  -15  -39  -14  -18
 -17   -2  -45   22    9   -7   -2    4
 -19   25   19    2    7  -11   13   -9
  32  -31  -15    0    1    4   -2   11
  30  -13   19   -5  -13   -4   63   -3
  -3    8  -16  -15  126  -16   -3  -10
  12  -19   15  -12  -17  -22  -14   -3
   3   -7   -7   10  -18   10   19   14
   2    0   -1    7   -3   -5  -41  -17
 -21    0  -19    5   26  -22   15  -14
 -20   31    4    1    3   37   23    3
  71  -21   14    0  -37   19  -11    0
  46  -24   30  -23   -2  -21   24  -31
   5   -6  -21   -2   85   13  -12  -14
  47   -4    7   -4  -33  -25   13   -7
  -7   -9    7   23  -14    0    5   23
  -1    9  -25   -8   13    1  -60  -18
