Shape: torch.Size([1, 144, 64])
Range: [-112, 127]
Mean: -3.5623

量化值陣列:
 -5  18  -7  -8  -4  -5  -5 -10
 -6  -4  -8  -4  -4  -4  -7  -3
 -8  -7  -5  -5  -7  -6  -4  -4
 -4  -6  -4  -6 -10  -5  -5  -6
 -7  -6  -5  -6 127  -5  -5  -8
 -5 -12  -6  -5  -8  -4  -5  -7
 -4  -6  -5  -5  -5  -4  -3  -4
 -5  -4  -5  -8  -7  -6 -101  -6

 -6  17  -7  -8  -5  -5  -6 -10
 -6  -4  -8  -4  -4  -4  -8  -4
 -8  -7  -5  -6  -7  -6  -4  -4
 -5  -6  -4  -6 -10  -5  -5  -6
 -7  -6  -5  -6 127  -5  -6  -8
 -5 -12  -6  -4  -9  -4  -5  -8
 -4  -6  -5  -5  -5  -4  -3  -4
 -6  -4  -5  -8  -7  -6 -103  -6

 -6  20  -8  -9  -5  -6  -6 -11
 -6  -4  -9  -5  -5  -5  -9  -4
 -9  -7  -6  -6  -8  -7  -4  -4
 -5  -6  -5  -7 -11  -6  -6  -6
 -7  -7  -5  -7 127  -6  -6  -9
 -5 -13  -6  -5  -9  -4  -6  -8
 -4  -7  -5  -5  -5  -5  -4  -5
 -6  -4  -5  -8  -8  -7 -108  -7

 -7  21  -8  -9  -5  -6  -6 -12
 -7  -4  -9  -5  -5  -5  -9  -4
 -9  -8  -6  -6  -8  -7  -5  -4
 -6  -7  -5  -7 -11  -6  -6  -7
 -7  -7  -5  -7 127  -6  -6  -9
 -6 -14  -7  -5 -10  -4  -6  -8
 -4  -7  -5  -5  -5  -5  -4  -5
 -6  -4  -5  -9  -8  -7 -110  -7

 -7  21  -8  -9  -5  -6  -6 -12
 -7  -4  -9  -5  -5  -5  -9  -4
 -9  -8  -6  -6  -8  -7  -5  -4
 -6  -7  -5  -7 -10  -6  -6  -7
 -7  -7  -5  -7 127  -6  -6  -9
 -5 -14  -6  -5 -10  -4  -6  -8
 -4  -7  -5  -5  -5  -5  -4  -5
 -6  -4  -5  -9  -8  -7 -112  -7

 -6  21  -7  -9  -5  -6  -6 -11
 -6  -4  -9  -5  -5  -4  -9  -4
 -9  -7  -5  -6  -8  -7  -4  -4
 -5  -6  -5  -7 -10  -6  -6  -6
 -7  -7  -5  -7 127  -5  -6  -8
 -5 -13  -6  -5  -9  -4  -5  -8
 -4  -7  -5  -5  -5  -5  -4  -5
 -6  -4  -5  -8  -8  -7 -104  -6

 -6  19  -8  -9  -5  -6  -6 -11
 -6  -4  -9  -5  -5  -4  -8  -4
 -9  -7  -5  -6  -7  -7  -4  -4
 -5  -6  -5  -7 -10  -5  -6  -6
 -7  -6  -5  -7 127  -5  -6  -9
 -5 -13  -6  -5  -9  -4  -5  -8
 -4  -7  -5  -5  -5  -5  -4  -4
 -6  -4  -5  -8  -8  -7 -107  -6

 -6  18  -7  -9  -4  -5  -6 -11
 -6  -4  -9  -5  -5  -4  -8  -4
 -9  -7  -5  -6  -7  -6  -4  -4
 -5  -6  -4  -6 -10  -5  -6  -6
 -7  -6  -5  -7 127  -5  -6  -8
 -5 -12  -6  -5  -9  -4  -5  -8
 -4  -7  -5  -5  -5  -5  -4  -5
 -6  -4  -5  -8  -8  -6 -105  -6

 -6  17  -7  -8  -5  -5  -6 -10
 -6  -4  -8  -4  -4  -4  -7  -4
 -8  -7  -5  -5  -7  -6  -4  -4
 -5  -6  -4  -6 -10  -5  -5  -6
 -7  -6  -5  -6 127  -5  -6  -8
 -5 -12  -6  -4  -8  -4  -5  -7
 -4  -6  -5  -5  -5  -4  -3  -4
 -5  -4  -5  -8  -7  -6 -101  -6

 -6  20  -7  -9  -5  -5  -6 -11
 -6  -4  -9  -5  -5  -4  -8  -4
 -9  -7  -5  -6  -7  -7  -4  -4
 -5  -6  -5  -7  -9  -5  -6  -6
 -7  -7  -5  -6 127  -5  -6  -8
 -5 -13  -6  -5  -9  -4  -5  -8
 -4  -7  -5  -5  -5  -5  -3  -5
 -6  -4  -5  -8  -8  -6 -105  -6

 -6  21  -7  -8  -5  -5  -5 -11
 -6  -4  -8  -5  -5  -4  -8  -4
 -8  -7  -5  -6  -7  -6  -4  -4
 -5  -6  -4  -7  -9  -5  -5  -6
 -6  -6  -5  -6 127  -5  -6  -8
 -5 -12  -6  -5  -9  -4  -5  -8
 -4  -6  -5  -5  -5  -5  -3  -4
 -5  -4  -5  -8  -8  -6 -102  -6

 -6  19  -7  -8  -5  -6  -6 -11
 -6  -4  -8  -5  -5  -4  -8  -4
 -8  -7  -5  -5  -7  -6  -4  -4
 -5  -6  -4  -6  -9  -5  -5  -6
 -7  -6  -5  -6 127  -5  -6  -8
 -5 -12  -6  -5  -9  -4  -5  -8
 -4  -6  -4  -5  -5  -4  -3  -4
 -5  -4  -5  -8  -7  -6 -103  -6

 -4  16  -5  -6  -3  -3  -4  -7
 -4  -3  -5  -3  -3  -3  -5  -3
 -6  -5  -4  -4  -5  -5  -3  -3
 -3  -4  -3  -6  -7  -5  -3  -4
 -5  -5  -4  -5  96  -4  -4  -6
 -4  -9  -4  -3  -7  -3  -4  -5
 -3  -4  -4  -3  -3  -4  -3  -3
 -4  -3  -3  -5  -6  -5 -82  -4

 -6  16  -6  -8  -5  -5  -5 -10
 -6  -4  -8  -4  -4  -4  -8  -4
 -8  -7  -5  -5  -7  -6  -4  -4
 -5  -6  -4  -6 -10  -5  -5  -5
 -6  -6  -4  -6 127  -5  -6  -8
 -5 -12  -5  -4  -8  -4  -5  -8
 -4  -6  -4  -5  -5  -4  -3  -4
 -5  -4  -5  -8  -7  -6 -100  -6

 -5  17  -6  -8  -4  -5  -5  -9
 -5  -3  -7  -4  -4  -4  -7  -4
 -8  -6  -5  -5  -6  -6  -4  -4
 -4  -5  -4  -6  -9  -5  -5  -5
 -6  -6  -4  -6 127  -5  -6  -7
 -5 -11  -5  -4  -8  -3  -5  -7
 -3  -6  -5  -4  -4  -4  -3  -4
 -5  -4  -4  -7  -7  -6 -97  -5

 -5  17  -6  -8  -4  -5  -5 -10
 -5  -4  -7  -4  -4  -4  -7  -4
 -8  -7  -5  -5  -7  -6  -4  -4
 -4  -5  -4  -6  -9  -5  -5  -5
 -6  -6  -5  -6 127  -5  -6  -8
 -5 -11  -5  -4  -8  -3  -5  -7
 -3  -6  -5  -4  -4  -4  -3  -4
 -5  -4  -4  -7  -7  -6 -97  -5

 -5  16  -6  -7  -4  -5  -5 -10
 -5  -4  -7  -4  -4  -4  -7  -4
 -8  -6  -5  -5  -6  -6  -4  -4
 -4  -5  -4  -6  -9  -5  -5  -5
 -6  -6  -5  -6 127  -5  -6  -7
 -5 -11  -5  -4  -8  -3  -5  -7
 -3  -6  -5  -4  -4  -4  -3  -4
 -5  -4  -4  -7  -7  -6 -98  -5

 -6  18  -6  -8  -4  -5  -5 -10
 -6  -4  -8  -5  -5  -4  -8  -4
 -8  -7  -5  -5  -7  -6  -4  -4
 -5  -6  -4  -6  -9  -5  -5  -6
 -6  -6  -5  -6 127  -5  -6  -8
 -5 -12  -6  -4  -8  -4  -5  -8
 -4  -6  -5  -4  -5  -4  -3  -4
 -5  -4  -5  -8  -7  -6 -101  -6

 -6  21  -7  -8  -5  -6  -5 -11
 -6  -4  -8  -4  -5  -4  -8  -4
 -8  -7  -5  -6  -7  -7  -4  -4
 -5  -6  -4  -7  -8  -5  -6  -6
 -6  -7  -5  -6 127  -5  -6  -8
 -5 -13  -6  -5  -9  -4  -6  -8
 -4  -6  -5  -5  -5  -5  -3  -4
 -6  -4  -5  -8  -8  -6 -103  -6

 -5  18  -7  -8  -4  -5  -5 -10
 -5  -3  -8  -4  -4  -4  -7  -4
 -8  -7  -5  -5  -7  -6  -4  -4
 -5  -5  -4  -6  -8  -5  -5  -6
 -6  -6  -5  -6 127  -5  -6  -8
 -5 -11  -6  -4  -8  -4  -5  -7
 -4  -6  -5  -4  -5  -5  -3  -4
 -5  -4  -5  -8  -7  -6 -99  -5

 -5  18  -6  -8  -4  -5  -5 -10
 -5  -4  -7  -4  -4  -4  -7  -4
 -8  -7  -5  -5  -7  -6  -4  -4
 -5  -5  -4  -6  -8  -5  -5  -6
 -6  -6  -5  -6 127  -5  -6  -8
 -5 -11  -6  -4  -8  -4  -5  -7
 -4  -6  -5  -4  -5  -4  -3  -4
 -5  -4  -5  -7  -7  -6 -99  -5

 -5  17  -6  -7  -4  -5  -5 -10
 -5  -3  -7  -4  -4  -4  -7  -4
 -8  -6  -5  -5  -6  -6  -4  -4
 -4  -5  -4  -6  -9  -5  -5  -5
 -6  -6  -4  -6 127  -5  -6  -7
 -5 -11  -5  -4  -8  -3  -5  -7
 -3  -6  -5  -4  -4  -4  -3  -4
 -5  -4  -4  -7  -7  -6 -99  -5

 -5  19  -6  -8  -4  -5  -5 -10
 -5  -4  -7  -5  -4  -4  -8  -4
 -8  -7  -5  -5  -7  -6  -4  -4
 -5  -6  -4  -6  -9  -5  -5  -6
 -6  -6  -5  -6 127  -5  -6  -8
 -5 -12  -6  -5  -8  -4  -5  -8
 -4  -6  -5  -4  -5  -4  -3  -4
 -5  -4  -5  -7  -7  -6 -100  -5

 -5  18  -6  -7  -4  -5  -5 -10
 -5  -3  -7  -4  -4  -4  -7  -4
 -8  -7  -5  -5  -7  -6  -4  -4
 -4  -5  -4  -6  -8  -5  -5  -5
 -6  -6  -5  -6 127  -5  -6  -8
 -5 -11  -5  -4  -8  -3  -5  -7
 -4  -6  -5  -4  -5  -4  -3  -4
 -5  -4  -4  -7  -7  -6 -99  -5

 -3  14  -4  -5  -3  -3  -3  -6
 -3  -2  -4  -3  -2  -3  -5  -2
 -5  -4  -4  -3  -4  -4  -3  -3
 -3  -3  -3  -4  -6  -3  -3  -4
 -4  -4  -3  -4  79  -3  -4  -5
 -4  -8  -3  -3  -6  -2  -3  -4
 -2  -4  -4  -2  -3  -3  -2  -2
 -3  -3  -3  -5  -5  -4 -70  -3

 -5  17  -6  -7  -4  -5  -5  -9
 -5  -3  -6  -4  -4  -4  -7  -3
 -7  -6  -5  -5  -6  -6  -4  -3
 -4  -5  -4  -6  -8  -4  -4  -5
 -6  -5  -4  -5 123  -5  -5  -7
 -4 -11  -5  -4  -8  -3  -5  -6
 -3  -6  -4  -4  -4  -4  -3  -4
 -5  -4  -4  -7  -7  -5 -93  -5

 -5  18  -6  -7  -4  -4  -5  -9
 -5  -3  -7  -4  -4  -4  -7  -3
 -7  -6  -5  -5  -6  -6  -4  -3
 -4  -5  -4  -6  -8  -5  -4  -5
 -6  -5  -4  -5 123  -5  -5  -7
 -5 -11  -5  -4  -8  -3  -5  -6
 -3  -6  -4  -4  -4  -4  -3  -4
 -5  -4  -4  -7  -7  -5 -93  -5

 -5  19  -6  -8  -4  -5  -5 -10
 -5  -4  -7  -4  -4  -4  -8  -4
 -8  -7  -5  -5  -7  -6  -4  -4
 -5  -5  -4  -6  -8  -5  -5  -6
 -6  -6  -5  -6 127  -5  -6  -8
 -5 -12  -6  -4  -8  -4  -5  -7
 -4  -6  -5  -4  -5  -5  -3  -4
 -5  -4  -5  -7  -7  -6 -99  -5

 -5  19  -6  -7  -4  -5  -5 -10
 -5  -3  -7  -4  -4  -4  -7  -4
 -8  -7  -5  -5  -7  -6  -4  -4
 -4  -5  -4  -6  -9  -5  -4  -5
 -6  -6  -4  -5 127  -5  -5  -7
 -5 -11  -5  -4  -8  -3  -5  -7
 -3  -6  -5  -4  -4  -4  -3  -4
 -5  -4  -4  -7  -7  -6 -98  -5

 -6  21  -7  -8  -5  -6  -5 -11
 -6  -4  -8  -5  -5  -4  -8  -4
 -8  -7  -5  -5  -7  -7  -4  -4
 -5  -6  -4  -7  -8  -5  -5  -6
 -7  -6  -5  -6 127  -5  -6  -8
 -5 -12  -6  -5  -9  -4  -5  -8
 -4  -6  -5  -5  -5  -5  -3  -4
 -6  -4  -5  -8  -8  -6 -103  -6

 -5  20  -6  -7  -4  -5  -5  -9
 -5  -3  -7  -4  -4  -4  -7  -4
 -7  -7  -5  -5  -6  -6  -4  -4
 -5  -5  -4  -6  -8  -5  -4  -5
 -6  -6  -4  -5 127  -5  -5  -7
 -5 -11  -5  -4  -8  -3  -5  -7
 -3  -6  -5  -4  -4  -4  -3  -4
 -5  -4  -4  -7  -7  -6 -96  -5

 -4  20  -6  -6  -3  -4  -4  -8
 -4  -3  -5  -4  -3  -4  -6  -3
 -6  -6  -5  -4  -5  -5  -3  -3
 -4  -4  -3  -6  -7  -5  -4  -5
 -5  -5  -4  -5 102  -4  -5  -6
 -4 -10  -5  -3  -8  -3  -4  -6
 -3  -5  -4  -3  -3  -4  -3  -3
 -4  -4  -3  -6  -6  -5 -84  -4

 -6  20  -7  -9  -5  -6  -6 -11
 -6  -4  -8  -5  -5  -4  -8  -4
 -8  -7  -5  -6  -8  -7  -4  -4
 -5  -6  -4  -6  -9  -5  -6  -6
 -7  -6  -5  -6 127  -5  -6  -9
 -5 -13  -6  -5  -9  -4  -5  -8
 -4  -7  -5  -5  -5  -5  -3  -5
 -6  -4  -5  -8  -8  -6 -104  -6

 -5  19  -6  -7  -4  -5  -5  -9
 -5  -3  -7  -4  -4  -4  -7  -3
 -7  -6  -5  -5  -6  -6  -4  -4
 -4  -5  -4  -6  -9  -5  -5  -5
 -6  -6  -4  -5 127  -5  -5  -7
 -5 -11  -5  -4  -8  -3  -5  -7
 -3  -6  -5  -4  -4  -4  -3  -4
 -5  -4  -4  -7  -7  -6 -97  -5

 -5  21  -6  -7  -4  -5  -5  -9
 -5  -3  -6  -4  -4  -4  -7  -4
 -7  -7  -5  -5  -6  -6  -4  -4
 -4  -5  -4  -6  -8  -5  -4  -5
 -6  -5  -4  -5 125  -5  -5  -7
 -5 -11  -5  -4  -8  -3  -5  -7
 -3  -6  -5  -4  -4  -4  -3  -4
 -5  -4  -4  -7  -7  -6 -97  -5

 -6  20  -7  -8  -5  -5  -5 -10
 -5  -4  -7  -4  -4  -4  -8  -4
 -8  -7  -5  -5  -7  -6  -4  -4
 -5  -5  -4  -6  -8  -5  -5  -6
 -6  -6  -4  -6 127  -5  -6  -8
 -5 -12  -6  -4  -8  -4  -5  -7
 -4  -6  -5  -4  -4  -5  -3  -4
 -5  -4  -5  -8  -7  -6 -100  -5

 -4  16  -5  -6  -3  -3  -4  -7
 -4  -3  -5  -3  -3  -3  -5  -3
 -6  -5  -4  -4  -5  -5  -3  -3
 -3  -4  -3  -6  -7  -5  -3  -4
 -5  -5  -4  -5  96  -4  -4  -6
 -4  -9  -4  -3  -7  -3  -4  -5
 -3  -4  -4  -3  -3  -4  -3  -3
 -4  -3  -3  -5  -6  -5 -82  -4

 -4  16  -4  -5  -3  -3  -4  -7
 -4  -2  -5  -3  -2  -4  -5  -3
 -6  -5  -4  -3  -4  -5  -3  -3
 -3  -3  -3  -5  -7  -4  -3  -4
 -4  -4  -3  -4  87  -4  -4  -5
 -4  -9  -3  -3  -7  -2  -4  -5
 -3  -4  -4  -3  -3  -4  -3  -3
 -4  -3  -3  -5  -6  -4 -76  -3

 -5  20  -6  -7  -3  -4  -4  -8
 -5  -3  -6  -4  -3  -4  -6  -3
 -6  -6  -4  -4  -5  -5  -3  -3
 -4  -4  -3  -6  -7  -4  -4  -5
 -5  -5  -4  -5 107  -4  -4  -6
 -4 -10  -4  -3  -7  -3  -4  -6
 -3  -5  -4  -3  -3  -4  -3  -3
 -4  -4  -4  -6  -6  -5 -85  -4

 -5  18  -6  -7  -4  -5  -5  -9
 -5  -3  -6  -4  -4  -4  -7  -3
 -7  -6  -5  -4  -6  -6  -4  -4
 -4  -5  -4  -6  -9  -5  -4  -5
 -6  -5  -4  -6 122  -5  -6  -7
 -5 -11  -5  -4  -8  -3  -5  -7
 -3  -6  -5  -4  -4  -4  -3  -4
 -5  -4  -4  -7  -7  -6 -96  -5

 -5  17  -6  -7  -4  -5  -5 -10
 -5  -4  -7  -4  -4  -4  -7  -4
 -8  -7  -5  -5  -7  -6  -4  -4
 -4  -5  -4  -6  -9  -5  -5  -5
 -6  -6  -5  -6 127  -5  -6  -8
 -5 -11  -5  -4  -8  -3  -5  -7
 -4  -6  -5  -4  -5  -4  -3  -4
 -5  -4  -4  -7  -7  -6 -98  -5

 -5  18  -6  -7  -4  -5  -5 -10
 -5  -3  -7  -4  -4  -4  -7  -4
 -8  -7  -5  -5  -7  -6  -4  -4
 -4  -5  -4  -6  -8  -5  -5  -5
 -6  -6  -5  -6 127  -5  -6  -8
 -5 -11  -5  -4  -8  -3  -5  -7
 -4  -6  -5  -4  -5  -4  -3  -4
 -5  -4  -4  -7  -7  -6 -99  -5

 -4  12  -4  -6  -3  -4  -4  -8
 -4  -3  -6  -3  -3  -4  -6  -3
 -6  -5  -4  -5  -4  -5  -3  -3
 -4  -4  -3  -5  -7  -4  -4  -4
 -5  -5  -3  -5 106  -4  -5  -6
 -4  -9  -5  -3  -7  -3  -4  -6
 -3  -4  -4  -4  -4  -3  -3  -3
 -4  -3  -4  -6  -6  -5 -80  -4

 -2  10  -2  -3  -2  -2  -3  -4
 -3  -2  -3  -2  -2  -3  -3  -2
 -4  -3  -3  -2  -3  -3  -2  -2
 -2  -2  -2  -3  -5  -2  -2  -3
 -3  -3  -2  -3  58  -2  -3  -4
 -2  -5  -3  -2  -4  -2  -2  -4
 -2  -3  -3  -2  -2  -2  -2  -2
 -2  -2  -2  -3  -4  -3 -52  -2

 -4  13  -4  -5  -3  -3  -4  -7
 -4  -3  -4  -3  -2  -3  -5  -3
 -6  -5  -4  -3  -4  -4  -3  -3
 -3  -3  -3  -5  -6  -3  -3  -4
 -4  -4  -3  -4  86  -4  -5  -5
 -4  -8  -4  -2  -6  -2  -4  -5
 -3  -4  -4  -3  -3  -3  -3  -3
 -3  -3  -3  -5  -5  -4 -77  -3

 -5  18  -6  -7  -4  -5  -5  -9
 -5  -3  -7  -4  -4  -4  -7  -3
 -7  -6  -5  -5  -6  -6  -4  -3
 -4  -5  -4  -6  -8  -5  -4  -5
 -6  -5  -4  -5 125  -5  -5  -7
 -5 -11  -5  -4  -8  -3  -5  -6
 -3  -6  -4  -3  -4  -4  -3  -4
 -5  -4  -4  -7  -7  -5 -93  -5

 -4  20  -6  -6  -3  -4  -4  -8
 -5  -3  -6  -4  -3  -4  -6  -3
 -6  -6  -5  -3  -5  -5  -3  -3
 -4  -4  -3  -6  -7  -4  -4  -4
 -5  -5  -4  -5 103  -4  -4  -6
 -4 -10  -4  -3  -7  -3  -4  -6
 -3  -5  -4  -2  -3  -4  -3  -3
 -5  -4  -3  -6  -6  -5 -84  -4

 -5  18  -6  -8  -4  -5  -5 -10
 -5  -4  -7  -4  -4  -4  -7  -4
 -8  -7  -5  -5  -7  -6  -4  -4
 -4  -5  -4  -6  -8  -5  -5  -5
 -6  -6  -4  -6 127  -5  -6  -8
 -5 -11  -5  -4  -8  -3  -5  -7
 -4  -6  -5  -4  -5  -4  -3  -4
 -5  -4  -4  -7  -7  -6 -98  -5

 -3  13  -4  -4  -2  -3  -3  -6
 -3  -2  -3  -3  -2  -3  -4  -2
 -5  -4  -3  -2  -3  -4  -2  -2
 -3  -2  -2  -4  -5  -3  -2  -3
 -4  -3  -3  -3  68  -3  -4  -4
 -3  -7  -3  -2  -5  -2  -3  -4
 -2  -4  -3  -2  -2  -3  -2  -2
 -3  -3  -3  -4  -5  -3 -61  -3

 -3  13  -4  -5  -3  -3  -3  -6
 -3  -2  -4  -3  -2  -3  -5  -2
 -5  -4  -4  -3  -4  -4  -3  -3
 -3  -3  -3  -4  -6  -3  -2  -3
 -4  -4  -3  -4  78  -3  -4  -5
 -3  -8  -3  -3  -6  -2  -3  -4
 -2  -4  -4  -2  -3  -3  -2  -2
 -3  -3  -3  -5  -5  -4 -70  -3

 -4  16  -4  -5  -3  -3  -4  -6
 -4  -2  -4  -3  -2  -3  -5  -2
 -6  -4  -4  -3  -4  -4  -3  -3
 -3  -3  -3  -5  -7  -4  -3  -4
 -4  -4  -3  -4  84  -3  -4  -5
 -4  -8  -3  -3  -6  -2  -4  -5
 -3  -4  -4  -2  -3  -4  -3  -3
 -4  -3  -3  -5  -5  -4 -74  -3

 -4  15  -4  -5  -3  -3  -4  -6
 -4  -2  -4  -3  -2  -3  -5  -2
 -6  -4  -4  -3  -4  -4  -3  -3
 -3  -3  -3  -5  -7  -4  -3  -4
 -4  -4  -3  -4  84  -3  -4  -5
 -4  -8  -3  -3  -6  -2  -3  -5
 -3  -4  -4  -2  -3  -4  -3  -3
 -4  -3  -3  -5  -5  -4 -74  -3

 -4  17  -6  -6  -3  -4  -4  -8
 -4  -3  -6  -4  -3  -4  -6  -3
 -6  -5  -4  -4  -5  -5  -3  -3
 -4  -4  -3  -5  -7  -4  -3  -4
 -5  -5  -4  -5 105  -4  -4  -6
 -4 -10  -4  -3  -7  -3  -4  -6
 -3  -5  -4  -3  -3  -4  -3  -3
 -4  -3  -3  -6  -6  -5 -84  -4

 -5  18  -6  -6  -3  -4  -4  -8
 -4  -3  -6  -4  -3  -4  -6  -3
 -7  -6  -4  -4  -5  -5  -3  -3
 -4  -4  -3  -5  -7  -5  -4  -5
 -5  -5  -4  -5 111  -4  -5  -6
 -4 -10  -5  -3  -7  -3  -4  -6
 -3  -5  -4  -3  -4  -4  -3  -3
 -4  -4  -3  -6  -6  -5 -85  -5

 -3  11  -3  -4  -2  -3  -3  -5
 -3  -2  -3  -3  -2  -3  -4  -2
 -5  -4  -3  -2  -3  -3  -2  -2
 -3  -2  -2  -4  -5  -3  -2  -3
 -3  -3  -2  -3  67  -3  -4  -4
 -3  -6  -3  -2  -5  -2  -3  -4
 -2  -3  -3  -2  -2  -2  -2  -2
 -3  -3  -2  -4  -4  -4 -60  -3

 -3   9  -3  -5  -3  -3  -3  -6
 -3  -2  -4  -3  -2  -3  -4  -3
 -6  -4  -3  -3  -4  -4  -3  -3
 -3  -3  -3  -4  -7  -4  -2  -3
 -4  -4  -3  -4  80  -3  -4  -5
 -3  -7  -3  -2  -5  -2  -3  -5
 -2  -3  -4  -3  -3  -2  -2  -2
 -3  -3  -3  -5  -4  -4 -73  -3

 -3  11  -3  -4  -2  -2  -3  -5
 -3  -2  -3  -2  -2  -3  -4  -2
 -4  -4  -3  -2  -3  -3  -2  -2
 -2  -2  -2  -3  -5  -3  -2  -3
 -3  -3  -2  -3  63  -3  -3  -4
 -3  -6  -3  -2  -5  -2  -3  -4
 -2  -3  -3  -2  -2  -2  -2  -2
 -3  -2  -2  -4  -4  -3 -56  -3

 -5  19  -6  -7  -3  -4  -4  -9
 -5  -3  -6  -4  -3  -4  -6  -3
 -7  -6  -4  -4  -5  -6  -3  -3
 -4  -4  -3  -6  -7  -5  -4  -5
 -5  -5  -4  -5 112  -4  -5  -7
 -4 -11  -5  -3  -7  -3  -4  -6
 -3  -5  -4  -3  -4  -4  -3  -4
 -5  -4  -4  -6  -6  -5 -88  -5

 -4  19  -6  -7  -3  -4  -4  -8
 -4  -3  -6  -4  -3  -4  -6  -3
 -7  -6  -4  -4  -5  -5  -3  -3
 -4  -4  -3  -6  -7  -5  -4  -5
 -5  -5  -4  -5 106  -4  -5  -6
 -4 -10  -5  -3  -8  -3  -4  -6
 -3  -5  -5  -3  -3  -4  -3  -3
 -5  -4  -3  -6  -6  -5 -84  -5

 -4  19  -6  -7  -3  -4  -4  -8
 -4  -3  -6  -4  -3  -3  -6  -3
 -6  -6  -4  -4  -5  -5  -3  -3
 -4  -4  -3  -6  -7  -5  -4  -5
 -5  -5  -4  -5 106  -4  -4  -6
 -4 -10  -4  -3  -7  -3  -4  -6
 -3  -5  -4  -3  -3  -4  -3  -3
 -5  -4  -3  -6  -6  -5 -86  -4

 -2  10  -3  -4  -2  -2  -3  -5
 -3  -2  -3  -2  -2  -3  -4  -2
 -4  -3  -3  -2  -3  -3  -2  -2
 -2  -2  -2  -3  -5  -3  -2  -3
 -3  -3  -2  -3  60  -2  -3  -4
 -2  -6  -3  -2  -4  -2  -3  -4
 -2  -3  -3  -2  -2  -2  -2  -2
 -3  -2  -2  -3  -4  -3 -54  -2

 -3  14  -4  -5  -3  -3  -4  -6
 -4  -2  -4  -3  -2  -3  -5  -3
 -6  -4  -4  -3  -4  -4  -2  -3
 -3  -3  -3  -5  -7  -3  -3  -4
 -4  -4  -3  -4  82  -3  -4  -5
 -4  -8  -3  -3  -6  -2  -4  -5
 -3  -4  -4  -2  -3  -3  -3  -2
 -3  -3  -3  -5  -5  -4 -73  -3

 -4  16  -4  -5  -3  -3  -4  -7
 -4  -2  -5  -3  -2  -4  -5  -2
 -6  -4  -4  -3  -4  -4  -3  -3
 -3  -3  -3  -5  -7  -4  -3  -4
 -4  -4  -3  -4  87  -3  -4  -5
 -4  -8  -3  -3  -6  -2  -4  -5
 -3  -4  -4  -3  -3  -4  -3  -3
 -4  -3  -3  -5  -6  -4 -75  -4

 -3  13  -4  -4  -2  -3  -3  -6
 -3  -2  -3  -3  -2  -3  -4  -2
 -5  -4  -3  -3  -3  -4  -2  -2
 -3  -2  -2  -4  -5  -3  -2  -3
 -4  -3  -2  -3  69  -3  -3  -4
 -3  -7  -3  -2  -5  -2  -3  -4
 -2  -4  -4  -2  -2  -3  -2  -2
 -3  -3  -3  -4  -5  -4 -60  -3

 -3  12  -3  -4  -2  -2  -3  -5
 -3  -2  -3  -2  -2  -3  -4  -2
 -4  -4  -3  -2  -3  -3  -2  -2
 -2  -2  -2  -4  -4  -3  -2  -3
 -3  -3  -2  -3  62  -2  -3  -4
 -3  -6  -3  -2  -5  -2  -3  -4
 -2  -3  -3  -2  -2  -2  -2  -2
 -3  -2  -2  -4  -4  -3 -55  -3

 -3  12  -3  -4  -2  -2  -3  -5
 -3  -2  -3  -2  -2  -3  -4  -2
 -4  -4  -3  -2  -3  -4  -2  -2
 -3  -2  -2  -4  -5  -3  -2  -3
 -3  -3  -2  -3  64  -3  -3  -4
 -3  -7  -3  -2  -5  -2  -3  -4
 -2  -3  -3  -2  -2  -3  -2  -2
 -3  -3  -2  -4  -4  -3 -56  -3

 -3  11  -3  -4  -2  -2  -3  -5
 -3  -2  -3  -2  -2  -3  -4  -2
 -5  -3  -3  -2  -3  -4  -2  -2
 -2  -2  -2  -3  -5  -3  -2  -3
 -3  -3  -2  -3  63  -3  -3  -4
 -3  -6  -3  -2  -5  -2  -3  -4
 -2  -3  -3  -2  -2  -2  -2  -2
 -3  -2  -2  -4  -4  -3 -56  -3

 -3  11  -3  -3  -2  -2  -3  -5
 -3  -2  -3  -2  -2  -3  -4  -2
 -4  -3  -3  -2  -3  -3  -2  -2
 -2  -2  -2  -3  -4  -2  -2  -3
 -3  -3  -2  -3  59  -2  -3  -4
 -2  -6  -3  -2  -4  -1  -2  -4
 -2  -3  -3  -2  -2  -2  -2  -2
 -3  -2  -2  -4  -4  -3 -53  -2

 -3  12  -3  -4  -2  -2  -3  -5
 -3  -2  -3  -2  -2  -3  -4  -2
 -4  -4  -3  -2  -3  -4  -2  -2
 -2  -2  -2  -4  -5  -3  -2  -3
 -3  -3  -2  -3  63  -3  -3  -4
 -3  -6  -3  -2  -5  -2  -3  -4
 -2  -3  -3  -2  -2  -2  -2  -2
 -3  -2  -2  -4  -4  -3 -56  -3

 -3  12  -3  -4  -2  -3  -3  -5
 -3  -2  -3  -2  -2  -3  -4  -2
 -4  -4  -3  -3  -3  -4  -2  -2
 -3  -2  -2  -4  -4  -3  -2  -3
 -3  -3  -2  -3  63  -3  -3  -4
 -3  -6  -3  -2  -5  -2  -3  -4
 -2  -3  -3  -2  -2  -2  -2  -2
 -3  -3  -2  -4  -4  -3 -56  -3

 -3  12  -3  -4  -2  -3  -3  -5
 -3  -2  -3  -2  -2  -3  -4  -2
 -5  -4  -3  -2  -3  -4  -2  -2
 -3  -2  -2  -4  -5  -3  -2  -3
 -3  -3  -2  -3  65  -3  -3  -4
 -3  -7  -3  -2  -5  -2  -3  -4
 -2  -3  -3  -2  -2  -2  -2  -2
 -3  -2  -2  -4  -4  -4 -58  -3

 -3  13  -3  -4  -2  -3  -3  -5
 -3  -2  -3  -2  -2  -3  -4  -2
 -5  -4  -3  -3  -3  -4  -2  -2
 -3  -2  -2  -4  -5  -3  -2  -3
 -4  -3  -2  -3  67  -3  -3  -4
 -3  -7  -3  -2  -5  -2  -3  -4
 -2  -3  -3  -2  -2  -3  -2  -2
 -3  -3  -3  -4  -5  -4 -59  -3

 -3  12  -4  -5  -3  -3  -3  -6
 -4  -2  -4  -3  -2  -3  -5  -3
 -6  -4  -4  -3  -4  -4  -3  -3
 -3  -3  -3  -4  -6  -3  -2  -3
 -4  -4  -3  -4  81  -3  -4  -5
 -3  -8  -3  -2  -6  -2  -3  -4
 -3  -4  -4  -2  -3  -3  -3  -2
 -3  -3  -3  -5  -5  -4 -72  -3

 -3  15  -4  -5  -3  -3  -4  -7
 -4  -3  -5  -3  -3  -4  -5  -3
 -6  -5  -4  -4  -4  -4  -3  -3
 -3  -3  -3  -5  -7  -4  -3  -4
 -5  -4  -4  -4  90  -4  -4  -6
 -4  -8  -4  -3  -7  -3  -4  -5
 -3  -4  -4  -3  -3  -4  -3  -3
 -4  -3  -3  -5  -6  -5 -79  -4

 -3  15  -4  -5  -3  -3  -4  -7
 -4  -3  -5  -3  -2  -4  -5  -2
 -6  -4  -4  -3  -4  -4  -3  -3
 -3  -3  -3  -5  -7  -4  -3  -4
 -4  -4  -4  -4  88  -3  -4  -5
 -4  -8  -4  -3  -6  -2  -4  -5
 -3  -4  -4  -3  -3  -4  -3  -3
 -4  -3  -4  -5  -5  -5 -77  -3

 -3  14  -4  -5  -3  -3  -4  -6
 -4  -2  -4  -3  -2  -3  -5  -2
 -6  -4  -4  -3  -4  -4  -3  -3
 -3  -3  -3  -5  -6  -3  -3  -4
 -4  -4  -3  -4  81  -3  -4  -5
 -3  -8  -3  -3  -6  -2  -3  -5
 -3  -4  -4  -2  -3  -4  -3  -3
 -3  -3  -3  -5  -5  -4 -71  -3

 -3  14  -4  -5  -3  -3  -4  -6
 -4  -2  -4  -3  -2  -3  -5  -2
 -6  -4  -4  -3  -4  -4  -3  -3
 -3  -3  -3  -5  -6  -3  -3  -4
 -4  -4  -3  -4  81  -4  -4  -5
 -4  -8  -4  -3  -6  -2  -3  -4
 -3  -4  -4  -2  -3  -3  -3  -2
 -3  -3  -3  -5  -5  -4 -72  -3

 -4   9  -4  -6  -3  -3  -4  -7
 -4  -2  -5  -3  -2  -3  -5  -3
 -7  -5  -4  -4  -4  -5  -3  -3
 -3  -4  -3  -5  -8  -4  -3  -4
 -4  -4  -3  -4  92  -3  -5  -6
 -3  -7  -4  -3  -6  -2  -4  -5
 -2  -4  -4  -3  -3  -3  -3  -3
 -3  -3  -3  -5  -5  -5 -80  -3

 -3   9  -3  -5  -3  -3  -4  -6
 -4  -2  -4  -3  -2  -4  -5  -3
 -6  -4  -4  -3  -4  -4  -3  -3
 -3  -3  -3  -5  -7  -4  -2  -3
 -4  -4  -3  -4  85  -3  -5  -5
 -3  -7  -3  -2  -6  -2  -3  -5
 -2  -4  -4  -3  -3  -3  -3  -3
 -3  -3  -3  -5  -5  -5 -77  -3

 -4   9  -4  -6  -3  -3  -4  -7
 -4  -2  -5  -3  -3  -4  -5  -3
 -7  -5  -4  -4  -4  -5  -3  -3
 -3  -4  -3  -5  -8  -4  -3  -4
 -4  -4  -3  -4  93  -4  -5  -6
 -3  -8  -4  -3  -6  -3  -4  -5
 -3  -4  -4  -3  -3  -3  -3  -3
 -4  -3  -3  -5  -5  -5 -80  -4

 -3  10  -3  -4  -2  -2  -3  -4
 -3  -2  -3  -2  -2  -3  -3  -2
 -4  -3  -3  -2  -3  -3  -2  -2
 -2  -2  -2  -3  -5  -3  -2  -3
 -3  -3  -2  -3  60  -3  -3  -4
 -2  -5  -3  -2  -4  -2  -2  -4
 -2  -3  -3  -2  -2  -2  -2  -2
 -3  -2  -2  -3  -4  -3 -55  -2

 -3  11  -3  -4  -2  -3  -3  -5
 -3  -2  -3  -2  -2  -3  -4  -2
 -5  -3  -3  -2  -3  -3  -2  -2
 -3  -2  -2  -4  -5  -3  -2  -3
 -3  -3  -2  -3  66  -3  -4  -4
 -3  -6  -3  -2  -5  -2  -3  -4
 -2  -3  -3  -2  -2  -2  -2  -2
 -3  -3  -2  -4  -4  -4 -59  -3

 -3  11  -3  -4  -2  -2  -3  -5
 -3  -2  -3  -2  -2  -3  -4  -2
 -4  -3  -3  -2  -3  -3  -2  -2
 -2  -2  -2  -3  -5  -3  -2  -2
 -3  -3  -2  -3  61  -2  -3  -4
 -2  -6  -3  -2  -4  -2  -3  -4
 -2  -3  -3  -2  -2  -2  -2  -2
 -3  -2  -2  -4  -4  -3 -55  -3

 -3  11  -3  -4  -2  -3  -3  -5
 -3  -2  -3  -2  -2  -3  -4  -2
 -4  -4  -3  -2  -3  -4  -2  -2
 -3  -2  -2  -3  -5  -3  -2  -3
 -3  -3  -2  -3  65  -2  -3  -4
 -3  -6  -3  -2  -5  -2  -3  -4
 -2  -3  -3  -2  -2  -2  -2  -2
 -3  -2  -2  -4  -4  -4 -57  -3

 -2  10  -3  -4  -2  -2  -3  -4
 -3  -2  -3  -2  -2  -3  -3  -2
 -4  -3  -3  -2  -3  -3  -2  -2
 -2  -2  -2  -3  -5  -3  -2  -2
 -3  -3  -2  -3  59  -2  -3  -4
 -2  -6  -3  -2  -4  -2  -3  -4
 -2  -3  -3  -2  -2  -2  -2  -2
 -3  -2  -2  -3  -4  -3 -53  -2

 -3  11  -3  -4  -2  -2  -3  -5
 -3  -2  -3  -2  -2  -3  -4  -2
 -5  -3  -3  -2  -3  -3  -2  -2
 -2  -2  -2  -4  -5  -3  -2  -3
 -3  -3  -2  -3  63  -3  -3  -4
 -3  -6  -3  -2  -5  -2  -3  -4
 -2  -3  -3  -2  -2  -2  -2  -2
 -3  -2  -2  -4  -4  -3 -57  -3

 -3  11  -3  -4  -2  -2  -3  -5
 -3  -2  -3  -2  -2  -3  -4  -2
 -4  -3  -3  -2  -3  -3  -2  -2
 -2  -2  -2  -3  -5  -3  -2  -3
 -3  -3  -2  -3  62  -2  -3  -4
 -2  -6  -3  -2  -5  -2  -3  -4
 -2  -3  -3  -2  -2  -2  -2  -2
 -3  -2  -2  -4  -4  -3 -55  -3

 -3  11  -3  -5  -3  -3  -3  -6
 -3  -2  -4  -3  -2  -3  -4  -2
 -6  -4  -3  -3  -3  -4  -2  -3
 -3  -3  -3  -4  -6  -3  -2  -3
 -4  -3  -3  -4  76  -3  -4  -5
 -3  -7  -3  -2  -5  -2  -3  -4
 -2  -4  -4  -2  -3  -3  -2  -2
 -3  -3  -3  -4  -5  -4 -69  -3

 -4   9  -4  -6  -3  -3  -4  -7
 -4  -3  -5  -3  -3  -4  -5  -4
 -7  -5  -3  -4  -4  -5  -3  -3
 -3  -4  -3  -5  -8  -4  -3  -4
 -4  -4  -3  -4  97  -4  -5  -6
 -3  -8  -4  -3  -6  -3  -4  -6
 -3  -4  -4  -4  -4  -3  -3  -3
 -4  -3  -3  -5  -5  -5 -82  -4

 -4  10  -4  -5  -3  -3  -4  -6
 -4  -2  -5  -3  -3  -4  -5  -3
 -6  -4  -4  -4  -4  -4  -3  -3
 -3  -3  -3  -5  -7  -4  -2  -4
 -4  -4  -3  -4  88  -3  -5  -6
 -3  -8  -4  -2  -6  -2  -4  -5
 -2  -4  -4  -3  -3  -3  -3  -3
 -3  -3  -3  -5  -5  -5 -79  -3

 -4  15  -5  -6  -4  -4  -4  -8
 -4  -3  -6  -3  -3  -4  -6  -3
 -7  -5  -4  -5  -5  -5  -3  -3
 -4  -4  -3  -6  -8  -4  -4  -4
 -5  -5  -4  -5 107  -4  -5  -6
 -4  -9  -5  -3  -7  -3  -4  -6
 -3  -5  -4  -4  -4  -4  -3  -3
 -4  -3  -3  -6  -6  -5 -83  -4

 -3  13  -4  -5  -3  -3  -4  -7
 -4  -3  -4  -3  -2  -3  -5  -3
 -6  -4  -4  -4  -4  -4  -3  -3
 -3  -3  -3  -5  -7  -4  -3  -4
 -4  -4  -3  -4  86  -4  -4  -5
 -3  -8  -4  -3  -6  -2  -4  -5
 -3  -4  -4  -3  -3  -4  -3  -3
 -4  -3  -3  -5  -5  -4 -76  -3

 -2   9  -3  -4  -2  -2  -3  -4
 -3  -2  -3  -2  -2  -3  -3  -2
 -4  -3  -3  -2  -3  -3  -2  -2
 -2  -2  -2  -3  -5  -3  -2  -2
 -3  -3  -2  -3  58  -2  -3  -4
 -2  -6  -2  -2  -4  -2  -2  -4
 -2  -3  -3  -2  -2  -2  -2  -2
 -3  -2  -2  -3  -4  -3 -54  -2

 -2  10  -2  -3  -2  -2  -3  -4
 -3  -2  -3  -2  -2  -3  -3  -2
 -4  -3  -3  -2  -3  -3  -2  -2
 -2  -2  -2  -3  -5  -2  -2  -3
 -3  -3  -2  -3  57  -3  -3  -4
 -2  -5  -3  -2  -4  -2  -2  -3
 -2  -3  -3  -2  -2  -2  -2  -2
 -2  -2  -2  -3  -4  -3 -51  -2

 -2   9  -2  -3  -2  -2  -2  -4
 -2  -1  -3  -2  -2  -2  -3  -2
 -4  -3  -2  -2  -2  -3  -2  -2
 -2  -2  -2  -3  -4  -2  -2  -2
 -3  -3  -2  -2  51  -2  -3  -3
 -2  -5  -2  -2  -4  -2  -2  -3
 -2  -3  -3  -2  -2  -2  -2  -2
 -2  -2  -2  -3  -3  -2 -46  -2

 -2   9  -2  -3  -2  -2  -2  -4
 -3  -2  -3  -2  -2  -2  -3  -2
 -4  -3  -3  -2  -3  -3  -2  -2
 -2  -2  -2  -3  -4  -2  -2  -2
 -3  -3  -2  -3  54  -2  -3  -3
 -2  -5  -2  -2  -4  -2  -2  -3
 -2  -3  -3  -2  -2  -2  -2  -2
 -2  -2  -2  -3  -4  -3 -50  -2

 -2   9  -2  -3  -2  -2  -3  -4
 -3  -2  -3  -2  -2  -2  -3  -2
 -4  -3  -3  -2  -3  -3  -2  -2
 -2  -2  -2  -3  -4  -2  -2  -2
 -3  -3  -2  -3  57  -2  -3  -4
 -2  -5  -2  -2  -4  -2  -2  -3
 -2  -3  -3  -2  -2  -2  -2  -2
 -2  -2  -2  -3  -4  -3 -51  -2

 -3  10  -3  -4  -2  -2  -3  -5
 -3  -2  -3  -2  -2  -3  -4  -2
 -4  -3  -3  -2  -3  -3  -2  -2
 -2  -2  -2  -4  -5  -3  -2  -3
 -3  -3  -2  -3  63  -3  -3  -4
 -2  -6  -3  -2  -5  -2  -3  -4
 -2  -3  -3  -2  -2  -2  -2  -2
 -3  -2  -2  -4  -4  -3 -56  -3

 -3   9  -3  -5  -3  -3  -4  -6
 -4  -2  -5  -3  -3  -3  -5  -3
 -6  -4  -4  -4  -4  -4  -3  -3
 -3  -3  -3  -5  -8  -4  -2  -4
 -4  -4  -3  -4  87  -3  -5  -6
 -3  -7  -3  -2  -6  -2  -4  -5
 -2  -4  -4  -3  -3  -3  -3  -3
 -3  -3  -3  -5  -5  -5 -78  -3

 -4   7  -3  -6  -3  -3  -4  -6
 -4  -2  -5  -3  -3  -4  -5  -3
 -7  -5  -4  -4  -4  -5  -3  -3
 -3  -4  -3  -5  -8  -4  -3  -4
 -4  -4  -3  -4  94  -3  -5  -6
 -3  -7  -4  -3  -6  -3  -3  -6
 -3  -4  -3  -3  -3  -3  -3  -3
 -4  -3  -3  -5  -5  -6 -84  -3

 -4  11  -5  -7  -4  -4  -5  -9
 -5  -3  -7  -4  -4  -4  -6  -4
 -8  -6  -4  -5  -5  -6  -3  -4
 -4  -5  -4  -6  -9  -4  -4  -5
 -6  -5  -4  -5 123  -4  -5  -7
 -4 -10  -5  -3  -7  -3  -4  -7
 -4  -5  -5  -5  -5  -4  -3  -3
 -4  -3  -4  -6  -7  -6 -92  -5

 -5  16  -6  -7  -4  -5  -5  -9
 -5  -4  -6  -4  -4  -4  -7  -4
 -8  -6  -5  -5  -6  -6  -4  -4
 -4  -5  -4  -6  -9  -5  -5  -5
 -6  -5  -4  -6 127  -5  -6  -7
 -5 -11  -5  -4  -8  -3  -4  -7
 -4  -6  -5  -5  -4  -5  -3  -4
 -5  -4  -4  -7  -7  -6 -94  -5

 -4  13  -5  -6  -4  -4  -4  -9
 -4  -3  -6  -4  -3  -4  -6  -3
 -7  -6  -4  -5  -5  -5  -3  -3
 -4  -5  -4  -6  -8  -4  -4  -5
 -5  -5  -4  -5 116  -4  -5  -7
 -4 -10  -5  -3  -7  -3  -4  -6
 -3  -5  -5  -4  -4  -4  -3  -4
 -4  -3  -4  -6  -6  -6 -87  -5

 -3  13  -4  -5  -3  -3  -4  -6
 -4  -2  -4  -3  -2  -3  -5  -3
 -6  -4  -4  -3  -4  -4  -2  -3
 -3  -3  -3  -5  -7  -3  -3  -4
 -4  -4  -3  -4  84  -3  -4  -5
 -3  -8  -3  -3  -6  -2  -3  -5
 -3  -4  -4  -2  -3  -3  -3  -2
 -3  -3  -3  -5  -5  -4 -74  -3

 -3  11  -3  -4  -2  -3  -3  -5
 -3  -2  -3  -2  -2  -3  -4  -2
 -5  -3  -3  -2  -3  -3  -2  -2
 -3  -2  -2  -3  -5  -3  -2  -3
 -3  -3  -2  -3  65  -2  -3  -4
 -3  -6  -3  -2  -5  -2  -3  -4
 -2  -3  -3  -2  -2  -2  -2  -2
 -3  -2  -2  -4  -4  -3 -58  -3

 -2  10  -2  -3  -2  -2  -2  -4
 -2  -2  -2  -2  -2  -2  -3  -2
 -3  -3  -2  -2  -2  -3  -2  -2
 -2  -2  -2  -3  -3  -2  -2  -2
 -2  -2  -2  -2  50  -2  -3  -3
 -2  -5  -2  -2  -4  -1  -2  -3
 -2  -2  -2  -2  -2  -2  -2  -2
 -2  -2  -2  -3  -3  -2 -43  -2

 -2  10  -2  -3  -2  -2  -2  -4
 -2  -1  -3  -2  -2  -2  -3  -2
 -4  -3  -2  -2  -2  -3  -2  -2
 -2  -2  -2  -3  -4  -2  -2  -2
 -3  -3  -2  -2  54  -3  -3  -3
 -2  -5  -2  -2  -4  -1  -2  -3
 -2  -3  -3  -2  -2  -2  -2  -2
 -2  -2  -2  -3  -4  -3 -48  -2

 -3  10  -2  -3  -2  -2  -3  -4
 -3  -2  -2  -2  -2  -3  -3  -2
 -4  -3  -2  -2  -2  -3  -2  -2
 -2  -2  -2  -3  -4  -2  -2  -3
 -3  -3  -2  -2  56  -3  -3  -3
 -2  -5  -3  -2  -4  -2  -2  -3
 -2  -3  -3  -2  -2  -2  -2  -2
 -2  -2  -2  -3  -4  -3 -50  -2

 -3   9  -3  -5  -3  -3  -4  -6
 -4  -2  -5  -3  -3  -4  -5  -3
 -6  -4  -4  -4  -4  -4  -3  -3
 -3  -3  -3  -5  -7  -4  -2  -4
 -4  -4  -3  -4  86  -3  -5  -6
 -3  -7  -3  -2  -6  -2  -4  -5
 -2  -4  -4  -3  -3  -3  -3  -3
 -3  -3  -3  -5  -5  -5 -78  -3

 -4   8  -4  -6  -3  -3  -4  -7
 -4  -3  -5  -3  -3  -4  -5  -3
 -7  -5  -4  -4  -4  -5  -3  -3
 -3  -4  -3  -5  -8  -4  -3  -4
 -4  -4  -3  -5  97  -4  -5  -6
 -3  -8  -4  -3  -6  -3  -4  -6
 -3  -4  -4  -4  -4  -3  -3  -3
 -4  -3  -3  -5  -5  -5 -83  -4

 -4   8  -4  -7  -4  -4  -5  -9
 -5  -3  -7  -4  -4  -4  -6  -4
 -8  -6  -4  -6  -6  -6  -4  -4
 -4  -5  -4  -6  -9  -5  -4  -5
 -6  -5  -3  -5 127  -4  -6  -7
 -4  -9  -5  -4  -7  -3  -5  -7
 -3  -5  -5  -5  -5  -3  -3  -4
 -4  -3  -4  -7  -6  -6 -93  -5

 -5  11  -5  -7  -4  -5  -5  -9
 -5  -3  -7  -4  -4  -4  -7  -4
 -8  -6  -4  -6  -5  -6  -4  -4
 -4  -5  -4  -6  -9  -4  -4  -5
 -6  -5  -4  -6 127  -4  -6  -7
 -4  -9  -5  -4  -7  -3  -4  -7
 -4  -5  -5  -5  -5  -4  -3  -4
 -4  -3  -4  -7  -6  -6 -91  -5

 -5  14  -6  -8  -4  -5  -5 -10
 -5  -4  -7  -4  -4  -5  -7  -4
 -8  -6  -5  -6  -6  -6  -4  -4
 -5  -5  -4  -6  -9  -5  -4  -5
 -6  -6  -5  -6 127  -5  -6  -8
 -5 -11  -5  -4  -8  -4  -5  -7
 -4  -6  -5  -5  -5  -4  -3  -4
 -5  -4  -4  -7  -7  -6 -97  -5

 -4  13  -5  -6  -4  -4  -4  -8
 -4  -3  -6  -4  -3  -4  -6  -3
 -7  -5  -4  -5  -5  -5  -3  -3
 -4  -5  -3  -5  -8  -4  -4  -4
 -5  -5  -4  -5 113  -4  -5  -7
 -4  -9  -5  -3  -7  -3  -4  -6
 -4  -5  -4  -5  -4  -4  -3  -3
 -4  -3  -4  -6  -6  -6 -84  -5

 -5  15  -6  -7  -4  -5  -5  -9
 -5  -3  -6  -4  -3  -4  -7  -3
 -7  -6  -5  -5  -6  -6  -4  -4
 -4  -5  -4  -6  -9  -5  -4  -5
 -6  -5  -4  -6 124  -5  -5  -7
 -5 -11  -5  -4  -8  -3  -4  -7
 -3  -5  -5  -4  -4  -5  -3  -4
 -5  -4  -4  -7  -7  -6 -95  -5

 -4  15  -5  -6  -3  -3  -4  -7
 -4  -3  -5  -3  -3  -3  -5  -3
 -6  -5  -4  -4  -4  -5  -3  -3
 -3  -4  -3  -6  -7  -4  -3  -4
 -5  -4  -4  -4  94  -4  -4  -6
 -4  -8  -4  -3  -7  -3  -4  -5
 -3  -4  -4  -3  -3  -4  -3  -3
 -4  -3  -3  -5  -5  -5 -79  -4

 -3  14  -4  -4  -3  -3  -3  -6
 -3  -2  -4  -3  -2  -3  -5  -2
 -5  -4  -4  -3  -3  -4  -2  -3
 -3  -2  -3  -4  -6  -3  -2  -3
 -4  -3  -3  -3  74  -3  -4  -5
 -3  -8  -3  -2  -5  -2  -3  -4
 -2  -4  -4  -2  -2  -3  -2  -2
 -3  -3  -3  -5  -5  -4 -66  -3

 -2  10  -3  -3  -2  -2  -3  -5
 -3  -2  -3  -2  -2  -3  -4  -2
 -4  -3  -3  -2  -3  -3  -2  -2
 -2  -2  -2  -3  -5  -3  -2  -3
 -3  -3  -2  -3  59  -2  -3  -4
 -2  -6  -3  -2  -4  -2  -3  -3
 -2  -3  -3  -2  -2  -2  -2  -2
 -2  -2  -3  -3  -4  -3 -53  -2

 -2   9  -2  -3  -2  -2  -2  -3
 -2  -2  -2  -2  -2  -2  -3  -2
 -3  -3  -2  -2  -2  -3  -1  -2
 -2  -2  -2  -3  -3  -2  -2  -2
 -2  -2  -1  -2  46  -2  -3  -3
 -2  -5  -2  -1  -3  -1  -2  -3
 -2  -2  -2  -1  -2  -2  -2  -1
 -2  -2  -2  -3  -3  -2 -41  -2

 -2  10  -2  -3  -2  -2  -2  -4
 -2  -1  -2  -2  -2  -2  -3  -2
 -3  -3  -2  -2  -2  -3  -1  -2
 -2  -2  -2  -3  -3  -2  -2  -2
 -2  -2  -1  -2  46  -2  -2  -3
 -2  -5  -2  -1  -3  -1  -2  -3
 -2  -2  -2  -2  -2  -2  -1  -2
 -2  -2  -2  -3  -3  -2 -40  -2

 -3   7  -3  -5  -3  -3  -4  -6
 -4  -2  -5  -3  -2  -3  -5  -3
 -7  -4  -4  -3  -4  -5  -3  -3
 -3  -4  -3  -5  -8  -4  -3  -4
 -4  -4  -3  -4  91  -3  -5  -6
 -3  -7  -4  -2  -6  -3  -3  -5
 -3  -4  -4  -3  -3  -3  -3  -2
 -4  -3  -3  -5  -5  -5 -80  -3

 -4   8  -4  -7  -4  -4  -4  -8
 -4  -3  -6  -4  -4  -4  -6  -4
 -7  -5  -4  -5  -5  -5  -3  -4
 -4  -4  -3  -5  -8  -4  -4  -5
 -5  -5  -3  -5 113  -4  -6  -7
 -4  -9  -5  -3  -7  -3  -4  -6
 -3  -4  -5  -5  -4  -3  -3  -3
 -4  -3  -4  -6  -6  -6 -89  -4

 -4   8  -4  -6  -4  -4  -4  -7
 -4  -3  -5  -3  -3  -4  -5  -4
 -7  -5  -4  -5  -5  -5  -3  -3
 -4  -4  -3  -5  -8  -4  -3  -4
 -5  -5  -3  -5 107  -4  -6  -6
 -4  -8  -5  -3  -6  -3  -4  -6
 -3  -4  -4  -4  -4  -3  -3  -3
 -4  -3  -4  -6  -5  -6 -86  -4

 -5  14  -5  -7  -4  -5  -5 -10
 -5  -4  -7  -4  -4  -4  -7  -4
 -8  -6  -5  -5  -6  -6  -4  -4
 -4  -5  -4  -6  -9  -5  -4  -5
 -6  -5  -4  -6 127  -5  -6  -8
 -5 -11  -5  -4  -8  -4  -5  -7
 -4  -5  -5  -5  -5  -5  -3  -4
 -5  -4  -4  -7  -7  -6 -96  -5

 -5  13  -5  -8  -4  -5  -5 -10
 -5  -4  -7  -4  -4  -5  -7  -4
 -9  -6  -5  -6  -6  -6  -4  -4
 -5  -6  -4  -6 -10  -5  -5  -5
 -6  -6  -5  -6 127  -5  -6  -8
 -5 -11  -6  -4  -8  -4  -5  -7
 -4  -5  -5  -6  -5  -4  -4  -4
 -5  -4  -4  -7  -7  -6 -99  -5

 -5  15  -6  -7  -4  -5  -5  -9
 -5  -4  -6  -4  -4  -4  -7  -4
 -8  -6  -5  -5  -6  -6  -4  -4
 -4  -5  -4  -6  -9  -5  -5  -5
 -6  -6  -4  -6 126  -5  -6  -7
 -5 -11  -5  -4  -8  -3  -4  -7
 -4  -5  -5  -5  -4  -5  -3  -4
 -5  -4  -4  -7  -7  -6 -94  -5

 -5  14  -5  -7  -4  -4  -5  -9
 -5  -3  -7  -4  -4  -4  -6  -4
 -7  -6  -5  -5  -6  -6  -3  -4
 -4  -5  -4  -6  -9  -5  -5  -5
 -6  -5  -4  -6 125  -5  -5  -7
 -4 -10  -5  -4  -8  -3  -4  -6
 -4  -5  -5  -4  -4  -4  -3  -4
 -5  -4  -4  -7  -7  -6 -93  -5

 -3  13  -4  -5  -3  -3  -4  -6
 -4  -2  -4  -3  -2  -4  -5  -3
 -6  -4  -4  -3  -4  -4  -3  -3
 -3  -3  -3  -5  -6  -3  -2  -4
 -4  -4  -3  -4  84  -3  -4  -5
 -3  -8  -4  -2  -6  -2  -4  -4
 -3  -4  -4  -3  -3  -3  -3  -3
 -3  -3  -3  -5  -5  -4 -73  -3

 -3  11  -3  -4  -2  -2  -3  -5
 -3  -2  -3  -2  -2  -3  -4  -2
 -5  -3  -3  -2  -3  -3  -2  -2
 -3  -2  -2  -3  -5  -3  -2  -3
 -3  -3  -2  -3  63  -2  -3  -4
 -3  -6  -3  -2  -5  -2  -3  -4
 -2  -3  -3  -2  -2  -2  -2  -2
 -3  -2  -2  -4  -4  -3 -56  -3

 -3  11  -3  -4  -2  -3  -3  -5
 -3  -2  -3  -2  -2  -3  -4  -2
 -5  -3  -3  -2  -3  -3  -2  -2
 -3  -2  -2  -4  -5  -3  -2  -3
 -3  -3  -2  -3  65  -3  -3  -4
 -3  -6  -3  -2  -5  -2  -3  -4
 -2  -3  -3  -2  -2  -2  -2  -2
 -3  -2  -2  -4  -4  -3 -59  -3

 -3  10  -2  -3  -2  -2  -3  -4
 -3  -2  -3  -2  -2  -3  -4  -2
 -4  -3  -3  -2  -3  -3  -2  -2
 -2  -2  -2  -3  -4  -2  -2  -3
 -3  -3  -2  -2  58  -2  -3  -3
 -2  -6  -3  -2  -4  -2  -2  -4
 -2  -3  -3  -2  -2  -2  -2  -2
 -2  -2  -2  -3  -4  -3 -52  -2

 -3  11  -2  -3  -2  -2  -3  -5
 -3  -2  -3  -2  -2  -3  -4  -2
 -4  -4  -3  -2  -2  -3  -2  -2
 -2  -2  -2  -3  -4  -2  -2  -3
 -3  -3  -2  -2  59  -3  -3  -4
 -3  -6  -3  -2  -4  -1  -2  -4
 -2  -3  -3  -2  -2  -2  -2  -2
 -2  -2  -2  -3  -4  -3 -51  -2

 -4   8  -4  -6  -3  -3  -4  -7
 -4  -3  -5  -3  -3  -4  -5  -3
 -7  -5  -4  -4  -4  -5  -3  -3
 -3  -4  -3  -5  -8  -4  -3  -4
 -4  -4  -3  -5  95  -4  -5  -6
 -3  -8  -4  -3  -6  -3  -4  -6
 -3  -4  -4  -4  -3  -3  -3  -3
 -4  -3  -3  -5  -5  -6 -82  -4

 -4  10  -5  -7  -4  -4  -4  -9
 -4  -3  -7  -4  -4  -4  -6  -4
 -8  -6  -4  -5  -5  -5  -3  -4
 -4  -5  -4  -6  -9  -5  -4  -5
 -6  -5  -4  -5 120  -4  -6  -7
 -4  -9  -5  -3  -7  -3  -4  -7
 -3  -5  -5  -5  -5  -4  -3  -3
 -4  -3  -4  -6  -6  -6 -92  -5

 -4   9  -4  -6  -3  -4  -4  -7
 -4  -3  -5  -3  -3  -4  -5  -3
 -7  -5  -4  -4  -4  -5  -3  -3
 -3  -4  -3  -5  -8  -4  -3  -4
 -4  -5  -3  -5  96  -4  -5  -6
 -3  -8  -4  -3  -6  -3  -4  -5
 -3  -4  -4  -4  -3  -3  -3  -3
 -4  -3  -4  -5  -5  -5 -80  -4

 -5  13  -5  -7  -4  -5  -5  -9
 -5  -4  -7  -4  -3  -4  -6  -4
 -8  -6  -5  -5  -6  -6  -4  -4
 -4  -5  -4  -6  -9  -5  -4  -5
 -6  -5  -4  -6 127  -4  -5  -7
 -4 -10  -5  -4  -8  -3  -4  -6
 -3  -5  -5  -5  -5  -4  -3  -4
 -5  -4  -4  -7  -7  -6 -93  -5

 -5  13  -5  -7  -4  -5  -5  -9
 -5  -4  -7  -4  -4  -4  -7  -4
 -8  -6  -5  -5  -6  -6  -3  -4
 -4  -5  -4  -6  -9  -5  -4  -5
 -6  -5  -4  -6 127  -4  -5  -7
 -4 -10  -5  -4  -8  -3  -4  -7
 -3  -5  -5  -5  -4  -4  -3  -4
 -5  -4  -4  -7  -7  -6 -92  -5

 -5  15  -5  -7  -4  -5  -5 -10
 -5  -4  -7  -4  -4  -4  -7  -4
 -8  -6  -5  -5  -6  -6  -4  -4
 -4  -5  -4  -6  -9  -5  -5  -5
 -6  -5  -4  -6 127  -5  -5  -7
 -5 -11  -5  -4  -8  -3  -4  -7
 -4  -5  -5  -5  -4  -5  -3  -4
 -5  -4  -4  -7  -7  -6 -93  -5

 -4  13  -5  -6  -4  -4  -4  -9
 -4  -3  -6  -3  -4  -4  -6  -3
 -7  -5  -4  -5  -5  -5  -3  -3
 -4  -5  -3  -5  -8  -4  -4  -4
 -5  -5  -4  -5 114  -4  -5  -7
 -4  -9  -5  -3  -7  -3  -4  -6
 -4  -5  -4  -5  -4  -4  -3  -4
 -4  -3  -4  -6  -6  -6 -84  -5

 -3  12  -4  -5  -3  -3  -4  -6
 -4  -2  -4  -3  -2  -4  -5  -3
 -6  -4  -4  -3  -4  -4  -3  -3
 -3  -3  -3  -5  -7  -4  -3  -4
 -4  -4  -3  -4  85  -3  -4  -5
 -3  -8  -4  -3  -6  -2  -4  -5
 -3  -4  -4  -3  -3  -3  -3  -3
 -3  -3  -3  -5  -5  -4 -77  -3

 -3  13  -4  -5  -3  -3  -4  -6
 -4  -2  -4  -3  -2  -3  -5  -2
 -6  -4  -4  -3  -4  -4  -2  -3
 -3  -3  -3  -5  -7  -3  -2  -4
 -4  -4  -3  -4  81  -3  -4  -5
 -3  -8  -3  -3  -6  -2  -3  -5
 -3  -4  -4  -2  -3  -3  -3  -2
 -3  -3  -3  -5  -5  -4 -74  -3

 -4  16  -4  -5  -3  -3  -4  -7
 -4  -3  -5  -3  -2  -4  -5  -3
 -6  -5  -4  -4  -4  -5  -3  -3
 -3  -3  -3  -5  -6  -4  -3  -4
 -5  -4  -4  -4  89  -4  -4  -5
 -4  -9  -4  -3  -7  -2  -4  -5
 -3  -4  -4  -3  -3  -4  -3  -3
 -4  -3  -4  -5  -6  -5 -77  -4

 -3  12  -3  -4  -2  -2  -3  -5
 -3  -2  -3  -2  -2  -3  -4  -2
 -4  -4  -3  -2  -3  -4  -2  -2
 -2  -2  -2  -3  -4  -3  -2  -3
 -3  -3  -2  -3  61  -2  -3  -4
 -3  -6  -3  -2  -5  -2  -3  -4
 -2  -3  -3  -2  -2  -2  -2  -2
 -3  -2  -2  -4  -4  -3 -54  -3

 -2   9  -2  -3  -2  -2  -2  -4
 -3  -2  -3  -2  -2  -2  -3  -2
 -4  -3  -3  -2  -3  -3  -2  -2
 -2  -2  -2  -3  -4  -2  -2  -2
 -3  -3  -2  -3  54  -2  -3  -3
 -2  -5  -2  -2  -4  -2  -2  -3
 -2  -3  -3  -2  -2  -2  -2  -2
 -2  -2  -2  -3  -4  -3 -50  -2

