Shape: torch.Size([1, 144, 64])
Range: [-128, 127]
Mean: -0.7571

量化值陣列:
-102  -92 -128  117  -91  -77  126  108
  76 -114  -50  109  -71  -83  106 -102
 -60 -112  -84  119   58  -95 -127  114
 116   93  -11 -114  101   89   18  -91
-128   76   76 -109   71 -125  103   96
 -99   92 -104  114   85   81  -95   41
   7   94   84 -114  124  -83  104 -109
 -74  -79   96 -115   69   99  -36  -91
-102  -92 -126  117  -92  -77  126  108
  75 -112  -50  110  -71  -83  106 -102
 -62 -112  -82  120   55  -96 -127  114
 118   92   -9 -113  101   90   18  -92
-128   75   75 -109   70 -126  103   97
 -98   91 -104  114   85   82  -94   39
   6   95   85 -114  124  -83  104 -109
 -75  -79   95 -115   68   96  -36  -90
-102  -93 -125  117  -92  -77  126  108
  75 -113  -50  110  -72  -84  106 -102
 -62 -112  -81  120   55  -96 -126  114
 118   91   -9 -112  102   90   18  -92
-128   75   74 -109   71 -126  103   97
 -98   90 -104  114   85   82  -94   39
   6   95   85 -113  125  -83  103 -109
 -76  -79   94 -115   69   97  -36  -89
-102  -93 -125  117  -92  -77  125  108
  75 -114  -50  110  -71  -84  106 -102
 -62 -111  -82  120   56  -96 -125  114
 117   92  -11 -112  101   90   18  -91
 127   76   76 -108   71 -126  103   97
 -98   90 -105  114   86   82  -94   40
   7   94   85 -113  124  -83  104 -109
 -75  -79   94 -116   70   97  -37  -89
-102  -93 -125  117  -92  -77  126  108
  75 -113  -50  110  -71  -84  106 -102
 -62 -112  -81  120   55  -96 -126  114
 118   92  -10 -112  101   90   18  -92
 127   76   75 -108   71 -126  103   97
 -98   90 -104  114   85   82  -94   40
   7   95   85 -113  124  -83  103 -109
 -76  -79   94 -116   69   96  -37  -89
-103  -94 -125  118  -94  -76  126  108
  74 -112  -50  111  -72  -85  107 -101
 -64 -112  -79  121   54  -96 -126  113
 121   92   -8 -110  101   91   17  -95
 127   75   75 -108   70 -127  102   95
 -99   90 -104  116   84   82  -94   39
   5   96   86 -112  125  -82  104 -109
 -76  -80   93 -116   67   95  -36  -88
-102  -95 -125  119  -93  -77  126  108
  74 -112  -51  111  -72  -85  107 -101
 -64 -112  -80  120   55  -96 -127  113
 121   92   -9 -110  101   91   17  -95
 126   75   75 -108   70 -127  102   95
 -99   91 -104  116   84   82  -94   40
   5   96   87 -112  124  -82  104 -109
 -75  -80   92 -116   68   95  -36  -88
-103  -95 -125  118  -94  -76  126  107
  74 -112  -50  111  -72  -85  106 -101
 -63 -112  -79  121   54  -96 -126  114
 121   92   -8 -110  101   91   17  -94
 127   75   75 -108   70 -127  102   95
 -98   90 -104  116   83   82  -94   39
   5   96   87 -112  125  -82  104 -109
 -75  -80   92 -116   67   94  -36  -88
-103  -95 -125  118  -94  -76  126  108
  73 -112  -50  112  -71  -85  107 -101
 -64 -112  -79  121   53  -96 -126  113
 121   92   -8 -109  101   91   17  -95
 127   75   75 -107   70 -127  102   95
 -99   89 -104  117   84   82  -94   39
   5   96   86 -112  125  -82  104 -108
 -76  -80   92 -116   67   94  -36  -87
-103  -95 -125  118  -93  -77  125  108
  73 -113  -50  111  -71  -85  106 -101
 -63 -112  -80  120   55  -96 -126  113
 121   93  -10 -110  101   91   17  -93
 127   75   76 -107   71 -128  102   95
 -99   90 -105  116   84   83  -94   40
   6   95   86 -113  124  -82  104 -108
 -76  -80   92 -116   68   95  -37  -89
-103  -95 -125  119  -94  -77  126  107
  73 -112  -51  111  -72  -86  106 -100
 -64 -112  -80  121   54  -96 -126  114
 122   93   -8 -109  100   91   17  -95
 125   75   76 -107   70 -128  101   94
 -98   91 -104  117   83   83  -95   40
   5   96   88 -112  124  -82  105 -108
 -75  -80   91 -116   67   93  -35  -88
-103  -95 -124  118  -93  -76  125  108
  73 -111  -50  111  -72  -86  106 -100
 -64 -112  -79  120   53  -96 -125  113
 122   92   -8 -109  101   91   17  -95
 126   75   75 -106   70 -128  102   95
 -99   90 -105  117   83   83  -94   39
   4   96   87 -112  124  -82  104 -109
 -77  -81   91 -116   67   93  -36  -88
-103  -97 -124  119  -93  -76  125  108
  73 -112  -50  112  -72  -87  107 -101
 -65 -112  -78  120   52  -97 -125  112
 123   92   -9 -108  101   92   17  -96
 126   75   76 -105   71 -128  102   95
 -99   89 -106  118   84   84  -95   40
   5   96   87 -111  124  -81  104 -108
 -78  -82   90 -116   68   93  -38  -87
-103  -96 -123  118  -93  -76  125  108
  73 -112  -49  112  -72  -86  106 -101
 -65 -112  -77  121   52  -97 -125  113
 122   92   -9 -108  102   91   17  -95
 126   75   75 -106   70 -128  103   95
 -99   89 -106  117   84   83  -94   39
   5   96   86 -111  125  -81  104 -109
 -78  -81   91 -116   68   94  -38  -87
-103  -94 -125  119  -92  -76  125  108
  73 -112  -50  111  -71  -85  105 -101
 -63 -112  -80  119   55  -96 -125  113
 120   93  -10 -110  101   91   18  -94
 127   75   76 -106   70 -128  102   95
 -99   90 -106  116   84   83  -94   40
   6   95   86 -113  124  -82  104 -109
 -76  -80   92 -116   69   95  -37  -89
-103  -97 -122  118  -94  -76  125  108
  72 -111  -50  112  -72  -87  106 -100
 -65 -112  -77  121   52  -97 -124  113
 124   92   -8 -107  101   91   17  -96
 125   75   76 -105   70  127  102   94
 -99   89 -106  118   83   84  -95   40
   4   97   88 -111  124  -81  104 -109
 -77  -82   90 -116   68   92  -37  -87
-103  -95 -125  119  -93  -76  125  107
  73 -112  -51  111  -72  -86  106 -100
 -63 -112  -80  120   55  -96 -126  113
 122   93   -9 -109  101   91   17  -94
 126   75   76 -106   70 -128  101   94
 -99   91 -105  117   83   83  -95   40
   5   95   87 -113  124  -81  105 -108
 -75  -80   91 -116   68   94  -36  -88
-103  -97 -122  119  -94  -76  124  108
  72 -112  -50  112  -72  -88  107 -100
 -66 -112  -77  121   52  -97 -124  112
 124   92   -9 -107  101   92   17  -96
 125   75   76 -104   70  127  102   94
 -99   88 -106  118   84   84  -95   40
   4   96   87 -111  124  -81  104 -108
 -78  -82   89 -116   68   92  -38  -86
-103  -97 -124  119  -94  -76  125  108
  72 -112  -51  112  -72  -88  107 -100
 -65 -112  -78  121   54  -97 -125  113
 124   93   -9 -108  101   92   17  -96
 125   75   76 -105   70  127  101   93
 -99   90 -105  118   83   84  -95   40
   4   96   88 -111  124  -81  105 -108
 -76  -82   89 -116   68   93  -36  -87
-103  -98 -124  119  -95  -77  125  108
  72 -112  -51  112  -72  -88  107 -100
 -66 -112  -78  121   53  -97 -125  112
 124   93   -8 -107  101   92   17  -97
 125   75   76 -105   70  127  102   93
 -99   90 -105  118   83   84  -96   40
   4   96   88 -111  124  -81  105 -108
 -76  -82   89 -116   68   92  -37  -87
-103  -97 -123  120  -94  -76  124  108
  72 -112  -50  112  -71  -88  107 -100
 -66 -112  -77  121   53  -97 -124  112
 123   92  -10 -107  101   92   17  -96
 125   75   76 -104   71  127  102   94
 -99   89 -106  118   85   84  -95   40
   5   95   87 -111  124  -81  104 -107
 -78  -82   90 -116   68   93  -38  -87
-103  -97 -124  119  -94  -76  125  108
  72 -111  -50  112  -72  -87  106 -100
 -65 -112  -78  120   53  -97 -125  113
 123   93   -9 -108  101   91   17  -96
 125   75   76 -105   70  127  102   94
 -99   90 -106  118   83   84  -95   40
   4   96   88 -112  124  -81  105 -108
 -77  -82   90 -116   68   93  -37  -87
-102  -98 -124  119  -94  -76  124  108
  73 -113  -50  113  -71  -88  107 -101
 -66 -112  -77  121   53  -97 -125  112
 124   92   -9 -107  102   92   17  -96
 126   75   75 -105   71 -128  103   95
-100   88 -106  118   85   83  -94   40
   5   96   86 -110  124  -80  104 -107
 -78  -82   90 -116   68   94  -39  -87
-103  -97 -123  119  -94  -76  124  108
  72 -112  -50  112  -72  -88  106 -100
 -65 -112  -77  121   53  -97 -124  112
 124   93   -9 -107  101   92   17  -96
 125   75   76 -104   71  127  102   94
 -99   89 -106  118   84   84  -95   40
   5   96   88 -111  124  -81  105 -108
 -77  -82   89 -116   68   92  -38  -87
-102  -97 -123  119  -92  -76  124  108
  72 -111  -50  111  -72  -87  106 -101
 -65 -112  -77  120   53  -97 -124  112
 122   92  -10 -108  102   91   17  -96
 127   74   76 -105   71 -128  103   95
-100   89 -106  118   84   84  -94   40
   5   96   86 -112  124  -81  104 -109
 -78  -82   90 -115   68   94  -39  -88
-103  -97 -123  118  -94  -76  125  108
  72 -111  -50  112  -72  -87  106 -100
 -65 -112  -78  121   53  -97 -125  113
 124   92   -8 -108  101   91   17  -96
 125   74   76 -106   70  127  102   94
 -99   90 -105  118   83   84  -95   40
   4   97   88 -112  125  -81  104 -109
 -77  -82   90 -116   67   92  -37  -87
-103  -96 -124  119  -93  -76  125  108
  72 -111  -51  112  -72  -87  106 -100
 -64 -112  -78  120   54  -97 -125  112
 123   93   -9 -108  101   91   17  -96
 126   74   76 -106   70  127  102   94
-100   90 -105  118   83   84  -95   40
   4   97   88 -112  124  -81  104 -109
 -77  -82   90 -115   68   93  -37  -88
-103  -96 -123  118  -93  -76  125  108
  72 -111  -50  112  -72  -87  106 -101
 -65 -112  -77  120   52  -97 -125  112
 123   92   -8 -108  102   91   17  -96
 126   75   75 -105   70 -128  102   95
 -99   89 -106  118   84   84  -94   39
   4   97   87 -111  125  -81  104 -109
 -78  -81   90 -116   68   93  -38  -87
-103  -97 -123  120  -94  -76  124  108
  72 -112  -50  113  -71  -88  107 -101
 -66 -112  -77  121   52  -97 -124  112
 124   92   -9 -107  101   92   17  -96
 125   75   76 -104   71  127  102   95
 -99   88 -106  118   85   83  -94   40
   5   96   87 -110  124  -81  105 -108
 -78  -82   90 -116   68   92  -38  -86
-103  -97 -123  119  -94  -76  124  108
  72 -111  -50  113  -72  -88  107 -100
 -66 -112  -77  121   52  -97 -125  112
 124   92   -9 -107  101   92   17  -97
 125   74   76 -105   70  127  102   94
-100   89 -106  119   84   84  -95   40
   4   97   88 -111  124  -81  105 -108
 -78  -82   89 -116   68   92  -38  -87
-102  -96 -125  120  -93  -76  124  109
  72 -112  -50  113  -71  -87  107 -101
 -65 -112  -78  120   54  -97 -125  112
 122   93  -10 -108  101   92   17  -95
 126   75   76 -105   71 -128  103   95
-100   89 -105  118   85   83  -94   40
   6   96   86 -111  124  -81  105 -108
 -77  -82   91 -116   69   94  -39  -88
 -99  -94  126  121  -89  -77  125  109
  75 -115  -51  112  -70  -85  107 -104
 -64 -113  -80  119   58  -98 -126  110
 117   94  -14 -112  101   92   19  -93
-127   75   76 -107   75 -125  106   98
-102   89 -104  116   89   81  -93   43
  11   92   82 -111  124  -83  106 -107
 -78  -81   96 -114   72  102  -42  -91
-103  -97 -124  119  -93  -76  124  108
  72 -112  -50  112  -72  -87  107 -100
 -65 -112  -78  121   53  -97 -125  112
 123   93   -9 -108  101   92   17  -96
 126   74   76 -105   71  127  102   94
 -99   89 -105  118   84   84  -95   40
   5   96   87 -111  124  -81  104 -108
 -77  -82   90 -116   68   93  -38  -88
-103  -97 -123  120  -94  -76  124  108
  72 -112  -50  113  -71  -88  107 -101
 -67 -112  -76  121   52  -98 -124  112
 124   92  -10 -107  101   93   17  -96
 125   75   76 -104   71  127  103   95
-100   87 -106  118   85   83  -94   40
   5   96   86 -110  124  -80  105 -108
 -79  -82   90 -116   69   93  -39  -86
-103  -96 -124  120  -93  -76  125  108
  72 -111  -50  112  -72  -87  106 -100
 -65 -112  -78  120   53  -97 -125  112
 123   93   -9 -108  101   92   17  -96
 125   75   76 -105   70  127  102   94
 -99   89 -106  118   84   84  -95   40
   5   96   87 -111  124  -81  105 -109
 -77  -82   90 -116   68   93  -38  -88
-103  -96 -124  119  -94  -76  125  108
  72 -111  -50  112  -72  -87  106 -100
 -65 -112  -78  120   53  -97 -125  112
 123   93   -9 -108  101   91   17  -96
 126   75   76 -105   70  127  102   94
 -99   90 -106  118   84   83  -95   40
   5   96   87 -112  124  -81  105 -108
 -77  -81   90 -116   68   93  -37  -88
-102  -97 -124  119  -92  -76  124  108
  73 -112  -50  112  -71  -87  106 -101
 -65 -112  -77  120   53  -97 -124  111
 122   92  -10 -108  102   92   18  -96
 127   74   76 -105   72 -128  103   95
-100   89 -106  118   85   84  -94   40
   6   96   86 -111  124  -81  104 -108
 -79  -82   91 -116   69   95  -40  -88
-102  -96 -124  120  -93  -76  124  108
  73 -112  -50  112  -71  -87  106 -101
 -65 -112  -78  120   53  -97 -125  112
 122   92  -10 -108  101   92   18  -95
 126   75   76 -105   71 -128  103   96
-100   88 -105  117   85   83  -94   40
   6   95   86 -111  124  -81  105 -108
 -78  -81   91 -116   69   94  -39  -87
-102  -97 -123  119  -93  -76  124  108
  72 -112  -50  112  -71  -88  106 -101
 -65 -112  -77  120   53  -97 -124  112
 122   92  -10 -107  101   92   17  -95
 126   75   76 -104   71  127  103   95
-100   88 -106  118   85   84  -94   40
   5   95   86 -111  124  -81  104 -108
 -79  -82   90 -116   69   94  -39  -87
-102  -97 -124  119  -93  -76  124  108
  72 -111  -50  113  -71  -87  106 -101
 -66 -112  -77  120   53  -97 -124  111
 123   92  -10 -108  101   92   17  -97
 126   74   76 -105   71 -128  103   95
-100   89 -106  118   85   83  -94   40
   5   96   86 -111  124  -81  105 -108
 -78  -82   90 -116   69   94  -39  -87
-102  -96 -124  119  -93  -76  125  108
  72 -111  -50  112  -72  -86  106 -101
 -65 -112  -78  120   53  -97 -125  112
 122   92   -9 -108  102   92   17  -96
 127   74   75 -106   70 -128  103   95
-100   89 -105  118   84   83  -94   40
   5   97   86 -111  125  -81  105 -109
 -78  -81   91 -115   68   94  -38  -88
-102  -98 -124  119  -93  -76  124  108
  72 -112  -50  113  -71  -88  107 -102
 -66 -112  -76  121   53  -97 -124  111
 123   92   -9 -107  102   92   17  -96
 126   74   76 -104   72 -128  103   95
-101   88 -106  118   85   83  -94   40
   5   96   86 -110  124  -81  105 -107
 -79  -83   91 -115   69   94  -40  -87
 -94  -85  125   97  -86  -91 -113  114
 102 -126  -57  104  -81  -88  121 -113
 -68 -117 -109  127   79  -98 -121  117
  98   95  -36  114  114   77   35  -91
-124   82   84 -120   78 -112  125  115
-103  103 -107  107  104   78 -116   68
  20   95   86 -113 -126  -91  105 -112
 -74  -92  122 -112  101  116  -44  -99
 -88  -94  115   79  -63  -86  110 -125
  81  116  -70   83  -94  -93  121 -108
 -13 -126 -125  125  101 -106  106   90
  96   81  -52  124  -99   79   70 -111
 -23   67   88  108  116 -106 -102   90
 115 -121  121  109   82  105  -86   61
  66  108   56  111  115  -86  119 -116
-121  -99 -104 -112   88  -65 -113   90
 -95  -92  122  114  -86  -83 -125  109
  82 -116  -56  109  -72  -85  108 -109
 -65 -119  -91  119   66  -98 -123  107
 109   94  -23 -121  106   85   28  -95
-120   77   80 -112   77 -120  113  105
-107   95 -107  114   94   81  -98   54
  16   92   79 -113  127  -86  108 -109
 -81  -86  105 -111   82  112  -47  -96
-102  -95 -126  119  -93  -76  125  108
  72 -112  -50  112  -71  -86  106 -101
 -64 -112  -79  120   55  -97 -126  112
 121   93  -10 -110  101   91   17  -95
 127   74   76 -106   71 -128  103   94
-100   90 -105  117   84   83  -94   40
   6   96   86 -112  124  -82  105 -109
 -76  -81   92 -115   68   95  -37  -89
-103  -96 -125  120  -94  -76  125  108
  72 -112  -51  112  -72  -87  107 -101
 -65 -112  -78  121   53  -97 -126  112
 123   93   -9 -108  101   92   18  -96
 126   75   76 -106   70 -128  102   95
 -99   90 -105  118   84   83  -95   40
   5   96   87 -111  124  -81  105 -108
 -77  -82   91 -116   68   93  -37  -87
-103  -96 -125  120  -93  -76  125  108
  72 -112  -50  112  -72  -86  106 -101
 -65 -112  -78  120   54  -97 -126  113
 123   93  -10 -109  101   92   18  -96
 125   75   76 -106   70 -128  102   94
 -99   90 -105  118   84   83  -95   40
   6   96   87 -112  124  -82  105 -109
 -77  -81   91 -116   68   93  -37  -88
-102  -96 -123  119  -92  -76  124  109
  72 -110  -50  112  -71  -86  105 -101
 -65 -112  -77  119   52  -97 -124  111
 122   92  -10 -108  102   91   18  -96
 127   74   75 -105   71 -128  103   95
-100   89 -106  118   85   84  -94   40
   5   97   86 -112  124  -81  104 -109
 -79  -82   91 -115   69   94  -40  -88
-101  -95 -125  119  -91  -76  124  109
  73 -112  -50  112  -71  -86  106 -102
 -65 -112  -78  120   53  -97 -125  111
 120   92  -11 -109  102   92   18  -95
-128   74   75 -106   72 -126  104   96
-101   88 -105  117   86   83  -93   40
   7   96   84 -111  124  -82  105 -109
 -79  -81   93 -115   70   96  -41  -89
-102  -96 -124  119  -93  -76  124  108
  72 -111  -50  112  -72  -87  106 -101
 -65 -112  -78  120   53  -98 -125  112
 122   93  -10 -108  102   92   18  -96
 127   74   76 -105   71 -128  103   95
-100   89 -105  118   85   84  -94   40
   6   97   86 -111  124  -81  105 -109
 -78  -82   91 -115   69   94  -39  -88
-102  -97 -124  119  -92  -76  124  108
  72 -112  -50  113  -71  -87  106 -101
 -65 -112  -77  120   53  -97 -124  111
 122   93  -10 -108  101   92   17  -96
 126   74   76 -104   71 -128  103   95
-100   89 -106  118   85   84  -94   40
   5   96   86 -111  124  -81  105 -108
 -79  -82   90 -115   69   94  -39  -88
-102  -96 -124  120  -92  -76  124  109
  72 -112  -50  113  -71  -87  106 -101
 -65 -112  -77  120   53  -97 -124  112
 122   92  -11 -108  101   92   17  -95
 126   75   76 -105   71 -128  103   96
-100   88 -106  118   85   83  -94   40
   6   96   85 -111  124  -81  105 -108
 -79  -82   91 -116   69   94  -40  -88
-102  -95 -125  119  -92  -76  124  109
  73 -113  -50  112  -71  -86  106 -102
 -64 -111  -78  120   54  -98 -125  112
 120   93  -11 -109  101   92   18  -94
 127   75   75 -105   72 -127  104   96
-100   89 -105  117   86   83  -94   40
   7   95   85 -111  124  -82  104 -109
 -78  -81   92 -116   70   95  -40  -89
 -95  -78  106   80  -74  -90 -114  112
 112 -126  -75   84  -92  -85  126 -103
 -36 -127  119  118   98  -97  119   94
  85   96  -43  107 -121   69   56  -94
 -78   67   87  113   92  -98 -124  106
-125 -125 -108  102   87   86 -120   77
  26  107   82  123  126  -81  106 -126
 -82  -97 -115 -110  105 -103  -63  126
 -85  -94   89   64  -63 -113 -119 -123
 123  109 -116   80 -121 -103 -104 -120
 -28  108   87 -121 -118 -118  101   84
  82   93  -84   82  -81   69  112  127
 -14   76  102   76 -118  -84  -86  118
  97  -98 -127  106   96  102 -116  113
  90  120   66  113  127  -99  126 -124
-126 -115  -67 -105 -122  -37  123   76
-101 -105 -128  102  -82  -76  106  118
  68 -115  -59   98  -80  -96  107 -102
 -41 -122  -90  118   71 -101  123   96
 119   84  -24 -106  127   87   41 -110
 -76   68   86 -117   96 -127  120   84
-124  107 -123  116   80  102  -86   46
  30  108   75  126  121  -79  107 -113
-108  -95  108 -110   74 -123  -80 -124
-102  -96 -124  119  -93  -76  124  108
  72 -111  -50  112  -71  -87  106 -101
 -65 -112  -78  120   53  -97 -125  112
 122   92   -9 -108  101   91   17  -96
 126   74   76 -105   71 -128  103   95
-100   89 -106  118   84   83  -94   40
   5   96   86 -111  124  -81  105 -108
 -78  -82   90 -115   68   94  -38  -88
-102  -97 -124  120  -93  -76  124  108
  73 -113  -50  113  -71  -87  107 -101
 -66 -111  -77  121   53  -97 -125  112
 123   93  -10 -108  101   92   17  -96
 125   75   76 -105   71 -128  103   95
 -99   89 -105  118   85   83  -95   40
   5   96   86 -111  124  -81  105 -107
 -78  -82   90 -116   69   94  -38  -87
-102  -97 -123  120  -94  -76  125  108
  72 -112  -50  113  -72  -88  107 -101
 -67 -112  -76  121   52  -98 -125  112
 124   92   -9 -107  101   93   17  -97
 125   75   75 -105   71 -128  103   95
 -99   88 -105  118   85   83  -94   40
   5   96   87 -110  124  -81  105 -108
 -78  -82   90 -116   68   93  -39  -86
-100  -93 -126  119  -89  -77  124  110
  75 -115  -49  112  -70  -84  106 -104
 -64 -111  -79  119   54  -98 -124  111
 116   92  -14 -111  102   92   18  -92
-127   76   74 -106   75 -125  106  100
-101   87 -105  114   89   81  -92   41
  10   93   81 -111  124  -82  104 -108
 -80  -80   96 -116   73  100  -44  -90
 -98  -87 -128  110  -87  -81 -126  111
  87 -118  -51  107  -73  -83  110 -109
 -62 -113  -91  121   63  -96 -124  115
 106   92  -21 -124  107   86   23  -88
-123   77   76 -113   76 -118  112  107
-101   93 -104  109   95   80  -98   48
  14   94   81 -114  127  -87  102 -111
 -77  -82  107 -113   81  108  -43  -95
 -95  -90  123  113  -87  -82 -127  111
  87 -118  -54  109  -73  -83  111 -111
 -66 -115  -89  121   64  -99 -125  112
 108   92  -21 -123  108   88   26  -92
-122   77   75 -115   79 -117  114  108
-104   93 -101  111   96   80  -97   50
  17   95   80 -113 -128  -88  103 -110
 -80  -85  107 -112   81  111  -48  -95
 -98  -93  125  120  -88  -78  125  109
  76 -116  -52  112  -70  -84  106 -105
 -64 -113  -82  119   59  -98 -126  111
 115   94  -16 -114  102   91   20  -92
-126   76   76 -108   76 -124  107   99
-103   90 -104  115   90   81  -94   44
  12   92   81 -112  124  -83  105 -108
 -78  -82   97 -114   74  104  -44  -93
-102  -95 -126  119  -91  -76  124  109
  73 -111  -50  112  -71  -86  106 -101
 -64 -112  -79  119   54  -97 -125  111
 120   93  -11 -110  102   91   18  -96
-128   74   76 -106   71 -127  104   96
-101   90 -105  118   85   84  -94   40
   6   97   85 -112  124  -82  105 -110
 -79  -83   92 -115   70   96  -40  -90
-101  -98 -123  121  -92  -76  124  110
  73 -114  -50  114  -71  -88  107 -103
 -68 -111  -75  121   52  -99 -123  111
 122   92  -13 -107  102   94   18  -96
 126   75   75 -103   73 -128  104   98
-101   85 -106  118   88   83  -93   41
   8   95   84 -109  124  -81  104 -107
 -81  -82   91 -117   71   95  -43  -87
 -97  -98  126   99  -75  -73  108  119
  70 -117  -52   93  -79  -88  102 -103
 -36 -120  -94  113   74 -100  125   94
 112   85  -30 -109 -127   84   40 -103
 -71   65   85 -117   94 -123 -128   84
-124  112 -124  112   80  102  -88   43
  31  107   71  120  120  -79  103 -115
-104  -96  113 -111   74 -114  -79  127
 -87 -102   98  104  -65  -85  101 -128
  76  125  -76   95  -88  -90  115 -115
 -26  124 -110  117   99 -112  103   85
 102   89  -51 -126 -111   90   70 -117
 -33   70   88  112  124 -109 -110   93
 109  124 -122  115   86  103  -76   60
  74  109   53  114  117  -91  120 -114
-126 -100 -112 -106   86  -68 -123   94
-100  -95 -127  120  -90  -76  124  109
  73 -112  -51  112  -71  -85  106 -103
 -64 -113  -78  119   55  -98 -125  110
 120   93  -12 -109  102   92   19  -95
-127   74   75 -106   73 -126  105   97
-102   89 -105  117   86   83  -93   41
   8   95   83 -112  124  -82  105 -108
 -79  -82   93 -115   70   98  -42  -90
-102  -96 -125  119  -91  -76  124  109
  73 -112  -50  112  -71  -86  106 -102
 -65 -112  -77  119   53  -98 -124  111
 121   92  -11 -108  102   92   18  -96
-128   74   75 -105   72 -127  104   96
-101   88 -106  118   86   84  -94   40
   6   96   85 -111  124  -82  105 -109
 -80  -82   92 -115   70   96  -41  -89
-100  -95 -125  120  -89  -77  124  110
  75 -114  -50  112  -70  -86  107 -104
 -66 -112  -78  120   53  -99 -123  111
 118   91  -14 -109  103   92   18  -93
-127   75   74 -105   75 -125  106  100
-101   86 -105  115   90   82  -92   41
   9   94   81 -110  125  -82  103 -108
 -82  -81   95 -115   72   99  -45  -88
-101  -95 -125  120  -91  -77  124  109
  74 -114  -50  112  -71  -86  107 -103
 -65 -111  -78  120   53  -98 -124  112
 119   92  -12 -109  101   92   18  -93
 127   76   75 -105   73 -126  104   98
-100   87 -105  116   87   82  -93   41
   8   94   84 -111  124  -82  104 -108
 -79  -81   93 -116   71   97  -41  -88
 -94  -85 -126   92  -84  -88 -117  115
 106 -128  -51   99  -79  -87  119 -114
 -64 -115 -105  127   79  -96 -119  121
  93   89  -34  114  117   75   31  -84
-122   82   81 -118   80 -111  125  117
-101  100 -106  101  107   80 -113   63
  20   94   85 -116 -126  -91   96 -113
 -74  -90  123 -110  100  118  -45 -100
 -94  -86 -118   72  -89  -97 -103  117
 120  122  -55   97  -89  -96 -122 -116
 -74 -117 -116 -117   87  -96 -113  124
  94   86  -40  103  126   68   38  -89
-125   86   86 -123   78 -107 -120  122
-100  106 -110  101  113   80  125   79
  17   99   95 -111 -120  -92   94 -114
 -71 -101 -123 -109  114  117  -41  -97
 -97  -85 -119   84  -87  -90 -112  114
 107 -127  -51   97  -82  -89  122 -111
 -64 -114 -108 -126   77  -94 -116  123
  96   87  -31  115  118   72   31  -84
-124   82   82 -118   75 -113  124  115
 -98  101 -110  101  104   81 -119   65
  13   95   90 -115 -125  -89   95 -114
 -71  -91  122 -112  100  112  -38  -96
 -99  -89 -122  104  -86  -81 -126  112
  88 -118  -49  104  -73  -86  108 -108
 -61 -113  -92  120   64  -95 -118  115
 104   90  -23 -123  108   82   23  -86
-122   78   78 -109   76 -120  113  106
-101   93 -109  107   96   83 -101   50
  12   94   82 -115  126  -85  100 -112
 -78  -84  106 -113   84  106  -43  -95
 -98  -86 -124  110  -85  -81 -128  113
  89 -121  -49  106  -72  -84  109 -109
 -61 -110  -92  119   63  -96 -121  118
 103   92  -25 -124  106   86   22  -82
-125   79   77 -110   77 -119  112  108
 -99   90 -105  105   97   81  -98   48
  16   91   80 -116  124  -87   99 -111
 -78  -81  106 -116   85  107  -44  -95
 -84  -91  113   75  -89 -112  -87  118
-116  123  -82   99 -105  -99 -110 -126
 -90  123  122 -116  104 -106 -119  108
  96   97  -65   81 -115   71   67 -113
-117   88   91  112   91  -91 -102 -116
-116  125 -101  111  116   84  109  106
  42  112   97 -112 -109 -107  104 -120
 -78 -120 -102 -105 -124 -116  -68 -109
 -94  -73   70   53  -60 -100 -107  114
-103  111 -128   71 -117 -103  -74  -90
 -19  113   67  124 -115 -117   95   55
  54  103  -84   81  -79   77  103 -108
 -24   55   77   70 -120  -61  -99  116
  88  -90 -100  112   92   77  111  125
  49 -124   75  125 -128  -63  120  113
-108 -112  -64 -105 -112  -44 -114   83
 -98  -76   87   55  -56  -99 -120  123
-125  109 -118   67 -122  -94  -90  -93
   3  120   75  126 -124 -114   84   76
  68   94  -66   90  -80   70  101 -108
  -4   59   84   67 -123  -75 -106  104
  98  -93 -116   98   75   91 -117  102
  56  122   70  109  118  -70  118  119
-116  -97  -73 -113 -128  -40 -113   76
 -87  -99  120   52  -68 -106 -126 -119
 113  111  -89   83 -111 -110 -110 -121
 -39  117  111 -114  121 -113  120   96
  87   78  -76   95  -83   69   94 -125
 -27   79   99   97 -128  -96  -82  117
 109 -116  118  106  109  104 -113  100
  77  119   68  121 -127  -97  116 -120
 124 -120  -79 -103 -128  -60 -127   91
 -93  -90  123  108  -84  -85 -123  112
  92 -120  -55  107  -75  -85  112 -113
 -67 -118  -94  122   69  -99 -122  111
 104   92  -28  127  111   84   30  -93
-120   79   78 -116   81 -114  120  113
-106   95 -104  110  101   81 -102   57
  21   94   79 -113 -127  -90  103 -111
 -81  -89  113 -110   89  116  -52  -98
-102  -95 -125  118  -91  -76  124  108
  73 -111  -50  110  -71  -86  104 -101
 -63 -112  -79  118   55  -96 -124  111
 120   92  -11 -109  102   90   18  -94
-127   74   76 -105   72 -128  103   95
-100   90 -106  116   85   85  -95   40
   6   96   85 -113  124  -82  103 -110
 -78  -82   92 -115   69   96  -40  -90
-101  -96 -124  118  -89  -76  123  109
  75 -115  -49  110  -70  -87  105 -103
 -64 -111  -78  119   54  -97 -122  111
 117   91  -14 -109  103   91   18  -92
-127   75   75 -104   74 -126  105   98
-101   87 -107  115   88   84  -93   41
   8   93   83 -112  124  -81  102 -108
 -80  -81   93 -116   72   99  -43  -89
 -98  -91  127  110  -84  -78  124  110
  82 -117  -49  104  -71  -84  105 -107
 -57 -113  -88  116   64  -95 -124  110
 108   92  -20 -118  108   85   23  -88
-117   74   78 -109   78 -121  111  100
-105   94 -107  110   90   86  -96   46
  14   94   80 -119  125  -84   99 -112
 -79  -84  103 -112   78  112  -47  -99
 -94  -86 -123   92  -81  -87 -121  116
 103 -126  -50   98  -78  -88  115 -114
 -62 -114 -103  123   76  -96 -116  118
  94   89  -36  119  117   76   31  -84
-118   81   82 -115   81 -113  126  116
-104   98 -109  101  106   85 -111   62
  21   95   83 -118 -127  -90   95 -115
 -79  -92  120 -111  100  118  -51 -102
 -93  -93  122  109  -75  -78  115  117
  83 -121  -51  100  -73  -85  104 -113
 -51 -117  -92  114   70 -100 -128  102
 105   89  -33 -118  119   86   35  -93
 -94   72   80 -114   90 -117  125  103
-116   98 -112  107   94   92  -90   48
  32   98   70 -127  124  -85  100 -112
 -96  -91  113 -110   83 -122  -71 -115
 -81  -92  112   90  -80 -101 -106  119
 124  123  -71  101  -90  -95 -124 -127
 -81  127 -118 -126   98 -106 -119  106
  92   96  -60   96 -124   75   55 -103
-112   85   88  125   95  -98 -108 -123
-118  112 -102  109  119   84  127   91
  43  101   84 -114 -117 -102  102 -115
 -84 -112 -113 -102  122 -113  -73 -111
 -80  -88   78   94  -81 -114  -84  112
-108 -128 -116   93 -110  -91 -112 -123
 -74  104   96  124  116 -112  117   82
  87  110  -81   72 -110   78   93 -121
 -89   82   89   88  107  -77 -106 -109
 120 -111  -87  113  104   86  112  119
  65  117   87 -124 -111 -109  118  127
 -85 -116  -88 -105 -123  -85  -92  127
 -90  -92  111   41  -75 -104 -111  124
-122  116  -82   74 -108 -101 -110 -118
 -40  119  107 -118  125 -102  124   96
  80   80  -60   86  -89   57   81 -110
 -50   77   97   97  113  -89  -94  115
 118 -112 -121   98  104   98  122  102
  50  120   84  119 -120  -92   98 -127
 -98 -121  -82  -99 -128  -73  -94  105
 -91  -83  123   64  -88 -101  -96  114
-126  122  -63   91  -94  -92 -118 -117
 -69 -123 -128 -116   97  -94 -119  115
  90   87  -41   92 -121   63   47  -94
-114   80   86  119   80  -97 -114  122
-107  121 -106  101  108   79  116   87
  18  106   95 -116 -116  -94   95 -119
 -66 -106 -112 -105  116 -124  -43 -107
 -94  -84 -122   77  -85  -94 -109  115
 116  126  -53   95  -85  -90  126 -116
 -67 -117 -114 -124   84  -94 -115  121
  91   87  -38  106  124   68   37  -86
-120   83   84 -123   79 -107 -123  121
-102  105 -109   99  110   81 -124   73
  18   98   89 -115 -122  -92   94 -116
 -73  -96 -125 -109  108  121  -44 -101
 -98  -91  123  110  -82  -78  123  109
  81 -116  -51  101  -70  -82  103 -106
 -52 -114  -91  114   66  -94 -125  106
 106   93  -20 -118  108   83   24  -87
-113   73   79 -111   79 -120  111   98
-107   98 -108  109   87   86  -96   46
  14   94   78 -121  124  -84  101 -112
 -78  -83  104 -112   77  115  -47 -103
 -94 -102  120   92  -68  -79  100 -128
  65  125  -68   89  -90  -94  113 -102
 -14 -124 -107  121   88 -107  106   89
 110   81  -40 -114 -107   88   62 -116
 -29   66   85  117  113 -118 -115   80
 117  125  121  116   73  109  -75   48
  59  110   58  113  112  -82  119 -114
-125  -94 -122 -114   73  -81 -111   98
 -97  -88 -123  102  -84  -83 -124  113
  89 -120  -52  103  -73  -88  109 -109
 -62 -115  -97  120   68  -95 -116  113
 101   91  -29 -126  109   80   27  -87
-121   78   82 -109   77 -119  117  108
-103   95 -112  107  100   83 -105   57
  15   91   81 -115  126  -86  102 -111
 -80  -86  110 -113   90  110  -46  -97
 -98  -91 -123  111  -84  -79  125  112
  83 -118  -49  106  -70  -87  106 -107
 -62 -112  -86  117   60  -97 -118  112
 106   91  -24 -117  106   86   22  -86
-122   77   77 -104   78 -122  112  106
-102   88 -109  108   96   84  -97   48
  14   90   79 -114  124  -84  100 -110
 -82  -83  102 -114   83  107  -49  -94
 -90  -90  127   76  -64  -87  116 -125
  93  119  -62   84  -92  -95  118 -114
 -28 -124 -126  122   99 -105  123  100
  89   82  -61  119 -106   73   65 -102
 -44   72   93  121  110 -109 -101  102
 123  125  121  100   98  103  -97   68
  60  106   63  114  120  -88  108 -117
-119 -103 -108 -111  105  -80 -103  104
 -88  -90  123   92  -74  -87 -127  120
 106  123  -52   95  -79  -91  117 -118
 -57 -117 -107  121   88  -99 -121  110
  92   91  -47  116  125   76   39  -87
-104   78   87 -117   92 -110 -119  114
-113  105 -110  101  108   89 -112   67
  35   95   78 -124 -128  -90   95 -114
 -84 -101  127 -108  106 -118  -67 -115
 -85  -77   66   83  -65 -108  -98  118
-101  118  124   85 -122  -99  -85 -106
 -48  107   69  118 -121 -125   96   60
  68  116 -107   73  -87   89  115 -123
 -44   65   83   71 -122  -61  -90 -119
  92  -89  -90  121   98   84  111 -126
  78 -120   77  122 -121  -87 -127  112
-113 -121  -66 -109 -106  -51 -128   90
-101  -78   60   76  -56 -111 -124  123
-122  123   94   89 -123 -108  -70  -97
 -21  100   52  120  -99  122   83   60
  48  114 -112   73  -86   94 -122 -128
  -5   66   86   57  -89  -63  -98  125
  68  -86 -108 -127  100   75 -121 -113
  93 -112   57  123  123  -82 -105  110
 105 -104  -51 -100 -100  -34  106   57
 -95  -80   96   38  -73 -103  -99  117
-104  116 -100   67 -116  -96  -95 -104
 -26  118   87 -122 -127 -104  109   86
  70   87  -57   77  -86   59   87 -103
 -47   70   89   79  114  -76 -105  117
 114 -102 -104   95   91   89  112  110
  38  125   91  118 -123  -80   99  117
 -87 -114  -75 -104 -124  -70  -87  103
 -92  -85  126   61  -88 -100  -99  115
-125  115  -58   90  -93  -95 -114 -115
 -67 -118 -126 -114  100  -93 -118  119
  90   87  -40   94 -121   62   42  -89
-118   81   88  123   80 -100 -114  118
-105  119 -107   99  109   79  113   85
  15  102   98 -115 -118  -89   92 -116
 -62 -107 -114 -106  118 -125  -40 -106
 -95  -80 -120   57  -91 -101  -92  115
-126  124  -58   90  -97  -93 -117 -114
 -70 -120 -128 -114   93  -93 -115  123
  91   84  -38   91 -121   60   44  -93
-120   83   86  121   74 -100 -115  123
-100  119 -109   99  108   80  113   85
  11  107  101 -115 -115  -93   93 -121
 -65 -105 -113 -107  117  121  -35 -101
 -98  -89  126  111  -85  -79  126  109
  84 -117  -50  104  -71  -82  105 -107
 -57 -113  -90  117   65  -94 -125  114
 107   92  -18 -121  106   84   22  -86
-121   76   77 -111   76 -121  109  101
-102   95 -105  108   90   84  -97   45
  13   92   82 -119  125  -86   99 -112
 -75  -82  103 -113   77  109  -42  -98
-100  -94 -127  117  -88  -76  123  110
  76 -114  -49  109  -70  -85  105 -104
 -62 -112  -80  118   57  -97 -124  111
 115   92  -14 -112  104   90   19  -92
-125   74   76 -106   75 -125  107   98
-102   89 -106  114   88   84  -94   42
   9   94   82 -113  124  -82  102 -109
 -79  -82   96 -114   72  102  -43  -92
-102  -98 -123  116  -91  -76  123  108
  72 -111  -50  109  -71  -88  104 -101
 -63 -112  -77  118   54  -96 -123  110
 122   92  -11 -107  104   90   18  -95
-126   73   76 -104   72  127  104   94
-101   90 -108  117   83   87  -95   40
   5   97   86 -114  124  -81  102 -110
 -79  -83   90 -115   69   96  -42  -90
-102  -96 -126  115  -88  -75  121  109
  72 -111  -50  107  -71  -87  102 -101
 -58 -114  -82  116   58  -96 -124  108
 119   93  -15 -109  105   89   21  -95
-121   73   79 -105   74 -128  106   93
-104   94 -109  116   83   89  -95   42
  10   97   84 -118  123  -81  103 -111
 -81  -85   93 -114   70  101  -45  -96
-101  -98 -128  114  -87  -76  119  110
  72 -112  -51  105  -73  -87  103 -102
 -56 -115  -83  116   60  -97 -126  105
 120   92  -16 -108  108   88   24  -98
-114   71   80 -107   77 -128  109   91
-108   97 -111  116   82   91  -94   42
  12   99   83 -120  123  -80  103 -111
 -84  -87   95 -113   71  108  -50 -100
 -77  -95   97   66  -74 -112 -104 -127
-115  107  -89   87 -114 -102 -103  127
 -66  115  103 -115  125 -113  118   88
  91   93  -85   79  -87   70   92 -125
 -59   76   97   94  118  -81  -75 -125
 114 -107 -111  108  111   96  115  110
  73  122   80  124 -113 -101  109 -121
-105  123  -79 -102 -117  -61 -111  106
 -93  -78   60   80  -54 -110 -120  124
-122  120  100   88 -124 -107  -74  -99
 -27  100   54  118 -102  121   85   52
  52  116 -121   75  -81   96 -122  125
  -4   64   83   60  -94  -60  -87  127
  67  -82 -109 -122   99   79 -125 -116
  98 -113   55  122  125  -85 -104  111
 106 -111  -51 -103 -103  -28  101   57
-101  -77   58   72  -57 -111 -122  123
-118  121   95   85 -125 -105  -69  -97
 -17  100   49  122  -98  124   80   61
  48  112 -107   70  -84   91 -123 -126
  -2   65   85   53  -89  -61  -99  124
  69  -84 -105  125   96   75 -122 -115
  91 -112   59  120  123  -82 -108  110
 111 -103  -49 -101 -102  -31  109   56
 -95  -68   78   50  -68  -97  -92  106
 -95  113 -109   67 -110  -94  -84  -90
 -25  121   77  126  127 -105  102   67
  60  100  -61   81  -92   67   81  -92
 -56   56   76   79  110  -64 -113  116
 109  -99  -91  102   86   73  101  114
  22  122   90  127 -125  -61  104  115
 -75 -107  -79 -108 -123  -70  -75  109
 -93  -83 -125   52  -89 -102  -93  116
-122  121  -59   87  -97  -95 -114 -116
 -69 -122  126 -112   98  -93 -115  118
  89   83  -40   90 -116   58   46  -94
-114   80   87  120   78  -97 -111  122
-105  122 -110   99  110   81  110   89
  13  108  100 -115 -114  -91   91 -121
 -66 -110 -110 -105  120 -126  -40 -105
 -92  -85  127   63  -89 -100  -98  115
-127  120  -59   91  -93  -94 -118 -116
 -68 -120 -125 -115   97  -94 -118  118
  91   86  -39   95 -123   63   43  -91
-118   82   88  123   79 -100 -116  120
-105  118 -107  100  109   80  116   84
  16  103   97 -115 -118  -91   93 -117
 -65 -106 -115 -106  115 -127  -41 -105
 -95  -83 -122   64  -90  -99  -98  115
 126  122  -56   91  -93  -94 -120 -114
 -68 -118 -124 -116   93  -93 -116  123
  91   86  -38   97 -125   62   41  -89
-122   83   87  126   75 -104 -119  120
-101  115 -109   99  108   80  118   82
  14  102   99 -115 -119  -91   93 -118
 -64 -102 -118 -109  114  121  -36 -101
 -96  -88  124  105  -85  -83 -125  111
  92 -121  -52  104  -74  -83  111 -111
 -61 -115  -95  121   71  -96 -125  115
 104   92  -23  127  110   82   26  -87
-121   78   79 -116   78 -116  116  107
-103   97 -103  107   95   82 -102   52
  17   94   82 -117  127  -88   99 -112
 -74  -86  111 -111   84  114  -44  -99
-101  -95 -124  118  -89  -77  124  109
  77 -116  -49  110  -70  -86  106 -103
 -63 -111  -80  119   55  -97 -123  112
 117   92  -14 -110  102   91   18  -90
-127   76   75 -105   74 -126  104   99
-100   87 -106  113   88   83  -94   41
   8   92   83 -112  124  -82  102 -108
 -79  -81   94 -116   73   99  -42  -89
-101  -94 -127  118  -90  -77  124  109
  74 -112  -50  110  -71  -85  104 -103
 -62 -113  -81  118   56  -97 -125  111
 118   93  -13 -111  102   90   19  -93
-126   74   76 -106   73 -126  105   97
-101   91 -106  116   86   84  -94   41
   8   95   84 -114  124  -83  104 -110
 -78  -82   94 -115   71   99  -41  -92
-100 -102 -123  114  -88  -75  118  112
  70 -112  -50  108  -72  -91  105 -102
 -62 -115  -77  119   55  -99 -123  103
 123   89  -15 -104  110   90   24 -101
-115   71   78 -104   78 -128  110   93
-109   91 -112  119   85   91  -93   42
  11  100   82 -115  124  -79  103 -109
 -90  -89   93 -113   71  105  -54  -96
-102  -99 -123  117  -91  -75  121  109
  71 -110  -51  109  -72  -89  103 -100
 -62 -114  -78  117   55  -97 -123  108
 123   93  -13 -106  104   90   20  -98
-124   72   79 -103   73  126  105   92
-103   92 -109  119   83   89  -96   42
   7   98   87 -115  124  -80  103 -110
 -81  -86   90 -114   70   98  -44  -92
 -96  -75   65   64  -56 -107 -120  124
-118  115  108   83 -123 -108  -69  -95
 -19  105   55  125 -100  126   86   58
  49  108 -107   74  -79   89  124 -124
  -5   61   82   60  -97  -61  -89  119
  72  -83 -110  127   99   75  126 -119
  82 -114   60  124  124  -76 -112  113
 115 -110  -51 -100 -105  -31  115   59
-100  -70   69   50  -67 -102 -108  113
-108  120  124   76 -112 -104  -77  -91
 -19  109   63  125 -110 -116   97   61
  47  103  -83   76  -88   79  104 -107
 -29   61   81   68 -117  -62 -104  115
  86  -90 -101  118   95   69  113 -124
  52 -119   75  126  126  -69 -127  110
-108 -108  -60 -100 -115  -55 -109   80
 -92  -63   85   57  -76 -100  -75  106
 -88  117 -101   75 -116  -88  -87  -94
 -45  124   80  127  118 -106  107   79
  69  104  -62   74  -99   71   74  -95
 -86   59   73   82   94  -62 -109  127
 124  -99  -81  106   87   72   90  112
  17  126  103 -126 -119  -72  102  111
 -62 -112  -84 -112 -123  -90  -59  126
 -87  -86  115   62  -89 -107  -89  114
-115  119  -72   90 -101  -94 -111 -121
 -75  127  121 -114  105  -98 -122  112
  90   89  -49   83 -115   63   56 -101
-112   83   88  110   85  -91 -108 -126
-111  127 -101  103  110   81  109   97
  27  109   98 -116 -111  -99   96 -120
 -66 -113 -103 -103  123 -115  -51 -110
 -90  -82  116   55  -90 -107  -84  113
-110  115  -72   88 -104  -95 -103 -114
 -72 -125  116 -110  106  -97 -124  112
  90   89  -45   81 -112   62   54  -98
-114   79   86  107   82  -88 -108  126
-109 -125  -99  101  106   77  101   97
  17  111  103 -115 -112  -91   94 -122
 -60 -113 -102 -106  125 -117  -43 -108
 -92  -84 -128   54  -91 -106  -88  115
-119  120  -65   90 -100  -96 -110 -117
 -75 -124  123 -110  100  -95 -116  117
  92   86  -43   87 -116   59   51  -98
-118   83   89  116   78  -96 -110  125
-106  124 -108  101  110   79  107   94
  16  108  102 -113 -113  -94   94 -119
 -65 -111 -107 -105  122 -126  -40 -104
 -91  -86  125   61  -90 -103  -97  115
-125  115  -59   93  -92  -97 -112 -118
 -73 -120 -125 -110   99  -94 -116  118
  91   85  -40   93 -121   63   43  -92
-119   82   88  122   81  -98 -112  121
-105  118 -108  101  113   76  113   88
  17  103   95 -111 -116  -92   94 -113
 -64 -108 -112 -105  119 -124  -41 -104
 -99  -92  122  114  -88  -78  126  107
  79 -113  -51  106  -72  -80  106 -105
 -58 -115  -84  119   61  -95  126  110
 115   91   -8 -116  106   87   20  -93
-120   73   73 -115   73 -120  106   97
-103   96 -101  113   84   83  -94   41
   8   97   82 -117  127  -85  101 -111
 -74  -82  100 -111   69  108  -39  -96
-102  -93 -126  117  -91  -76  125  108
  74 -112  -50  109  -72  -84  105 -100
 -60 -111  -82  118   57  -95 -126  113
 119   94  -11 -111  102   89   18  -93
-128   74   76 -107   71 -127  103   94
 -99   93 -105  115   83   84  -96   40
   6   96   86 -115  124  -82  103 -111
 -75  -81   93 -116   69   96  -37  -92
-100  -95 -125  115  -87  -76  123  109
  76 -113  -49  107  -71  -85  103 -104
 -61 -114  -80  117   56  -97 -122  110
 116   90  -14 -110  105   88   20  -92
-122   74   76 -106   75 -125  106   99
-103   89 -107  113   88   86  -93   42
   9   94   82 -115  125  -82  101 -110
 -81  -83   96 -113   72  103  -45  -92
-103  -97 -123  117  -92  -76  124  108
  72 -110  -50  111  -72  -88  105 -100
 -64 -112  -77  119   53  -97 -124  111
 123   92  -10 -107  102   91   18  -97
 127   74   76 -104   71  127  103   94
-100   90 -107  118   83   86  -95   40
   5   98   88 -113  124  -81  103 -110
 -79  -84   90 -115   69   93  -40  -89
-102  -98 -124  119  -92  -76  122  109
  71 -112  -50  112  -70  -89  105 -101
 -65 -113  -76  119   53  -97 -122  108
 123   92  -12 -106  102   92   18  -97
-127   73   77 -103   73 -128  104   94
-102   88 -107  119   86   85  -94   41
   6   96   85 -111  124  -80  105 -108
 -81  -84   89 -115   70   96  -43  -88
 -99  -69   75   53  -67 -102  -99  111
-101  125  126   75 -117 -100  -80  -92
 -27  109   66  121 -119 -117  100   63
  51  104  -84   74  -89   79  104 -108
 -40   64   78   69 -125  -62 -106  125
  92  -94  -95  116   95   74  110 -126
  49 -117   82  126 -125  -73  122  105
-106 -110  -63 -103 -113  -65 -106   91
 -87  -68   77   69  -78 -103  -73  105
 -85  111 -106   79 -116  -89  -83  -98
 -55  124   82 -127  118 -109  105   77
  74  110  -67   72 -100   75   75  -98
 -93   61   71   81   96  -60 -108 -125
 126  -99  -75  109   88   70   88  114
  23  122  102 -122 -116  -76  105  117
 -57 -112  -85 -114 -121  -87  -62 -127
 -91  -66   92   57  -78 -100  -75  106
 -91  112  -92   75 -113  -87  -88  -95
 -48 -126   89 -124  112 -102  110   86
  75  101  -52   77 -102   67   64  -91
 -95   60   72   88   87  -66 -112  125
-122 -105  -82  101   87   71   91  104
   9  118  104 -122 -117  -71   96  118
 -54 -108  -92 -113 -127  -96  -47 -121
 -90  -82  110   58  -89 -106  -87  112
-113  112  -72   87 -100  -95 -104 -114
 -67 -124  115 -111  108  -94 -125  107
  89   92  -44   85 -114   61   52  -95
-112   77   88  109   83  -88 -110  120
-111 -123 -101  102  104   75  102   97
  16  107  100 -115 -115  -88   97 -118
 -56 -111 -103 -106  123 -112  -41 -111
 -90  -82  114   53  -88 -104  -89  112
-115  116  -69   83  -99  -93 -110 -115
 -64 -127  116 -113  106  -93 -123  107
  86   87  -41   85 -112   58   53  -95
-106   76   88  109   83  -89 -110  121
-112 -124 -104  100  104   78  106   95
  16  109   98 -118 -114  -89   94 -121
 -60 -111 -102 -104  120 -111  -43 -113
 -92  -82  124   68  -87  -99  -97  114
-127  121  -62   90  -94  -90 -119 -115
 -66 -121 -128 -119   96  -94 -121  118
  90   89  -39   94 -124   64   44  -90
-117   81   86  120   78  -99 -119  121
-104  119 -104   99  106   80  118   83
  17  102   97 -117 -118  -92   94 -119
 -63 -103 -115 -107  114 -126  -40 -105
 -93  -84  126   54  -91 -105  -90  114
-120  116  -63   89  -97  -96 -109 -116
 -72 -121  124 -109  101  -93 -117  117
  91   86  -40   89 -117   59   47  -94
-118   81   88  118   78  -96 -111  121
-105  124 -108  100  109   77  107   92
  12  106  101 -112 -114  -90   93 -117
 -61 -109 -109 -106  121 -124  -37 -105
 -93  -86  122   96  -83  -87 -120  112
 101 -124  -55   98  -77  -84  114 -114
 -59 -118 -104  122   79  -95 -123  114
  96   91  -29  118  116   76   32  -86
-115   79   81 -121   81 -111  122  112
-106  103 -104  103  100   83 -109   61
  21   95   82 -120 -126  -91   97 -114
 -74  -90  121 -108   93  124  -47 -104
 -97  -87  126  113  -84  -80 -128  112
  88 -121  -50  107  -72  -82  109 -109
 -60 -111  -91  119   66  -97 -125  116
 104   94  -23 -124  106   86   23  -84
-124   78   77 -112   78 -118  112  107
-101   93 -103  107   95   81  -98   47
  17   91   80 -116  125  -87  101 -111
 -76  -82  107 -114   83  110  -44  -97
 -94  -87 -126   86  -87  -93 -112  115
 111  127  -56   99  -83  -92  123 -115
 -68 -117 -111 -126   84  -96 -117  120
  96   91  -39  110  120   73   37  -88
-123   84   86 -121   80 -110 -127  117
-103  105 -109  103  106   83 -122   72
  22   97   90 -116 -124  -93   97 -115
 -73  -97  126 -111  106  118  -46 -101
-101  -97 -126  120  -91  -76  123  109
  73 -113  -50  112  -70  -87  106 -103
 -66 -112  -77  120   54  -98 -124  110
 121   92  -12 -108  102   92   18  -95
-128   74   75 -105   74 -127  105   96
-102   88 -106  118   87   83  -93   41
   8   95   84 -111  124  -81  104 -108
 -80  -83   92 -115   70   98  -43  -89
-103  -96 -123  118  -90  -75  123  109
  73 -112  -50  110  -71  -87  104 -100
 -62 -111  -80  117   55  -96 -122  112
 120   94  -14 -108  101   91   18  -93
-128   74   77 -103   72  127  102   95
-100   90 -108  116   84   86  -95   40
   7   95   86 -114  123  -81  103 -110
 -78  -82   90 -117   71   95  -40  -90
