Shape: torch.Size([1, 144, 64])
Range: [-128, 127]
Mean: 1.1055

量化值陣列:
 125   24  -91  119 -126  110  118 -102
-124 -110 -122 -113  112  115  -91  124
 116 -113 -124  115  116 -124  113 -120
 127  116  115  122  114  124   79  112
 126  117 -123  116   15 -113  108 -107
-104  125 -109 -126  123  -99  118 -127
 108  126  121  116 -113 -114  112  -94
-125 -117 -125 -108 -118 -126   87 -113
 125   25  -90  122 -128  111  117 -105
-124 -113 -120 -112  115  119  -95  126
 118 -111 -127  115  119 -124  111 -120
 125  117  114  126  115  124   81  116
 127  121 -122  115   14 -117  109 -108
-106  125 -110 -125  122 -105  118 -127
 107  124  122  115 -116 -114  115  -98
-123 -118 -124 -107 -116  126   88 -115
 123   23  -93  122 -125  108  120 -103
-124 -110 -121 -111  113  114  -91  125
 116 -114 -126  116  117 -124  111 -121
 127  116  115  123  116  123   75  113
 126  117 -123  115   16 -114  108 -108
-102  126 -107 -125  123 -100  120 -126
 108  126  122  116 -114 -115  112  -92
-124 -118 -125 -109 -119 -127   86 -112
 124   23  -92  120 -125  109  118 -102
-124 -110 -122 -111  112  114  -91  124
 115 -113 -125  116  116 -124  113 -121
 127  116  115  121  115  124   76  112
 126  116 -123  115   17 -113  107 -108
-102  126 -108 -125  123  -98  118 -127
 108  126  121  117 -114 -115  111  -93
-125 -118 -125 -109 -118 -126   86 -112
 123   20  -93  120 -124  107  120 -101
-123 -107 -122 -112  111  111  -87  123
 115 -116 -124  116  115 -125  113 -121
-127  115  115  121  113  123   73  110
 125  116 -124  115   19 -111  108 -108
-100  127 -106 -125  122  -95  119 -127
 108  127  121  117 -113 -114  109  -89
-125 -117 -126 -109 -121 -124   84 -110
 124   22  -91  122 -127  110  118 -104
-124 -111 -120 -112  114  116  -92  126
 117 -112 -126  116  118 -123  112 -120
 126  117  115  124  115  124   77  115
 126  119 -123  114   16 -115  108 -108
-104  125 -109 -125  122 -102  118 -127
 107  125  121  116 -115 -114  113  -95
-123 -118 -125 -107 -117 -128   87 -114
 123   21  -92  121 -125  108  119 -102
-124 -110 -121 -110  113  114  -90  125
 116 -113 -126  117  117 -124  112 -121
 127  116  115  122  115  123   74  113
 125  116 -123  114   18 -113  107 -108
-101  126 -107 -124  122  -98  118 -127
 108  126  121  116 -115 -115  112  -92
-124 -118 -125 -108 -118 -127   85 -112
 123   20  -93  122 -125  108  119 -103
-124 -110 -120 -111  113  114  -91  125
 116 -114 -127  117  118 -123  111 -121
 127  117  116  123  115  123   74  113
 125  117 -123  113   19 -114  108 -109
-101  126 -107 -124  122  -99  119 -127
 107  126  121  116 -115 -115  112  -92
-124 -118 -125 -108 -118 -127   85 -112
 123   21  -92  122 -126  109  118 -103
-124 -110 -120 -110  114  115  -91  126
 117 -113 -127  117  118 -123  111 -121
 127  117  116  124  115  123   75  114
 126  117 -123  113   17 -115  108 -109
-102  126 -108 -124  121 -101  119 -126
 107  125  121  116 -115 -114  113  -93
-123 -118 -125 -107 -118 -128   86 -113
 125   24  -89  120 -127  111  117 -104
-123 -111 -121 -112  114  116  -92  126
 117 -111 -126  116  119 -123  113 -120
 126  117  115  123  113  123   79  115
 126  117 -122  115   14 -115  108 -108
-105  125 -110 -126  121 -102  117 -127
 106  125  121  116 -115 -113  115  -96
-123 -117 -124 -105 -117 -128   87 -116
 126   24  -89  123  126  113  116 -107
-124 -114 -119 -112  117  119  -95 -128
 120 -110 -128  116  121 -122  110 -120
 124  118  115  127  113  123   82  119
 127  121 -122  114   13 -118  109 -109
-108  124 -111 -125  119 -107  118 -127
 105  123  122  115 -117 -112  118  -99
-121 -117 -124 -103 -116  125   89 -118
 126   25  -89  122  127  113  116 -106
-124 -113 -120 -112  116  118  -94  127
 119 -110 -127  116  121 -122  111 -120
 125  117  115  125  114  123   81  117
 127  119 -122  114   12 -117  109 -109
-107  124 -111 -126  120 -106  118 -127
 105  124  121  115 -116 -112  117  -98
-122 -117 -124 -104 -116  126   89 -117
 124   22  -93  126 -128  109  119 -106
-126 -113 -117 -110  116  117  -95  127
 120 -112  127  116  120 -122  107 -121
 124  117  116 -128  118  123   75  118
 126  120 -123  113   13 -117  109 -111
-103  125 -107 -124  121 -106  121 -126
 106  124  122  116 -117 -115  116  -94
-120 -117 -124 -107 -118  125   88 -113
 123   21  -93  123 -126  108  119 -103
-125 -111 -120 -110  114  115  -92  126
 117 -113 -127  116  118 -123  110 -121
 126  117  116  124  116  123   74  115
 126  118 -123  113   18 -115  108 -110
-101  126 -107 -124  122 -101  120 -126
 107  125  121  116 -116 -115  113  -92
-123 -118 -125 -108 -118  127   86 -112
 124   20  -92  124 -126  109  118 -104
-125 -112 -119 -110  115  116  -93  126
 118 -112 -128  117  120 -122  110 -121
 125  117  116  125  116  123   74  116
 126  118 -123  113   17 -116  108 -110
-102  125 -107 -124  121 -102  119 -126
 106  124  121  116 -117 -115  114  -93
-122 -118 -125 -107 -117  126   86 -113
 123   21  -93  124 -126  108  119 -104
-125 -111 -119 -111  114  115  -92  126
 118 -114 -127  116  118 -123  109 -121
 126  116  116  125  116  123   74  115
 125  118 -124  113   16 -115  108 -110
-101  126 -106 -124  122 -101  120 -126
 107  125  121  116 -116 -114  113  -92
-122 -117 -125 -108 -119 -128   86 -112
 124   22  -91  124 -127  110  117 -105
-125 -112 -119 -109  115  117  -94  127
 118 -111 -128  117  121 -122  110 -121
 125  118  116  125  116  123   76  117
 126  118 -123  112   16 -117  108 -111
-104  125 -108 -124  121 -104  119 -126
 106  124  121  116 -117 -114  116  -95
-122 -118 -124 -106 -116  125   87 -115
 125   23  -91  124 -128  111  118 -106
-125 -112 -119 -112  116  117  -94  127
 119 -111 -127  116  120 -123  109 -120
 125  117  115  126  115  123   78  117
 126  119 -123  114   13 -117  109 -110
-105  125 -109 -125  120 -105  119 -126
 105  124  122  116 -116 -113  116  -95
-121 -117 -124 -105 -118  126   88 -115
 126   24  -90  125  125  112  116 -108
-125 -115 -118 -111  118  120  -97 -127
 121 -109  127  116  122 -122  108 -120
 123  118  115 -128  116  123   80  120
 127  121 -122  113   12 -119  109 -111
-108  124 -110 -124  119 -109  119 -126
 104  122  122  116 -118 -113  119  -99
-120 -117 -124 -104 -115  123   90 -117
 125   21  -91  124 -128  110  118 -106
-125 -112 -118 -111  116  117  -93  127
 119 -112 -128  117  120 -122  109 -121
 125  117  116  126  115  123   76  117
 126  119 -123  113   15 -116  108 -111
-104  125 -108 -124  120 -104  119 -127
 105  124  121  116 -117 -114  116  -94
-121 -117 -125 -105 -117  126   87 -115
 127   25  -90  125  125  113  116 -108
-125 -115 -118 -112  118  120  -97 -127
 121 -109  127  116  122 -122  108 -120
 123  118  115 -127  115  123   81  121
 127  121 -122  114   10 -119  110 -111
-109  124 -111 -125  119 -110  119 -127
 104  122  123  116 -118 -113  119  -99
-119 -117 -123 -104 -115  123   90 -118
 126   24  -91  126  126  112  117 -108
-125 -115 -117 -111  117  120  -97 -127
 121 -109  127  116  122 -122  108 -120
 123  118  116 -128  116  123   79  120
 127  121 -122  113   12 -119  109 -112
-107  124 -109 -124  119 -109  120 -126
 104  122  122  116 -118 -114  119  -98
-120 -117 -124 -104 -115  123   89 -117
 126   23  -91  125  126  112  117 -108
-125 -115 -117 -111  117  119  -97 -128
 121 -110  127  116  122 -122  108 -120
 123  118  116 -127  116  123   79  120
 127  122 -122  113   13 -119  110 -112
-107  124 -109 -124  119 -108  120 -127
 105  122  122  116 -118 -113  118  -98
-119 -117 -124 -104 -116  123   89 -117
 125   22  -92  126  127  110  118 -108
-126 -114 -117 -111  117  119  -96 -128
 121 -111  126  116  121 -122  107 -120
 124  117  116 -127  117  123   77  120
 126  121 -122  113   13 -119  109 -112
-105  125 -108 -124  119 -107  121 -126
 105  123  122  116 -118 -114  117  -96
-119 -117 -124 -105 -117  124   88 -115
 127   25  -91 -128  123  113  117 -111
-126 -118 -115 -112  120  122 -101 -126
 123 -108  125  114  123 -121  105 -119
 121  118  115 -123  118  124   83  123
-128  126 -121  114   10 -122  111 -112
-110  124 -110 -124  118 -114  121 -126
 104  120  124  116 -118 -114  121 -102
-118 -117 -123 -104 -114  120   92 -118
 125   22  -91  125  127  111  117 -107
-125 -113 -118 -111  116  118  -95 -128
 120 -111  127  116  121 -122  108 -120
 124  117  116 -128  116  123   78  118
 127  120 -122  113   14 -117  109 -111
-106  125 -109 -124  119 -106  120 -127
 105  123  122  116 -117 -113  117  -96
-121 -117 -124 -105 -117  125   88 -115
 126   23  -91  125  126  111  116 -107
-125 -114 -118 -111  117  119  -96 -128
 120 -109  127  116  122 -122  108 -120
 123  118  116 -128  116  123   79  120
 127  120 -122  113   12 -118  109 -111
-107  124 -109 -124  119 -108  119 -126
 105  122  122  116 -118 -114  118  -97
-120 -117 -124 -104 -115  124   89 -117
 126   24  -90  126  125  112  117 -109
-125 -115 -117 -112  118  120  -98 -127
 121 -109  127  116  122 -122  107 -120
 123  118  116 -127  116  123   81  121
 127  122 -121  113   12 -119  110 -112
-108  124 -110 -124  118 -109  120 -127
 104  122  123  116 -118 -113  119  -99
-119 -116 -124 -104 -115  123   90 -117
 125   23  -91  125  127  111  117 -107
-125 -114 -118 -111  117  118  -96 -128
 120 -110  127  116  121 -122  108 -120
 124  118  116  127  116  123   78  119
 127  120 -122  113   13 -118  109 -111
-106  125 -109 -124  120 -107  120 -126
 105  123  122  116 -117 -114  117  -96
-120 -117 -124 -105 -116  124   89 -116
 126   24  -90  125  126  112  117 -108
-125 -115 -117 -111  118  120  -97 -127
 121 -109  127  116  122 -122  108 -120
 123  118  116 -128  116  123   79  120
 127  121 -122  113   12 -119  109 -112
-107  124 -110 -124  119 -109  120 -126
 105  122  122  116 -118 -114  118  -98
-120 -117 -124 -104 -115  123   89 -117
-126   31  -86  124  120  118  114 -111
-125 -119 -117 -115  120  125 -102 -125
 124 -106  127  113  124 -122  108 -118
 121  119  114 -124  115  124   91  124
-127  125 -120  117    3 -123  111 -110
-115  122 -115 -127  118 -117  118 -127
 103  120  124  114 -118 -111  123 -106
-118 -116 -122 -102 -114  121   95 -122
-124   37  -85  123  117  122  115 -114
-125 -122 -117 -120  122 -127 -105 -125
 127 -104 -128  110  123 -123  107 -115
 121  119  111 -119  114  126  101  125
-124 -126 -119  121   -4 -126  113 -105
-120  122 -119  127  118 -122  117  127
 104  118  126  112 -117 -110  124 -113
-116 -116 -120 -102 -115  121   98 -125
 124   20  -92  124 -127  109  118 -106
-125 -112 -118 -110  116  116  -93  127
 119 -112 -128  117  120 -122  108 -121
 125  117  116  126  116  123   75  117
 126  119 -123  113   16 -116  109 -111
-103  126 -107 -124  120 -103  120 -127
 106  124  121  116 -117 -114  115  -93
-121 -117 -125 -106 -118  126   87 -113
 125   22  -91  125  127  111  117 -107
-125 -114 -118 -111  117  118  -95 -128
 120 -110  127  116  121 -122  108 -120
 124  118  116 -128  116  123   78  119
 127  120 -122  113   13 -118  109 -111
-106  125 -109 -124  120 -106  120 -127
 105  123  122  116 -117 -114  117  -96
-120 -117 -124 -105 -116  124   88 -116
 126   23  -91  126  126  111  117 -108
-125 -115 -117 -111  118  119  -97 -127
 121 -110  127  116  122 -122  107 -120
 123  118  116 -127  116  123   79  120
 127  122 -122  113   12 -119  110 -112
-107  124 -109 -124  119 -109  120 -126
 105  122  123  116 -118 -113  118  -97
-119 -117 -124 -104 -116  123   89 -116
 125   22  -91  125  127  111  117 -107
-125 -113 -118 -111  117  118  -94 -128
 120 -111  127  116  121 -122  108 -120
 124  117  116  127  115  123   78  119
 126  120 -122  113   14 -117  109 -111
-105  125 -109 -124  119 -106  120 -127
 105  123  122  116 -117 -113  117  -96
-120 -117 -124 -104 -117  125   88 -115
 124   21  -94  123 -126  107  120 -104
-125 -110 -119 -112  113  114  -91  125
 117 -114 -127  115  116 -124  109 -121
 126  115  116  125  116  123   74  114
 126  118 -123  114   16 -114  108 -109
-101  127 -106 -125  122 -100  121 -127
 108  125  122  116 -114 -114  112  -91
-122 -117 -125 -109 -120 -127   86 -111
 127   25  -91  127  124  113  118 -110
-126 -117 -116 -113  119  121 -100 -127
 123 -109  126  114  122 -122  105 -119
 122  118  115 -124  118  124   82  122
-128  125 -121  114    9 -121  111 -112
-109  124 -110 -124  119 -112  121 -126
 104  121  124  116 -118 -113  120 -100
-118 -117 -123 -105 -116  122   91 -117
 125   22  -92  125 -128  110  117 -106
-125 -113 -118 -110  116  118  -95 -128
 119 -111  127  116  121 -122  108 -121
 124  117  116  126  117  123   76  118
 126  119 -123  113   14 -117  109 -111
-104  125 -108 -124  121 -106  120 -126
 105  123  122  116 -117 -114  117  -95
-121 -118 -124 -106 -116  125   88 -115
 125   22  -92  125 -128  110  118 -107
-125 -113 -117 -111  116  118  -95  127
 119 -111  127  116  120 -122  108 -120
 125  117  116 -128  117  123   77  118
 126  121 -123  113   15 -117  109 -111
-104  125 -108 -124  120 -105  120 -126
 106  123  122  116 -117 -114  116  -95
-121 -117 -124 -106 -117  125   88 -114
 125   20  -92  125 -128  109  118 -106
-125 -113 -118 -110  116  117  -94  127
 119 -112  127  116  120 -122  108 -121
 125  117  116  127  116  123   76  118
 126  120 -123  113   16 -117  109 -111
-104  125 -108 -124  120 -104  120 -127
 106  123  122  116 -117 -114  116  -94
-121 -117 -125 -105 -117  125   87 -114
 126   25  -90  125  126  112  117 -107
-125 -114 -118 -112  117  119  -96 -128
 121 -110 -128  116  121 -122  108 -120
 124  117  115 -128  116  123   80  119
 127  121 -122  114   11 -119  109 -111
-107  124 -110 -125  120 -108  119 -126
 105  123  122  116 -117 -113  118  -98
-120 -117 -124 -105 -116  124   90 -116
-116   72  -87  109  115 -123  116 -114
-125  125 -122  121  117 -117 -112 -126
-121  -99 -115  100  110 -127  112 -110
 124  116  105 -121  116 -124 -120  118
-115 -122 -120 -119  -29  127  115  -86
 123  118  120  110  126 -123  110  123
 116  116  126  106 -112 -112  125  121
-119 -112 -118 -110 -122 -124  106  123
-120   72  -87  123  116  127  114 -118
-125  123 -119 -127  124 -121 -121 -118
-125  -97 -127  106  126 -124  106 -115
 121  117  110 -117  123 -125  126 -128
-118 -124 -117 -126  -53  122  119  -99
 124  115  127  120 -128  113  120 -128
 108  115  127  107 -117 -108 -119  124
-118 -117 -116 -108 -117  121  123 -128
-116   63  -85  114  115 -125  117 -116
-125  126 -119  123  119 -120 -111 -124
-122  -99 -119  101  114 -127  108 -111
 122  116  106 -117  115 -126 -127  120
-117 -121 -118 -122  -25  126  115  -90
 124  119  124  114  124 -126  114  124
 111  115 -128  106 -113 -109  126  126
-117 -111 -118 -107 -121 -127  106  125
 127   24  -90  125  124  113  116 -109
-125 -116 -117 -112  118  121  -98 -127
 121 -108  127  115  123 -121  108 -119
 123  119  115 -126  116  124   82  121
-128  123 -121  114   12 -120  110 -111
-109  124 -111 -125  118 -110  119 -127
 104  122  123  115 -118 -113  119 -100
-119 -117 -123 -103 -114  122   90 -118
 126   24  -90  124  126  112  117 -108
-125 -114 -118 -113  117  119  -95 -128
 120 -110 -128  115  121 -122  109 -120
 124  117  115 -128  114  123   81  119
 127  121 -122  114   12 -118  110 -110
-108  125 -110 -125  119 -107  119 -127
 105  123  122  116 -116 -113  118  -98
-120 -117 -124 -104 -117  125   89 -117
-128   27  -88  124  123  115  115 -110
-125 -117 -118 -114  119  122  -99 -127
 122 -108  127  115  123 -122  108 -119
 123  119  115 -126  114  124   86  122
-128  123 -121  115    9 -121  110 -110
-112  123 -113 -126  118 -112  118 -127
 104  121  123  115 -118 -112  121 -103
-119 -116 -123 -102 -114  123   91 -120
-128   26  -90 -128  121  115  117 -113
-126 -120 -114 -114  121  124 -103 -125
 124 -107  124  113  124 -121  104 -119
 120  119  115 -120  117  124   86  125
-127 -128 -120  115    7 -123  112 -112
-113  123 -112 -124  118 -117  122 -127
 103  119  126  115 -118 -113  122 -104
-117 -116 -122 -103 -113  119   93 -119
 126   25  -91  126  124  112  117 -109
-126 -117 -116 -112  118  122 -100 -127
 122 -108  126  114  122 -122  106 -119
 121  118  115 -124  118  124   82  122
-128  125 -121  114   11 -121  110 -111
-109  124 -110 -124  120 -111  121 -126
 105  121  124  115 -118 -114  119 -101
-119 -117 -123 -105 -114  122   91 -117
 125   21  -92  125 -128  110  118 -107
-125 -114 -117 -111  116  118  -95  127
 119 -111  127  116  121 -122  108 -120
 124  117  116 -128  117  123   77  118
 127  121 -122  113   15 -117  109 -111
-104  125 -108 -124  120 -105  120 -126
 106  123  122  116 -117 -115  116  -95
-121 -117 -124 -106 -116  125   88 -114
 127   26  -90  127  123  113  116 -110
-126 -118 -116 -112  119  123 -102 -126
 123 -107  125  114  123 -121  106 -119
 121  118  115 -124  118  124   83  123
-128  125 -121  114    8 -122  111 -112
-110  124 -111 -124  119 -114  120 -126
 104  120  124  115 -119 -114  121 -102
-118 -117 -123 -105 -114  121   92 -118
 124   21  -93  125 -127  108  119 -106
-125 -112 -118 -110  115  117  -94  127
 119 -112  127  116  119 -123  108 -121
 125  116  116  127  118  123   75  117
 126  120 -123  113   15 -116  109 -110
-102  126 -106 -124  121 -104  121 -126
 107  124  122  116 -116 -115  114  -93
-121 -117 -124 -108 -118  126   87 -112
 127   26  -91  126  124  113  117 -109
-126 -116 -117 -112  118  121  -99 -127
 122 -109  127  115  122 -122  106 -119
 122  117  115 -125  118  123   82  121
 127  123 -122  115    8 -120  110 -111
-109  124 -110 -125  120 -111  121 -126
 104  122  124  116 -118 -113  119  -99
-118 -117 -123 -106 -116  123   92 -116
-116   75  -90  117  116  125  118 -112
-128  116 -118 -128  118 -123 -127 -118
-127  -95 -119   99  112 -125  105 -115
 114  114  108 -119 -127 -123 -121  124
-115 -119 -112 -122  -46  122  114  -93
 120  110  123  117 -117  115  123  127
 111  114 -127  108 -114 -113 -125  120
-124 -115 -113 -116 -109  123  122 -125
-114   75  -91  114  116  126  119 -112
-128  117 -118  126  116 -123 -124 -120
-127  -96 -118   98  111 -126  106 -114
 115  114  109 -119  127 -123 -119  122
-115 -119 -112 -120  -43  124  114  -91
 120  112  122  116 -119  119  122  126
 113  115 -127  110 -113 -113 -127  120
-125 -114 -113 -116 -111  126  119 -126
-118   57  -83  120  114  126  114 -113
-125  123 -118 -125  121 -123 -118 -120
 127  -96 -125  103  121 -123  107 -114
 116  118  109 -117  121 -126  124  126
-118 -121 -113 -128  -29  124  114  -98
 125  113  127  121 -126  118  119 -128
 105  114 -128  108 -115 -109 -125  127
-122 -116 -115 -106 -109  121  114 -128
 126   23  -91  125  126  112  116 -108
-125 -115 -117 -111  117  120  -97 -127
 121 -109  127  116  122 -122  108 -120
 123  118  116 -128  116  123   79  120
 127  121 -122  113   13 -119  109 -111
-107  124 -109 -124  119 -109  119 -126
 105  122  122  116 -118 -114  119  -98
-120 -117 -124 -104 -115  123   89 -117
-127   30  -86  123  122  117  115 -110
-124 -117 -119 -116  119  123  -99 -127
 122 -107 -128  114  123 -122  110 -118
 123  118  114 -126  113  124   90  121
-127  123 -120  117    6 -121  111 -108
-114  123 -115 -127  118 -113  117 -127
 104  121  123  114 -117 -111  121 -105
-119 -116 -122 -102 -115  123   93 -122
-127   30  -87  124  122  117  115 -110
-124 -117 -118 -115  119  123 -100 -126
 123 -107 -128  114  123 -122  109 -118
 122  118  114 -126  114  124   89  122
-127  123 -121  116    5 -122  111 -109
-113  123 -114 -127  119 -114  117 -127
 104  121  123  114 -117 -111  122 -105
-119 -117 -122 -102 -115  123   93 -121
-120   47  -80  122  113 -128  114 -116
-124 -128 -119 -127  124 -122 -110 -123
-127 -101 -128  105  123 -123  107 -113
 120  119  108 -114  113 -128  118  126
-120 -121 -117  127  -18  125  115  -98
-128  120 -127  121  121  124  115  126
 104  115 -128  107 -115 -106 -127 -123
-116 -115 -117 -101 -117  123  105  127
-118   57  -82  114  116 -126  112 -112
-123  127 -122 -128  118 -120 -110 -124
-127  -98 -121  104  118 -125  112 -112
 121  119  107 -121  113 -126  125  121
-119 -124 -118 -125  -19  127  114  -92
 126  118  124  118  126 -126  111  125
 109  115  125  107 -114 -110  126 -128
-120 -115 -117 -104 -115  127  104  124
-115   67  -86  109  117 -126  116 -112
-125  124 -121  124  115 -120 -112 -125
-124  -98 -114  100  109 -128  111 -110
 121  115  106 -122  117 -125 -123  117
-116 -121 -117 -119  -25 -128  113  -87
 123  117  121  113 -127 -122  112  124
 115  115  127  107 -112 -112  123  123
-121 -112 -117 -110 -118 -125  107  125
-122   40  -86  122  116  122  116 -114
-125 -123 -116 -124  120 -128 -106 -125
 127 -104 -127  107  120 -124  105 -115
 120  118  111 -118  115  127  106  123
-122 -123 -117  124   -6 -126  114 -102
-122  122 -121  124  120 -122  118  127
 106  118 -128  111 -114 -109  124 -115
-118 -114 -120 -103 -116  124  100 -124
-121   44  -83  121  114  126  114 -115
-124 -127 -118 -125  122 -124 -109 -123
 127 -101 -128  106  123 -123  108 -114
 120  119  110 -116  114 -127  114  125
-121 -122 -117  125  -13  127  115  -99
-126  120 -125  123  121 -128  116  127
 104  116  127  109 -115 -108 -128 -121
-118 -116 -118 -101 -114  122  103 -128
-120   42  -81  124  113  126  115 -117
-124 -126 -117 -126  124 -125 -109 -123
-128 -102  127  106  124 -123  105 -114
 120  118  109 -114  113  127  113  126
-122 -121 -117  125  -16  126  115 -102
-126  120 -123  124  120  125  118  127
 102  116 -128  109 -115 -106 -128 -119
-115 -114 -118 -101 -117  122  104 -127
-120   58  -82  122  114  127  112 -111
-126  122 -120 -124  122 -120 -120 -119
 126  -96 -126  104  122 -123  108 -114
 116  118  108 -118  121 -125  124  127
-119 -123 -115 -128  -31  122  113  -97
 126  113  126  122 -124  116  117 -127
 105  114  127  108 -116 -110 -123  126
-121 -119 -114 -107 -109  119  114 -128
-119   62  -83  122  115 -125  112 -117
-123  126 -121 -128  124 -120 -114 -120
-125  -99 -128  106  126 -123  109 -113
 122  118  108 -117  116 -127  124  127
-119 -126 -120 -127  -38  123  118  -97
 126  118  126  119  124  118  115  126
 107  116  126  107 -117 -107 -121  127
-116 -117 -116 -104 -119  123  112  125
-122   38  -85  125  114  123  116 -116
-125 -125 -115 -123  123 -128 -108 -123
 127 -103  126  107  124 -123  104 -115
 119  119  111 -115  115  127  106  126
-123 -122 -117  123   -9 -127  114 -105
-123  121 -120  126  119 -127  120  127
 103  117 -128  112 -115 -108  127 -115
-116 -115 -119 -101 -115  121  102 -125
-123   38  -84  122  117  123  114 -113
-124 -122 -118 -122  121 -128 -105 -125
 126 -104 -128  109  123 -123  108 -116
 120  119  111 -120  113  126  104  124
-124 -126 -118  122   -6 -126  113 -104
-122  121 -121  126  119 -123  117 -128
 104  118  126  112 -115 -109  125 -114
-118 -116 -120 -101 -115  123   99 -125
-120   46  -83  121  114  126  114 -115
-124 -127 -118 -126  122 -124 -110 -124
 127 -101 -127  105  122 -124  107 -114
 119  119  109 -116  114 -127  116  124
-120 -122 -116  127  -15  127  114  -99
-127  120 -126  122  122 -128  116  127
 105  116 -128  109 -114 -108  127 -122
-118 -115 -118 -102 -115  123  104 -128
-124   35  -84  124  116  122  115 -114
-124 -123 -117 -121  123 -128 -106 -124
 125 -104  126  109  124 -122  107 -116
 120  119  111 -117  113  126  103  125
-124 -124 -118  121   -4 -126  114 -105
-121  122 -120  127  118 -124  118 -128
 103  118  127  112 -116 -108  125 -114
-117 -115 -120 -101 -114  121   98 -125
-119   60  -81  115  117 -125  112 -111
-123  126 -123 -127  119 -119 -112 -123
-127  -98 -122  105  120 -125  114 -112
 122  119  107 -122  114 -126  126  121
-119 -126 -119 -125  -22  125  115  -91
 125  118  123  118  127 -128  110  125
 109  116  125  107 -116 -109 -128  126
-121 -116 -117 -105 -115  127  104  123
-118   63  -80  112  118 -123  112 -111
-122  127 -124  127  118 -118 -109 -125
-125  -98 -119  104  117 -127  115 -111
 124  118  106 -123  112 -126 -127  119
-119 -127 -119 -123  -22  126  115  -89
 124  119  121  115  126 -125  108  124
 111  116  124  106 -115 -109  126  125
-121 -115 -117 -104 -118 -127  103  121
-120   58  -81  117  116 -125  113 -112
-123  126 -123 -127  120 -120 -112 -123
-127  -99 -124  105  121 -125  112 -113
 121  119  107 -120  114 -127  125  123
-119 -125 -118 -126  -22  125  115  -93
 125  118  125  119  126  126  112  126
 108  116  125  107 -116 -108 -128  127
-120 -116 -117 -104 -115  126  105  124
-120   52  -82  119  115 -128  115 -114
-124  126 -120 -127  121 -123 -112 -123
 127  -99 -125  104  121 -124  109 -114
 120  119  108 -117  114 -127  122  123
-119 -122 -116 -127  -18  125  115  -95
 127  118  127  120  125  126  115  126
 106  116  127  107 -115 -108  127 -126
-120 -115 -117 -104 -114  124  106  127
-120   47  -80  119  114 -128  114 -114
-123 -126 -121 -128  122 -124 -108 -124
 127 -102 -126  106  122 -124  110 -114
 122  119  108 -117  110 -128  119  123
-121 -122 -117  127  -14  127  116  -97
-128  120 -127  121  121 -128  114  126
 105  116  126  108 -114 -106  126 -123
-118 -114 -118 -101 -117  125  103  127
-114   79  -91  107  119 -127  117 -109
-127  116 -122  125  113 -120 -122 -123
-126  -95 -112   98  105 -128  111 -112
 118  114  107 -125  125 -122 -114  118
-114 -121 -114 -118  -38  125  113  -84
 119  111  118  112 -117  127  116  124
 117  114  126  107 -113 -116  124  117
-126 -114 -114 -117 -111 -126  114  127
-113   85  -89  108  120 -126  114 -109
-125  121 -124  126  113 -119 -120 -122
-124  -95 -114  101  110 -128  114 -113
 119  114  107  127  123 -123 -117  118
-115 -128 -118 -117  -47  125  114  -87
 120  113  117  112 -119  125  113  125
 117  117  126  110 -114 -116 -126  117
-125 -116 -114 -116 -115 -126  115  124
-116   70  -87  114  116  127  116 -110
-127  120 -120  127  117 -122 -121 -121
-128  -96 -119  100  113 -125  109 -115
 116  115  107 -122  123 -124 -122  122
-117 -121 -114 -122  -37  124  113  -92
 122  112  122  117 -121  121  118  127
 111  116 -128  110 -113 -113 -127  122
-125 -116 -114 -113 -110  125  115 -127
-115   70  -88  115  117  127  115 -112
-127  118 -120  127  117 -121 -122 -120
-127  -95 -120   99  114 -125  106 -113
 116  116  109 -119  124 -124 -123  123
-116 -121 -113 -121  -39  123  114  -91
 122  112  122  116 -121  119  119  126
 111  113 -128  108 -114 -111 -126  122
-123 -115 -114 -112 -111  125  116 -128
-118   56  -84  118  113 -127  116 -116
-125  125 -118  125  121 -121 -113 -123
-125  -99 -123  101  117 -125  106 -112
 120  117  107 -114  116 -125  127  123
-117 -118 -116 -124  -24  125  115  -92
 126  118  126  116  125  125  116  125
 108  114 -127  106 -113 -108 -128  127
-118 -113 -117 -105 -118  126  108  127
-122   42  -82  125  114  125  115 -116
-124 -126 -117 -125  124 -126 -109 -123
 127 -103  126  107  125 -123  105 -115
 119  119  110 -114  113  127  111  126
-122 -122 -117  124  -14  127  115 -102
-125  121 -123  124  120  125  118  127
 102  117 -128  110 -115 -106 -128 -119
-116 -115 -118 -101 -116  121  103 -126
-119   57  -80  119  114 -123  113 -116
-122 -126 -121  125  123 -119 -107 -124
-123 -101 -125  106  122 -125  111 -112
 124  118  106 -117  109 -128  124  123
-119 -126 -122 -126  -24  125  116  -93
 127  122  125  116  120  127  110  125
 108  117  126  106 -115 -106 -127 -128
-114 -114 -118 -101 -123  127  103  123
-120   55  -79  122  115 -125  112 -115
-123 -128 -122 -127  124 -120 -112 -121
-126 -100 -128  107  126 -123  110 -114
 121  119  108 -117  113 -127  122  126
-120 -126 -119  127  -27  124  116  -96
 127  119  126  120  123  121  113  126
 105  116  126  107 -117 -106 -124 -127
-117 -117 -117 -101 -117  123  107  124
-120   53  -80  124  114 -127  113 -115
-124  124 -120 -126  125 -120 -116 -120
-127  -98  127  105  124 -123  106 -113
 119  119  107 -113  117 -127  122 -128
-120 -121 -117 -128  -28  121  116  -96
 127  117 -128  121  127  116  116  127
 104  114  127  106 -117 -107 -124 -127
-116 -117 -115 -104 -115  121  110  127
-120   52  -82  124  113 -128  114 -116
-125  124 -118 -127  124 -122 -116 -120
-127  -98  127  103  124 -123  105 -114
 117  119  109 -113  117 -126  122 -128
-119 -120 -115 -128  -27  123  116  -97
 126  117 -128  121  126  117  118  127
 103  114 -127  108 -116 -106 -124 -127
-118 -116 -115 -104 -114  121  110  127
-116   66  -86  116  116 -128  115 -112
-126  118 -120 -128  119 -121 -121 -120
-126  -96 -120  100  114 -125  107 -112
 117  116  108 -118  123 -124 -124  124
-117 -120 -114 -123  -35  122  114  -91
 123  113  123  117 -122  120  118  125
 109  112 -128  106 -115 -110 -127  123
-121 -116 -114 -112 -112  125  114 -128
-112   86  -94  105  120 -127  121 -111
-127  114 -121  121  112 -121 -123 -123
-123  -96 -109   96  101  125  110 -112
 119  111  107 -124  126 -123 -110  116
-114 -119 -115 -115  -42  126  114  -83
 117  112  117  110 -116 -127  118  122
 120  114  126  107 -113 -116  122  115
-125 -111 -115 -121 -114 -123  114 -128
-117   72  -86  114  119 -126  113 -109
-125  121 -124 -127  117 -120 -119 -121
-127  -96 -120  102  116 -126  113 -114
 118  117  108 -125  121 -124 -123  122
-118 -127 -116 -122  -37  124  115  -91
 122  114  120  116 -121  122  114  126
 111  116  126  109 -116 -112 -126  121
-125 -118 -114 -111 -111  127  112  125
-116   74  -87  107  122 -124  113 -109
-122  123 -126  127  113 -119 -113 -125
-125  -97 -115  103  114 -128  117 -112
 122  118  108  127  116 -124 -121  117
-117  126 -119 -121  -26  127  115  -86
 122  117  117  113 -124 -122  109  123
 116  117  124  108 -116 -113  126  120
-126 -115 -117 -109 -114 -124  104  120
-119   62  -82  114  118 -124  112 -112
-122  126 -124 -128  118 -119 -111 -123
-125  -98 -121  105  120 -126  114 -112
 123  119  107 -123  113 -126 -128  121
-119 -127 -119 -125  -23  125  115  -90
 125  119  122  116  126 -127  110  125
 110  116  124  106 -116 -109 -128  125
-120 -115 -117 -104 -117 -128  104  122
-118   62  -84  120  115  125  112 -111
-126  121 -120 -123  121 -121 -121 -119
 126  -95 -124  104  121 -123  108 -114
 116  118  109 -120  124 -124  126  127
-118 -123 -114 -127  -37  122  113  -98
 125  111  126  122 -122  115  118 -127
 106  114  126  108 -116 -111 -123  125
-123 -119 -113 -109 -107  119  118 -127
-120   59  -83  125  113  126  114 -116
-125  123 -118 -125  124 -122 -119 -118
-127  -97  127  105  125 -123  104 -115
 118  118  109 -114  121 -126  122 -127
-118 -121 -115  127  -38  122  116 -100
 125  115 -127  122 -128  113  121 -127
 104  114 -128  107 -117 -108 -121 -128
-118 -117 -115 -105 -113  119  118 -127
-119   56  -82  121  114 -126  112 -115
-124  126 -120 -128  123 -120 -114 -121
-126  -98 -127  104  124 -123  108 -113
 120  119  108 -116  116 -126  124  126
-118 -123 -117 -127  -29  124  116  -95
 126  118  126  119  125  120  115  126
 106  115  127  107 -116 -107 -124  127
-118 -116 -116 -103 -116  123  110  125
-119   55  -83  121  113 -126  115 -117
-124  126 -119  126  123 -122 -114 -122
-126 -100 -128  102  123 -124  106 -113
 119  118  108 -113  115 -126  125  125
-118 -121 -116 -126  -26  124  116  -95
 126  119  127  118  124  121  117  126
 106  115 -127  107 -114 -106 -125 -128
-118 -115 -117 -103 -117  124  108  126
-119   61  -85  124  114 -128  115 -116
-125  123 -119 -127  123 -122 -119 -119
-127  -98  127  103  124 -123  105 -114
 117  118  109 -114  120 -126  125 -128
-118 -122 -115 -126  -39  122  117  -98
 125  116  127  120 -128  114  120  127
 105  115 -127  108 -116 -107 -121  127
-118 -116 -115 -106 -114  122  116 -128
-121   52  -80  126  113 -127  112 -116
-125  124 -119 -125  126 -121 -117 -119
-128  -98  125  105  127 -122  106 -114
 118  119  108 -113  118 -127  120 -126
-120 -122 -117  126  -30  121  116  -99
 127  117 -127  122  126  114  117  127
 102  114 -128  107 -118 -106 -122 -126
-116 -118 -115 -103 -114  119  111 -128
-113   81  -93  110  119  127  117 -109
 127  113 -120  126  115 -121 -127 -120
-127  -94 -114   97  106 -126  109 -113
 115  114  109 -122 -127 -122 -114  121
-115 -119 -113 -118  -48  124  113  -87
 119  109  119  114 -114  121  119  124
 115  114 -128  108 -113 -116  127  118
-126 -116 -112 -120 -108  127  119 -126
-114   87  -99  111  118  127  120 -109
 126  116 -121  124  116 -123  126 -121
 126  -98 -119   98  109 -125  112 -118
 113  115  109 -123 -128 -120 -112  121
-116 -119 -114 -117  -56  124  117  -91
 119  113  116  115 -115  118  121  126
 118  121 -126  116 -111 -119 -125  116
 126 -118 -112 -123 -109  126  119 -124
-116   74  -88  111  119 -127  116 -109
-126  119 -122 -128  115 -121 -121 -122
-128  -96 -117  100  112 -127  113 -114
 117  116  107 -124  123 -123 -119  120
-116 -124 -115 -121  -35  124  114  -89
 121  113  119  115 -119  124  115  126
 114  116  126  109 -115 -114  127  119
-127 -116 -114 -114 -110  127  112  126
-116   78  -87  107  121 -124  113 -107
-123  122 -127 -128  113 -119 -116 -124
-126  -96 -115  103  113 -128  118 -113
 120  117  108  125  119 -123 -119  117
-117  125 -118 -120  -34  126  114  -87
 121  114  117  113 -121 -125  110  124
 116  117  124  109 -116 -114  127  119
-127 -117 -116 -112 -112 -125  108  121
-116   74  -86  106  121 -123  113 -109
-122  125 -126  126  112 -119 -111 -126
-124  -97 -114  102  112 -128  117 -111
 123  117  107  127  115 -124 -121  116
-117  126 -119 -120  -26 -128  114  -85
 123  117  118  112 -125 -120  108  123
 117  117  124  108 -115 -113  125  120
-125 -114 -117 -109 -116 -123  104  120
-122   46  -80  121  114 -128  114 -114
-123 -128 -119 -126  123 -123 -111 -123
 126 -100 -128  105  124 -124  109 -114
 120  120  108 -115  113 -127  118  125
-120 -121 -116  126  -14  125  115  -98
-128  119 -127  123  122  125  115  127
 104  116  127  107 -116 -107 -128 -124
-119 -116 -118 -101 -114  122  104  127
-121   46  -80  123  114 -128  113 -115
-124 -127 -119 -126  124 -123 -110 -122
-128 -101  127  106  125 -123  108 -114
 120  119  108 -115  112 -128  116  126
-121 -123 -118  125  -17  125  116  -99
-127  120 -126  123  121  123  115  127
 103  116  127  108 -116 -106 -127 -123
-116 -116 -118 -101 -116  122  104  127
-120   47  -79  126  111 -128  113 -116
-124  127 -118 -126  126 -123 -113 -120
-128 -100  125  106  127 -122  105 -114
 118  119  109 -112  115 -128  118 -127
-121 -122 -116  125  -25  123  115 -101
 127  118 -126  123  123  116  118 -128
 100  115 -128  108 -117 -105 -123 -123
-116 -116 -116 -100 -114  119  110  127
-120   48  -78  125  113 -126  112 -116
-123 -128 -119 -126  126 -122 -112 -120
-127 -100  125  107 -128 -122  108 -114
 120  120  108 -114  113 -128  119 -127
-121 -124 -117  125  -24  123  116 -100
 127  118 -127  122  122  118  115  127
 101  115  127  107 -118 -105 -123 -125
-116 -116 -116  -99 -115  121  108  125
-120   58  -81  123  114 -128  112 -115
-124  125 -120 -126  124 -121 -117 -119
-128  -98 -128  105  125 -123  107 -114
 120  118  108 -116  118 -126  123 -128
-118 -123 -117 -128  -36  123  116  -98
 126  115  127  120  127  116  117 -128
 105  115  127  106 -116 -108 -122  127
-118 -117 -115 -104 -114  120  116  127
-115   75  -91  115  117  127  118 -112
-128  114 -119  126  117 -122 -127 -119
-127  -95 -119   98  110 -126  106 -113
 115  115  109 -118 -128 -123 -118  123
-116 -118 -113 -120  -44  122  115  -90
 120  111  121  115 -117  118  122  125
 112  113 -127  107 -114 -113 -128  120
-123 -115 -113 -118 -110  126  118 -125
-114   79  -94  115  118  126  120 -112
 127  112 -118  125  117 -123  127 -118
-126  -96 -118   97  108 -127  105 -114
 115  113  109 -118 -126 -123 -116  123
-116 -117 -112 -119  -49  122  115  -90
 119  111  121  115 -115  116  124  125
 113  114 -127  108 -114 -113 -128  119
-123 -114 -113 -121 -110  126  120 -123
-116   87  -99  115  118 -128  121 -113
 127  116 -121  124  118 -123  126 -120
-128 -100 -123   99  113 -125  110 -119
 115  116  109 -121  127 -121 -113  122
-116 -120 -115 -118  -55  123  119  -91
 119  116  118  115 -117  116  122  125
 116  121 -125  115 -113 -116 -123  116
-128 -118 -114 -121 -112  127  117 -124
-113   83  -93  106  118 -127  118 -108
-127  118 -123  124  113 -121 -123 -124
-128  -97 -114   98  107 -127  114 -115
 116  115  107 -126  123 -121 -112  117
-115 -122 -115 -117  -44  126  114  -87
 119  113  116  113 -118  126  116  125
 118  119 -128  112 -112 -118  126  116
 126 -116 -114 -118 -110 -127  114 -128
-116   77  -90  106  121 -126  115 -108
-124  121 -125  127  113 -121 -117 -125
-127  -97 -115  101  111 -128  117 -114
 119  117  108  127  119 -123 -118  117
-116 -127 -117 -120  -32  127  115  -87
 121  115  117  114 -121 -124  112  124
 117  118  125  110 -114 -115  125  119
 127 -116 -116 -113 -111 -125  107  123
-117   70  -86  109  119 -125  115 -111
-123  125 -124  125  115 -121 -112 -126
-125  -99 -116  102  113 -128  114 -113
 122  117  107 -125  115 -125 -122  117
-117 -126 -118 -121  -26 -128  115  -87
 123  118  120  113 -127 -123  111  124
 115  117  125  108 -114 -111  125  123
-124 -114 -117 -108 -117 -124  105  123
-117   69  -85  109  119 -125  113 -109
-123  124 -125 -128  115 -120 -113 -125
-127  -97 -117  103  114 -127  116 -112
 121  118  107 -127  116 -124 -123  118
-117 -128 -118 -122  -25  126  114  -88
 123  116  119  115 -125 -125  110  124
 114  116  124  108 -115 -112  125  122
-125 -116 -116 -108 -113 -126  106  122
-119   57  -80  116  116 -123  112 -114
-122 -126 -123  127  121 -118 -107 -124
-124 -100 -122  106  120 -126  113 -111
 124  118  106 -121  110 -127  124  121
-120 -127 -122 -126  -21  126  115  -92
 127  121  124  116  122 -126  108  124
 109  117  124  106 -116 -108 -128 -128
-116 -115 -118 -102 -121 -128  102  122
-121   49  -81  123  113 -127  115 -116
-124 -128 -119 -128  124 -123 -111 -122
-127 -101  127  105  124 -123  107 -114
 120  119  108 -113  113 -128  119  126
-120 -121 -117  127  -20  124  117  -98
 127  120 -127  121  122  122  117  127
 104  116 -128  108 -115 -105 -126 -124
-116 -115 -117 -102 -117  123  106 -128
-121   46  -81  123  113 -128  113 -116
-124 -127 -118 -126  124 -123 -110 -122
-128 -101  126  106  125 -123  107 -114
 120  120  109 -114  113 -128  117  126
-120 -122 -117  126  -17  125  116  -99
-127  120 -126  122  121  124  116  126
 103  116 -128  108 -116 -106 -126 -123
-116 -116 -118 -100 -116  122  104  127
-120   51  -80  124  113 -126  113 -117
-124 -128 -119 -127  125 -122 -112 -121
-126 -100  125  106  127 -122  107 -114
 120  119  108 -114  114 -128  119 -128
-120 -124 -118  126  -25  123  116  -99
 127  119 -128  121  122  119  116  126
 103  115 -128  108 -117 -105 -123 -125
-115 -116 -116 -100 -116  122  107  126
-120   50  -80  124  112 -127  113 -116
-124  127 -119 -127  124 -123 -113 -121
-128  -99  126  105  126 -122  107 -114
 118  119  109 -114  114 -128  120 -128
-120 -123 -116  127  -25  124  115 -100
 127  118 -127  122  123  118  117  127
 102  115 -128  108 -116 -105 -123 -125
-117 -116 -116 -101 -114  121  109  126
-117   78  -93  116  116  127  119 -112
-128  117 -120  126  119 -123 -127 -119
-128  -97 -123   99  114 -125  108 -117
 115  116  108 -119  127 -122 -118  124
-115 -120 -114 -121  -48  122  117  -92
 120  113  121  116 -119  115  122  127
 112  117 -127  111 -114 -113 -123  119
-126 -117 -113 -117 -110  125  119 -125
-116   88  -96  112  121 -124  118 -114
-124  121 -124  124  116 -123 -122 -122
-126 -101 -122  102  117 -127  116 -117
 119  117  109 -125  121 -123 -116  120
-117 -128 -119 -119  -49  125  120  -90
 119  120  116  114 -122  123  116  124
 117  121 -128  114 -115 -113 -124  117
-126 -118 -116 -116 -115 -125  110  125
-116   85  -96  110  120 -125  118 -111
-126  120 -124  123  115 -121 -123 -123
-127 -100 -120  100  113 -127  115 -116
 118  117  108 -125  121 -122 -114  119
-116 -125 -118 -118  -46  125  118  -88
 120  118  116  113 -121  125  116  124
 118  121 -128  114 -113 -116 -126  117
-127 -117 -115 -117 -114 -126  111  126
-115   85  -92  105  123 -122  114 -110
-123  123 -127  124  111 -119 -114 -126
-123  -98 -114  102  112  127  120 -112
 122  117  108  124  117 -123 -116  115
-116  124 -121 -117  -36 -128  116  -85
 121  119  114  110 -123 -121  109  122
 120  119  124  111 -115 -115  127  117
-126 -116 -117 -113 -117 -121  104  120
-116   83  -94  107  121 -123  115 -110
-124  122 -126  124  114 -120 -118 -125
-126  -99 -118  102  114 -127  119 -115
 120  118  108  127  118 -122 -116  117
-116  127 -119 -119  -37  127  118  -86
 121  119  115  112 -123 -125  111  123
 119  121  126  113 -115 -115 -128  117
-128 -117 -117 -113 -114 -123  106  122
-118   72  -86  110  120 -123  113 -111
-122  125 -126  127  115 -119 -113 -124
-125  -98 -118  104  116 -127  117 -112
 123  118  107 -127  115 -125 -123  118
-118  126 -120 -122  -28  126  116  -88
 123  118  119  114 -126 -125  109  124
 115  118  124  108 -116 -112  127  121
-123 -116 -117 -108 -116 -125  104  121
-116   77  -88  107  120 -124  113 -109
-123  123 -126  126  114 -119 -116 -124
-126  -97 -116  102  113 -127  117 -113
 121  118  108 -128  118 -123 -119  117
-117  127 -118 -120  -32  127  115  -86
 122  116  117  113 -123 -125  110  124
 116  118  125  109 -115 -114  127  119
-126 -116 -116 -111 -113 -125  107  122
-120   55  -81  118  115 -125  114 -114
-123 -128 -122 -128  122 -121 -110 -123
-126 -100 -125  105  122 -125  111 -113
 122  119  107 -118  112 -127  122  123
-120 -125 -119 -127  -20  125  116  -95
 126  120  126  119  123  127  113  125
 107  117  126  107 -116 -107 -128 -127
-118 -115 -118 -102 -117  126  103  124
-122   44  -82  123  113  126  113 -114
-125  126 -118 -124  124 -123 -114 -121
 125  -99  127  105  124 -122  107 -115
 117  121  109 -114  116 -126  117  127
-120 -120 -115  125  -15  124  114  -99
-127  117 -126  124  124  122  117 -128
 103  115 -128  108 -116 -108 -126 -124
-120 -117 -117 -102 -110  119  106 -128
-120   54  -82  123  114 -126  115 -117
-124 -128 -119  127  124 -122 -111 -122
-125 -101 -128  104  123 -124  107 -114
 121  118  107 -114  113 -128  121  125
-120 -123 -119 -127  -25  124  117  -96
 127  121 -128  119  122  123  116  126
 105  117 -128  108 -115 -106 -125 -126
-115 -114 -117 -103 -120  125  106  127
-123   36  -81  127  113  124  113 -115
-125 -127 -116 -121  125 -126 -110 -122
 125 -101  124  108 -128 -121  105 -115
 117  121  111 -114  115  127  107 -127
-123 -121 -115  120   -9  126  114 -106
-124  119 -121 -128  120  123  119 -128
 100  115 -128  110 -118 -107 -127 -117
-117 -117 -118  -99 -110  117  104 -127
-118   55  -82  121  112 -125  116 -119
-123 -128 -119  124  124 -122 -110 -123
-125 -102 -127  104  123 -125  107 -113
 122  118  107 -113  112 -128  125  125
-119 -121 -118 -126  -27  125  118  -96
 125  121  127  118  120  123  116  125
 106  116 -127  107 -114 -105 -126 -127
-115 -113 -118 -102 -121  126  107  126
-116   80  -92  110  118 -128  116 -107
-128  118 -123  127  116 -120 -125 -122
 126  -97 -118  100  111 -125  114 -116
 115  116  107 -125  125 -121 -116  120
-116 -122 -115 -120  -45  124  115  -90
 121  112  117  115 -117  121  116  127
 115  119  127  112 -113 -117 -126  117
 127 -118 -113 -118 -108  126  116 -128
-118   79  -90  112  121 -123  114 -112
-122  123 -126  126  117 -120 -118 -123
-126  -99 -122  104  120 -126  117 -115
 121  119  109 -127  117 -124 -120  121
-117  125 -120 -122  -38  125  119  -90
 121  119  117  114 -125  126  112  124
 115  120  125  111 -117 -112 -124  119
-125 -118 -117 -110 -115 -126  106  122
-117   85  -92  111  122 -122  115 -112
-123  124 -127  125  115 -121 -118 -123
-125 -100 -121  104  118 -127  118 -115
 121  118  109 -128  117 -124 -118  119
-117  124 -121 -120  -43  126  119  -89
 121  120  116  113 -124  127  112  123
 117  121  126  113 -117 -113 -124  118
-125 -118 -117 -112 -117 -124  107  121
-116   83  -93  107  121 -124  116 -110
-124  122 -126  124  114 -120 -118 -125
-126  -99 -117  102  112 -128  118 -114
 120  117  108  127  119 -122 -115  117
-116 -128 -119 -118  -39  127  117  -86
 120  118  115  112 -122 -126  111  124
 119  120  126  112 -114 -116 -128  117
-127 -117 -116 -114 -115 -124  107  123
-115   97 -101  108  126 -122  117 -112
-123  121 -128  124  112 -123 -121 -123
-125 -101 -120  103  116  126  122 -117
 120  118  111  124  119 -122 -113  117
-117  121 -121 -116  -49  126  122  -87
 118  123  111  112 -120 -127  113  121
 123  123  127  117 -116 -116 -125  114
 127 -120 -117 -118 -115 -120  104  121
-118   69  -86  111  118 -125  113 -110
-124  123 -124 -128  117 -119 -116 -124
-127  -97 -120  103  116 -126  115 -113
 120  118  107 -124  117 -124 -123  120
-117 -126 -118 -123  -28  125  115  -89
 123  116  120  116 -125 -128  111  125
 113  117  125  108 -116 -112 -128  121
-125 -116 -116 -109 -113 -128  107  123
-116   81  -92  108  121 -123  115 -111
-123  122 -126  125  114 -120 -117 -124
-125  -99 -118  102  114 -128  117 -114
 121  118  108 -128  118 -123 -117  117
-116  127 -119 -119  -36  127  118  -86
 121  119  116  112 -123 -125  111  123
 118  119  126  111 -115 -114 -128  118
-126 -116 -117 -113 -115 -123  106  122
-119   59  -83  117  116 -125  114 -115
-123  127 -122  126  120 -120 -111 -123
-125 -100 -124  104  120 -126  111 -113
 122  118  107 -118  113 -127  126  122
-119 -124 -119 -125  -24  125  117  -92
 125  120  124  117  124  127  113  125
 109  117  126  107 -115 -108 -128  127
-118 -115 -118 -104 -119  127  104  124
-120   51  -80  120  114 -126  113 -114
-124  127 -120 -128  123 -120 -111 -123
-127  -99 -126  104  122 -124  109 -112
 121  119  107 -116  113 -127  122  124
-120 -122 -118 -127  -21  124  115  -94
 127  119  127  120  124  124  113  126
 105  115  127  106 -115 -107 -127 -126
-117 -116 -117 -103 -117  124  106  126
-120   56  -81  116  116 -125  113 -114
-122  127 -122  127  121 -120 -110 -124
-126 -100 -124  105  121 -125  112 -112
 123  119  107 -118  111 -127  125  122
-119 -124 -119 -126  -20  125  116  -92
 126  120  125  118  123 -128  111  125
 109  116  125  106 -116 -108  127  127
-118 -115 -118 -103 -118  126  103  123
-122   39  -82  124  114  125  114 -116
-124 -124 -117 -124  124 -126 -107 -123
 127 -103  126  109  125 -123  107 -115
 120  119  110 -116  112  126  108  126
-123 -124 -118  123  -10 -128  115 -104
-124  121 -122  125  118 -128  117  127
 102  117  127  110 -116 -107  127 -117
-116 -115 -119 -100 -115  121  101 -127
-119   55  -84  123  112  126  114 -115
-127  123 -117 -126  123 -123 -120 -120
 127  -97 -128  102  122 -122  104 -115
 114  118  109 -114  122 -125  124 -128
-118 -119 -113 -127  -31  123  114  -99
 126  114 -128  121 -127  115  121 -128
 104  114 -126  109 -115 -109 -122 -128
-120 -116 -114 -106 -110  119  116 -127
