Shape: torch.Size([1, 144, 64])
Range: [-100, 127]
Mean: 0.2460

量化值陣列:
   3    3  -44   -5   -4    3  -43    0
   4    4  -31   13    4  -14  -12  -17
  -5  -28  -10   -7   43   -5   -5   41
  -5   27  -23    1    2   19  104  -39
 -41   11   22   -9   98    2   10  -20
 -16   -7  -17   29    4   -7   13   14
  19   -8   16   -5    0  -21   13  -18
  -4  -20   18   -5   33   40  -57  -43
   9    6  -48  -14    0   10  -40    0
   6   -2  -32   22    9  -19  -11  -21
  -8  -25  -15  -13   50   -2   -2   42
  -5   15  -39   10   -4   13  107  -50
 -29   12    1   -6   92   14   12  -21
 -13   -1  -27   31    6   -2   18   16
  20   -4    4  -10    2  -20   12   -2
  -3  -21    4    2   32   43  -50  -43
   4    5  -41    5    3    0  -49   -1
  15   -2  -35    7   -7  -19  -15  -33
  -9  -27  -13   -7   45   -1    3   48
   4   18  -36    7   -2    2  105  -38
 -27   15   11  -12   99   -1    0  -16
 -15    7  -24   26   -2   -2   21   13
  17    2   10  -16    5  -17   10   -8
  -3   -8    7    8   35   35  -51  -43
  12    2  -44   -9    1    1  -39    2
   8   -1  -40   21   -1  -15  -19  -24
  -9  -26  -16   -6   45   -5    0   30
   1   24  -35    8   -4   20  105  -54
 -36   16    6  -10   98    2   12  -12
 -22    3   -8   23    8   -3   14   17
  24   -9    5  -25   -9  -11   14    0
  -5  -11   15    5   33   39  -54  -35
   3    0  -48    0   -3   -3  -47   -1
  10    1  -35    0   -2  -16  -18  -18
   2  -30  -12   -5   35    6   -6   50
   2   16  -44    1    0    7  112  -32
 -30   20   14  -16   91   11   14  -19
 -23    1  -12   24   10   -5   10   18
  20   -6   14   -8    3  -12   12   -7
  -7  -16   19    9   19   44  -56  -41
   5   -3  -54  -10    3    0  -42    0
   9   -4  -29   12   10  -15   -6  -13
  -5  -22  -14   -7   35   -1   -3   25
  -1   15  -28   -4   -3    2  110  -37
 -31   18    8  -12   98   10   11  -13
 -15    1  -29   28    7   -2   15   23
  19   -9    1  -10   -1   -7   13    1
 -10  -13   19    7   22   48  -56  -45
  -7    0  -53    1    2    3  -43    6
  11   -2  -30   10    1  -19    0  -20
  -5  -26  -11    1   41   -4  -12   36
 -12   12  -33    6    0    2  112  -39
 -22   14   11   -7   98    9    5  -17
 -17    0  -11   18    7   -2   14   22
  19   -5    0   -5   -5  -15   16    0
  -4  -16   13    4   21   42  -59  -45
   9   -1  -53   -3    1    6  -40    6
  11    1  -32    2   -3  -11   -8  -20
  -9  -29  -18    0   40  -11   -3   35
  -8   15  -25    0    0    5  113  -31
 -30   18    2  -11  100    6    5  -14
 -11    0  -21   17   -2    4   12    7
  18   -8    3  -14   -4   -8   25    4
  -7  -21   21    7   23   44  -54  -35
   3    0  -51    3    0    8  -40   -3
   7    0  -25    1    5  -10  -11  -18
  -7  -28  -15    0   33   -9   -5   35
   0    7  -29    4   -1    7  115  -30
 -33   18    3  -12  100    9    5  -10
 -21    3  -14   22    6   14   11   14
  15   -6  -11  -14    2    0   14   -5
 -13  -12   25    0   20   45  -60  -39
   2    0  -53  -11    1   -2  -35    3
  11    3  -38    5    5  -15  -10  -13
   2  -21  -16   -4   31    1   -8   21
   0   17  -25    5    5   -5  109  -30
 -27    4    8  -17  100    4    0  -10
 -22   -1   -3   11   13   -7    4   23
  19   -9   -4  -18    3  -11   14   -2
   1   -6   29    9   26   52  -63  -43
   7    3  -52   -3    6    0  -34    0
  17    0  -30    8    0  -28   -4  -10
  -4  -26  -11   -5   36    3   -4   36
  -4   10  -20    4   -7   -4  113  -32
 -16   17   -3  -17   98   11    5  -21
 -23   -7   -6   12   -4   10   12   20
  15   -5  -10   -9    2   -1   18    6
 -12  -19   19    0   25   44  -64  -42
  11    2  -50   -1    0    7  -31    2
  18   -4  -28    5    4   -5   -3  -10
  -4  -26  -14    2   29    1   -7   23
  -1    1  -30    3    3   -2  114  -36
 -27    5    4  -22  100   10    6   -8
 -24   -3  -10   10    0    0   -2    5
  18   -3   -7  -17   10   -8   12  -10
  -3   -2   29   11   18   48  -63  -43
  -1   -5  -43   12   13   -1  -22    0
  17    1  -31    7    0  -17   -7   -7
   6  -38  -22   -1   38  -11    0   21
  -9    5  -22   -6   -3   -5  119  -25
 -16   20   -4   -5   97    5  -11   -1
 -16    0   -8   13    0   -1   -2   24
  12   -5  -14  -13   15  -13    2    2
 -14  -13   26    0   22   49  -62  -34
  -2   -1  -45   -5    8   -2  -44    5
  14   -1  -41   15    8   -7  -10  -16
   2  -26  -13    3   35    0   -5   29
  -2    2  -20    0    0   -1  110  -30
 -29   20   -4  -13  103   -4  -10  -11
 -19   -2   -6   24   -1   10   11   11
  14    1   -4  -17    0   -8   15   -3
  -4   -6   25    4   24   41  -62  -43
  11   -5  -49    1    3    0  -20    1
  16    0  -30    1    1   -7   -5  -12
   9  -27  -21   -7   32   -5   -6   26
 -10   13  -25    6   -1    3  115  -33
 -21   19   -9  -10  105   -1   -6  -12
 -21   -5   -6   13    5  -19   10   15
   8   -5   -7  -14   13  -10   11   -7
 -10   -3   18    9   22   52  -57  -33
   4    0  -48   -3    5   -9  -34   -2
  13   -4  -29    2    6   -8    1   -7
  -1  -32  -16   -8   33   -8  -10   32
   6    9  -32    2   -3   -4  116  -27
 -22   10   -2  -16   99   -2   -1  -11
 -15   -1   -4   16    7    7    6   12
  13   -2   -5  -18   14  -12   10    3
  -5   -1   25    4   21   48  -62  -40
   0    5  -49    0    6    0  -35    0
  15   -6  -29   14    7   -4   -8  -16
   1  -33  -17   -1   31    0   -5   25
  -3    8  -16    2   -4   -9  114  -32
 -15   11   -2  -14  104   13   -8    0
 -31   -6   -3    6    7   -2    6   22
  10   -1  -16  -14   12  -16   17   -7
 -17  -13   34    0   18   44  -62  -28
   4   -4  -48   -9   13   -3  -27   -6
  19   -1  -28    7   -5  -11    0  -12
   0  -33  -15    0   30    0  -17   16
  -6    8  -23    1   -6   -7  115  -26
 -23    5    1  -18   98    4    8  -10
 -21    1   -1   17    6    6    3   13
  17    9   -9  -12    5   -7   16   -3
 -13    0   29    9   18   52  -64  -43
  -4    4  -52   -6    5    6  -28   -1
  13    0  -27    1   -6  -10    0  -14
   2  -26  -22    4   26   -5  -13   22
   0    6  -23   -1  -11   -9  119  -27
 -17    8   -5  -19  100   12    9   -3
 -23   -7    0    9    0    3    3   12
   3    5  -10  -11    7    3   14    1
 -16   -8   36    6   20   52  -57  -35
  -3    0  -53   -3    9   -6  -28   -4
  21  -10  -17    9    0  -13   -5   -6
   4  -28  -18    1   28   -2   -7   21
  -7    5  -20    3   -9   -4  120  -26
 -16   12   -1  -14   99    2    5   -7
 -19  -15    0    9    6    8    0   20
   2    2  -18  -17    7   -2   16   -1
 -13   -3   33    1   25   49  -56  -43
  -3    2  -50   -4    5    0  -20    0
  18    0  -23    7   -2  -22    5   -7
  -4  -29  -17    0   29    5  -17   16
  -8    9  -22   -6   -5    0  115  -26
 -10    3   -6  -19  104    7    1  -12
 -23   -5   -4   14   -2    0    1   13
  11    0  -14   -9    5   -4   22   -1
 -21   -4   31   14   18   51  -60  -36
   0    0  -50  -10    8    2  -24    0
  13    2  -26    7    0  -18    1   -6
   8  -30  -17   -7   31   -7   -8   22
  -7    1  -24   -5   -8  -10  117  -25
 -15    3    0  -19  101   14   -2   -6
 -11   -4   -5   13    4   -9    6    6
   6    6  -13  -10   14   -5   14    4
 -15  -11   30    5   16   57  -63  -33
   3    5  -53   -2    6   -1  -20   -2
  19   -1  -26    0   -4  -26   -3  -11
   4  -34  -21    5   29   -2   -7    8
  -8   10  -26   -5   -2   -4  115  -31
  -9   14   -9  -19  103    2    0   -6
 -18  -12   -4    9    8   12    1   13
  12    7  -14  -11    1    5   16    1
 -13   -4   34   11   20   43  -59  -36
   2   -3  -51   -4    5   -6  -19   -5
  16    1  -24    3    0  -16    8   -7
   1  -37  -24    1   28   -5  -11   23
  -3    2  -20   -4   -5   -5  118  -24
 -12   13   -9  -14   99    6   -2   -5
 -26  -12    2   12    2    4   -1   14
  14    6  -16  -16   11    8   11    0
  -9   -9   38   10   18   46  -60  -33
  -1   -8  -50    0   12   -6  -19    3
  22   -3  -21    3    6  -13    5  -12
   5  -35  -13    0   30    0   -7   23
  -6    0  -23   -5    1   -7  122  -25
  -8   15   -7  -16  101   -4  -13   -5
 -18   -5   -9   25    0  -15   -8   12
   6   10  -11   -9   16   -8   21    0
 -23  -10   23    4   10   41  -61  -31
   6   -1  -42  -10    8    2  -21    0
  22   -1  -30    8    0  -14   -2  -17
  -1  -35  -19    0   19    0   -8   17
  -8    0  -19   -2    0   -2  119  -20
 -20   15   -7  -17  106    7    7  -10
 -18   -7   -5   14   -3   -4   -6    5
  19    6   -6   -9   -4   -2   13    6
  -8  -12   32    2   12   48  -61  -31
  -3    0  -49    6   12    7  -15    2
  21    5  -25   -1   -4  -14    2   -6
  -1  -33  -22   -1   28    5  -15   13
 -11    2  -17    4   -2    0  120  -34
  -8    3   -1  -12  101    0   -6   -3
 -19   -5   -4   11    3   -9   -3    5
   2    1   -9  -15    7   -5   15    6
 -11   -7   35    2   11   46  -63  -37
   3   -1  -52    8   12    0  -16   -2
  16    0  -31    6    2  -23   -5   -7
   0  -27  -18    0   27   -3  -12   17
  -3   -3  -20    0   -3   -5  123  -31
 -13    9   -7  -20   92    9    0   -5
 -18   -8   -5   10   11   -6   -2    1
  12   11  -17  -10    5    0   17    0
 -17    3   32    9   11   58  -64  -37
   9   -1  -46   -1    7   -2  -22   -2
  23   -1  -26   18    1  -22    1  -11
   5  -32  -24    7   28  -10  -12    9
  -6    5  -25    0   -7   -5  116  -24
 -12   11   -6  -22   96    5    5   -6
 -24    0   -1    9   15    3   -3    4
   4    9   -8   -9    8   -2   13    5
 -21  -10   32    8   18   51  -67  -35
   0    0  -49    3    7    7  -20   -2
  15    0  -29    4   -1  -21    1  -10
   1  -34  -20    0   28   -7  -16    7
  -7   -6  -20    1  -11   -2  118  -25
 -12    7   -8  -10   98    2   -1  -16
 -13   -6    0   14    8    6    0    8
   9   14  -11   -4    4    4   19    3
 -17   -4   32    9   18   54  -65  -35
   2   -9  -48    7   11   -4   -9    2
  23    6  -20    4   -1  -28   -7   -9
  -2  -35  -23    5   34   -7  -11   12
  -9    3  -19   -3   -8    7  116  -27
  -9   -1   -8  -16   88   -1  -17   -8
 -17   -1   -2    4   18    0    8   15
   7    1   -8   -1    9    2    6    2
 -20  -10   37    8   37   56  -71  -35
   0  -15  -42   11   12   -5  -23   12
  14    6    8   15   -7  -67    0  -13
   3  -50  -20    0   35   -3  -12   10
 -33   -8  -19    4    1   18  113  -25
   5    8    8   -9   89   -8  -17   -2
 -32    1    5   21   16   -7   -3   -6
   6    7    0    4    0   24    5  -10
 -28  -19   33   16   14   48  -48  -37
  -1    0  -56   -4   13    4  -26    0
  17    3  -19    5   -4  -22    1   -7
   2  -37  -19    0   36   -8  -13   11
 -19    8  -22   -6   -8   -5  118  -20
 -17   17   -8  -13   96    1   -6   -6
 -26   -4   -2   15    9   -1   -3   13
   7    7   -9   -8   14    1   14    0
 -10   -3   36   15   17   41  -61  -34
   6   -4  -56    2    6   -8  -22   -5
  21   -5  -22   10   -4  -18    6   -8
  -1  -35  -20    1   25  -13   -5   -1
  -3    8  -18  -10    0    4  116  -21
  -9    6   -2  -13   97    4    4   -4
 -20    0  -11   13   10   -1    0   -1
   7    4   -7   -8   11    2   15    3
 -12  -12   39   11   14   53  -65  -37
  -7   -7  -46    1   11    1  -22   -3
  21    4  -16    9   -1  -25    3   -8
   8  -31  -19    0   28   -5   -9   15
 -12    0  -20    3   -5   -8  120  -21
 -11   16  -11  -15   97   -1    3   -4
 -18   -3   -3    5    1   -5   -5   -2
   3    7   -7   -3   11    3   18   -2
 -14   -8   29   11   18   55  -67  -42
   6   -2  -56    0    7    2  -23   -8
  25    2  -21    8    5  -21    1  -11
  -1  -31  -18   -2   30   -4  -17   15
  -2    3  -13    0   -9   -9  120  -17
 -12   15   -3  -14   98    6   -5   -4
 -33   -1   -1   10    5   -4   -5    8
   8    6  -14  -11    8    8   13   -1
 -20    0   34    5    8   48  -59  -37
  -7  -11  -40    4   12   -9  -20    0
  11   -1  -21   12   -3  -14   -1   -6
   0  -43  -18    4   31   -4   -7   19
 -12    8  -31    2   -3    2  119  -19
 -19   23    5  -14  102   -7   -5  -10
 -15   -2   -6   36   -3  -12   -5   13
   6    0    1   -2   10  -11   11   -1
 -12  -16   30    0   19   40  -59  -34
 -12    0  -39    0   11   -6  -19   -4
  12    5  -15   11   -6  -20    1   -7
   2  -46  -23   -6   29   -4   -4   22
  -2    0  -36    1    0    3  119  -29
 -10   13   -3  -10  101    0    0   -3
 -19    2  -11   20    6   -5   -6    3
   9    2    0    0    7    4    7    0
 -16   -9   24    1   18   49  -58  -35
   0   -9  -46    4    5    1  -27   -4
  18    0  -27    9   -4  -28   -5  -12
   4  -39  -17    4   30    2   -7   14
   0    5  -22   -2    0    0  116  -29
 -14   14    0  -15   97    4  -16  -12
 -22   -4   -2   15   -2  -11    1    7
   5    8   -9   -2    6   -3   18    5
 -16    0   33   14   14   57  -67  -27
 -11  -11  -52   -1   13   -2  -12    0
  17   -2  -21    7    0  -27    5  -14
   8  -37  -20    0   31   -3   -9    8
 -13    7  -25    1   -2    3  121  -23
 -12    7   -1  -22   96   -5    3  -13
 -27    2  -10   14    3    6   -4    8
  11    1   -2   -6   12   -2   11    3
  -5   -5   35    6   20   51  -56  -33
   6   -8  -50    6   15    3  -25    0
  19    0  -21   11    2  -28  -10   -2
   2  -32  -21    0   33   -3  -11   18
 -12   -4  -18   -1   -6   -2  119  -23
  -7   17   -2  -14  100   -3  -11  -10
 -21   -8  -11   10   12    8   -7    2
  12    2  -10   -8   10   -2   16    0
 -15  -14   29    9   11   54  -59  -31
   2   -4  -49   -3   13    3  -18   -1
  16    0  -21    6   -5  -24   -6   -7
   5  -40  -19   11   24   -4   -8    3
  -6    6  -23    4   -1    3  119   -9
 -19    4   -3  -16   99    6   -4   -7
 -23   -8    0   16    4    8    7    9
  11    3  -11   -4    9  -11    5   -2
 -19   -7   29    4   24   51  -63  -39
 -22  -27  -32   13   20  -11  -13    8
  14   17   22   37  -13  -79   -8   -5
 -21  -68   -3   19   31    9  -14   34
 -45    0    0   -6  -17   16   82  -54
   3  -18   16   -6   31  -18  -38   -2
   6   33  -16   37   31  -18    9   -4
   8   -6   47   50    3   26  -12  -22
 -35  -25    0   23   72   39  -52  -13
 -38    2   35  -46   24  -35  -20   -9
 -13    0    3  -31   24  -14   11  -15
  91  -22    0   -8   -2   47   -5   20
  22   -8   -2  -13    9   -9   42   -5
  16   32   -3  -10   85   -8  -20    6
 -15  -24   42   88  -17    6  -40   20
   0    7  -11  -29   13  -39   -7   -6
 -20   22  -35  -11  -74  -30   -1   10
 -10  -23  -30   13   23    0  -26    2
  20    4   12   30    4 -100   15   -5
  16  -54  -18   -4   22    5    4   14
 -41   -5  -26   27    0   18  110   -4
  14   -4   35  -13   78  -18  -33   -3
 -25   -7    4   16    5  -24  -11  -20
  -4   10    0   17   25   26    0  -17
 -26   -6    4   11   -8   27  -27  -21
  -1   -2  -52    2    4   -5  -17    8
  20    5  -16   13   -5  -32   -1   -8
  -1  -38  -21   -3   35    0   -4   15
  -8    2  -14    3   -6    2  121  -27
 -16   18   -3  -13   93   -1   -8   -6
 -29   -5   -3   16    8    0    2   -1
   9    3  -13   -6   10    1    8    0
 -11  -12   33    8   20   46  -64  -37
  -6   -7  -52    5    8    0  -32    7
  22    0  -20    7    8  -30    1   -9
  -3  -41  -14   -5   30   -9   -3   29
 -15    8  -20    4   -6    4  118  -27
  -3   14    0  -11   99    1    0  -13
 -16   -4   -5   14    5   -6   -3   13
   4   -3  -14   -5    2    0   16    1
 -16   -7   24   11   11   49  -59  -36
  -1   -3  -57    3   15    1  -21    4
  12   -2  -19   13   -5  -26   -4   -9
   1  -34  -20    0   29   -6   -6   17
 -22    1  -18   -2  -12   -3  119  -19
 -12    3   -9  -12   96    1  -11   -6
 -18   -4   -4    4   10  -12    5    6
  11    7   -6   -6    6    5   21    1
  -5   -9   31   12   21   58  -60  -38
  -8   -9  -41    6    6    1  -16    0
   5   11  -21   16    3  -25    1   -6
   6  -38  -18    2   37    4   -5   12
  -3    1  -27   -6    6   -3  123  -23
 -15   21  -11  -11   99   -7  -17  -13
 -14    0  -12   13    0   -1   -7   -5
   6    4    3  -11   14  -10   15   11
 -22   -1   24    0   18   44  -59  -35
  -1  -15  -40    1   12   -7  -22    2
  11   -2  -22    1   -8  -29   -6   -7
   1  -37  -23   -1   36   -5   -8   23
  -4    0  -20   -1    2   15  127  -25
 -14   26    1   -8   93  -12  -16   -1
 -27    7   -7   28   11    0    0    8
   9    3   -1   -2   12   -2    0  -10
 -19   -3   29    2   13   40  -61  -30
  -1   -4  -42   10   11   -6  -24   -1
  14    6  -23   14   -3  -30    0   -9
   7  -40  -17    8   41   -3  -13   20
 -15    2  -23    0    8   -2  116  -15
  -6   27   -7  -12   98  -16   -7  -14
 -18   -3  -10   24    6  -14    5   12
   4    4   -3  -11    6   -7    9    0
 -18  -15   35   -6   17   42  -63  -31
  -2   -9  -43   -8    8   -4  -17   -3
  20    3  -17   13   -1  -21    2  -17
   4  -43  -24   -1   33    0  -10   13
 -12    8  -15    1    0    8  119  -28
  -7    8   -2  -14   99   -1  -10   -3
 -20    0  -13   13    8   -4    3   15
   4    5   -5   -4   24  -19    7   -1
 -25   -7   29    7   22   44  -59  -32
  -1   -8  -46    6   12    0  -23    3
   9   -1  -16   17   -6  -28   -8   -8
  -1  -39  -22    1   36   -3  -17   11
 -13    1  -28    7   -6    1  116  -16
 -11   24    0  -10   99   -5  -11  -12
 -27    2   -4   23    4   -5   -5    9
  16    5    0   -4   21   -5   14   -5
 -27   -6   26    1   19   52  -58  -34
 -14  -10  -45   11   13    0  -21    4
  14    8  -20    1  -15  -25  -12   -8
  -3  -45  -22   12   29    3  -12   19
 -13   -4  -17   -1  -13    5  115  -29
 -10   15   -8   -8   90    6  -15    1
 -15    6  -10   20    9   -3    0    5
  13    3    0    0    4   -1    8   -9
 -25   -8   41    4   38   56  -67  -30
 -33   -2   32  -47    0   -3   -8  -19
  17    3    4   50   43   29    0    0
  56   -8   15    2  -40   36  -17   50
  22   20  -38  -27  -23    7  -31  -64
 -49  -10   36   19   -9  -43  -53    2
  73   14  -47   67   -7  -13   22   58
  -8  -39   57   49    0  -49    6    5
  -4   -5  -56  -19   26  -21    1    5
 -16    8   32  -56   -8  -24   -4  -20
   0   17   -8   23   38  -31    9    4
  99    0   14  -13  -24   30   24    1
 -20   -3  -23   18   35   36  -24   14
  13   -2   33    5   25  -31  -30   -4
  30  -25    9   46  -21  -30  -16   29
 -13  -24   22  -20   25  -31    0    4
  19    0  -68  -30  -77  -57   51   29
  -4    9  -21  -51   10   -6  -15  -25
  19   -4  -38   14   28   25   17  -14
  52  -15  -14   -7  -19   13   -1    4
  30    8  -35  -17   23   -5   89  -10
 -10    4  -10  -10  114    9    7  -16
  -4  -24    4   17  -21   -8  -28   34
 -11   -1  -32   -6   10  -36   13   32
 -12   18    5  -12  -45    7  -32   -9
  -6    0  -46    3    5   -1  -16    0
  20    0  -24    5   -8  -15    3  -19
  -1  -34  -21    0   39   -3  -13   12
  -5    1  -26    5   -1   -3  119  -20
 -11   11   -6  -10  100    5   -3   -2
 -32   -9   -5    9   11    6   -5    2
   4    3   -2  -17   13    2   10    5
 -12   -3   31    6   15   49  -63  -35
   1   -5  -50   -2   15    4  -38    3
  18    1  -27   18  -10  -24   -7   -4
   1  -37  -17    1   31   -4  -19   25
 -13    8  -14   -6    0    3  119  -23
 -16    5   -9  -16  100    0  -10    0
 -19    6   -4   15    6    0    4   15
  14   -3    2   -6    7   -4   11   -4
 -12  -16   31   10   19   37  -58  -39
  -1   -5  -48    5   10   -4  -33    3
  16    6  -23   12   -3  -31   -1   -9
  -1  -38  -19    2   29   -2  -15   25
 -13   -1  -26   -4   -4   -3  117  -24
 -14   -3    0  -15   95    0   -2   -3
 -14    2   -9   22    8    0    8    8
   5    0    4   -4   10    5    6    6
  -8  -13   30    4   25   52  -65  -37
   1  -14  -41   10    9   -5  -35   -1
   7    6  -19    2   -5  -36   -5   -7
  11  -55  -16    1   47   -5   -7   28
 -23   -6  -31   11   -6   13  108  -45
 -20    2   -2    3   85  -12  -14    4
 -10   15  -15   62   14  -17   -8    8
  16    4   28    8   21   -3    9  -10
 -28  -20   15    3   18   42  -53  -22
  -4  -13  -30    6   10    4  -44   -3
   0    5  -21   38    0  -48  -34  -23
  22  -40  -17  -11   55   20    1   37
  -8   15  -44   11   -9   10  108  -56
 -23    8   24   10   75  -19  -25  -26
   0   14  -17   66   12   -3   28    4
  14   -8   28    0    0    3    1  -13
 -19  -32    2  -14   24   19  -32  -23
  -8  -15  -29   10   12   -8  -42   -6
   0   10  -13   39   -5  -70  -29  -21
  10  -54  -15   -5   51    6    4   36
 -13   15  -51   25    8   23   89  -34
 -14   15   16    1   81  -28   -4  -19
   4   10  -21   78   13  -29   27   28
  20   -7   38    0    5   -8  -12   -7
  -6  -31   -6   -1   19    5  -28  -27
 -15  -18  -45   10    9    0  -33    2
  14   12  -12   22  -11  -56    1  -14
   9  -51  -19   -3   44   -5   -9   25
 -18    5  -22   11    3   18  112  -34
   0   29   13   -7   87   -5  -19   -4
 -23   -2   -2   40   23  -22  -18   17
   8    5   13    9   11    9  -15   -9
 -21   -9   16    0   10   36  -49  -32
 -12  -13  -36   -2   15    1  -23    0
  10    3   -6   17    0  -37   -3  -19
  14  -51  -19    3   29    2   -4   35
 -19    8  -31   11   -9   14  118  -35
  -6    2    1   -3   87  -16  -23  -21
  -3    7  -18   40   10  -16   16   12
   1    0   11   -8   27  -10   -2    1
 -18  -11   15    4   26   36  -64  -19
 -22  -17  -40    5   18  -15  -31   -4
  10    7  -17   18   -5  -40   -2   -7
   0  -51  -19   -7   33   13  -10   20
 -18    2  -31   -4   -8   12  111  -21
 -11    8    0   -3   91    0   -7    1
  -2    0   -7   33    8    2   -1   20
  12   -6   17    3   12    6    6    0
 -23    7   22   -5   32   44  -61  -41
  -6    9    0  -58   -7  -23  -37  -21
  -7  -10  -21  -30   14   48  -13  -49
  18  -12    8   11   11   54  -30   36
  27    8    0  -13    2    5   51  -41
 -35   19  -18   -8   95  -18  -22    6
  30    0   10   84   -3   18    0   57
  22  -23   16  -21   15  -73   -2   -3
 -16   25   -9   -1   15   -1  -44  -12
 -18  -16  -15  -21   17  -11  -15   -3
   0    8    7   -5    8  -48   36  -19
  48  -36  -18    0   26   22    7   42
 -18   -8   -3   14    1   23   63    4
  24   16  -20   21  105  -43  -34   28
 -14  -35   23   81   15  -27  -40   10
 -27   -3    2  -24  -19  -10  -16    5
 -24   14  -15   -5  -60    2   -7   -4
  -1  -15  -39   23   12   -7  -16    2
   2    0  -14    4   -1  -41    4   -5
  -1  -56  -22   -2   31    5   -1   13
 -22    0   -9    5    0   19  122  -21
   0   17    4   -6   96   -3  -14    2
 -25  -14  -11   24    8   -8  -18    4
   6    7   -1   -5   15    1   -3   -2
 -23   -7   35    1   11   40  -48  -32
  -2  -13  -41    5    7  -12  -21   -7
  17   -2  -11   22    2  -41   -2  -11
   3  -43  -17    0   34    0   -3   11
  -7    3  -22   -1   -2    3  123  -23
 -12   10    8   -6   94   -4  -22  -13
  -5    9  -11   22   11  -15   -1    0
   9   -4    3    1   14  -10   -3    0
 -20   -9   33    8   23   46  -59  -31
  -9   -7  -34    8   17   -4  -33  -12
   8   11  -26   32    0  -38   -8   -6
  15  -42  -19   -1   26    8   -5   14
 -10    0  -39  -12    0   29  113  -39
 -10   21   13   -8   94   -3  -11  -10
 -15    2  -22   47   12   -4   11    1
  16   -7    4   -5   11   -4    6  -13
 -11  -12   20    4   20   25  -57  -32
 -11   -9  -44  -10   -1   -5  -39    0
   8   12  -21   15    0  -37    2  -17
  -6  -38  -17    0   45   -2   -6   29
  -8    1  -40  -22   10   10  108  -26
 -17   27    2  -13   99    0  -13  -10
  -8    2   -8   34   12    0    0   15
  29   -6    6   -9    5    5   16   -8
 -12  -16   29    1   11   46  -54  -26
 -11    2   -8   -6  -12    9  -69   -7
 -20    5  -36   28    4   -2   -8  -37
   1  -18   -3    1   68   35    3   53
  10   37  -53   15    2   22   59  -33
 -38   16   21    0   86  -35  -19  -16
  -3    0  -25   95  -17  -11   15   16
  18  -10   36  -19  -15  -30   -2  -13
   6  -51  -21    2   31   11  -28  -27
 -13    5  -13  -18  -12  -10  -48   -7
 -24    1  -32   12    9  -13  -25  -37
   0  -16    5  -16   68   14    6   63
   3   36  -57   14   -9   53   52  -56
 -50   25   21    0   80  -16   -4  -21
   4   10   -6   78   21    6   17   28
  20   -3   60   -9  -13  -19    9  -31
  -5  -38  -23  -14   27   11  -35  -34
   0    1   -1  -15  -11    8  -62   -2
  -4   -6  -30    7    5   -5  -10  -37
   6  -12   -3   -5   61   22   -8   73
  18   28  -54    6   -1   16   66  -50
 -49   24   26   15   79   -1  -18  -21
  -4    5    0   80   -7   40   18   20
  27  -14   43  -36  -13  -31    2  -38
   2  -27  -35  -25   22    9  -35  -29
  -4   -4  -23  -21   -3  -14  -49  -16
  -9    3  -38    4   15   -1  -16  -26
   5  -14   -9   -4   50   23    2   47
  20   29  -39   20   -1   41   95  -36
 -40   14   22   -8   96   -6  -24  -19
   2    1   -7   62  -19    3   18   19
  27  -10   25  -31   16  -36   -2   -7
 -12  -19  -12  -18    0   16  -44  -15
  -7   -5  -30  -12   11  -19  -48   -6
  -4    6  -48   26    7  -25  -26  -29
  18  -39   -3  -15   52   22   -4   64
 -11   20  -42   -9   -6   28   81  -43
 -25   32    4   14   88  -21  -14  -21
 -11   16  -29   63   20  -18   -2   33
  16    3   39   -6   15  -24    4  -27
   1  -22   -2   -3   26   32  -43  -21
 -20  -12   12   12    7   -3  -32   -5
 -13   13   28   25  -29  -83  -33  -14
  16  -43   15    0   28   10   -7   61
 -38   13  -15   12   -1   80   18  -40
 -13  -40   47   13   12  -27  -67  -24
  46   23  -30   89   36  -52   22    1
  24  -20   76   24   17   20  -29  -39
 -11  -19  -19  -10   43    3  -22    2
 -35   26   37  -13  -10   -5  -20  -19
 -10    2    1   30   13   36  -19  -15
  51   26   23    0  -23   37   -4   23
  45   32   -5   24    3   35  -69  -26
 -28  -31   32   20   -6   -8  -37  -35
  56    0  -16   65   -2  -19   13   58
 -11  -26   52   -6  -15  -28  -12  -11
  22  -32  -79  -13  -18  -51   -2   36
   1   31   39  -41  -11   11  -32  -20
  -7   -3  -14  -12   30   43  -24  -35
  56   25   10  -13  -26   32    6   11
  68   17  -32   19   15   -1  -39    4
 -23   13   20    9   49    0    5  -33
  47  -34   11   38  -12  -26  -23   48
  -5  -25    0   -6   11  -41   -3   -9
  24   15  -60  -17  -67  -65   32   23
 -35  -24    9  -18    5  -22   -9  -22
   9   -1   10   44    2  -73    7    0
  88  -41    2    0   17   67   13   53
 -14   17  -34   13   21   44   27   -7
   5  -15   33   -6   51  -40  -25  -26
  30    4  -20   95    3  -33  -13   -8
  -8   -1    1   -8   49  -15  -14   -5
 -12  -10  -52    0  -36  -46    0    0
 -18  -22  -23    9   26   -8  -29    1
  12   13    5   22   -2  -90    0  -16
  20  -56  -18   -3   48   17    1   21
 -36   13  -30   19    8   23  107  -16
   1   17   21    4   78   -7  -29    3
 -26   -1  -12   60   14  -23  -12   -6
   4    0   19    0   -7    4  -24   -5
 -15  -16    3   -5   -2   21  -32  -25
 -12   -6  -35   -9   13   -4  -38    0
   4    5  -20   17   -7  -20   11  -11
   4  -51  -10   -7   48    7    1   36
   9    0  -37   14   -2    1  108  -32
 -16   24    1    1  100    0  -10   -9
 -26   -8   -3   51   -1    2  -16    2
  15   -5    8  -20   21  -24   -2    9
 -24    0   15  -15   23   17  -54  -25
  -6    7  -38   -8   18  -13  -34  -15
  15    5  -19   23   19   -8   -1  -29
  16  -32   -9   -5   18   11  -17   33
  -4   19  -31    0    8   23  105  -26
 -30   -5    3    5  108    9  -16  -15
 -20   -4   -6   51   -6  -15   -7   19
  23   -9   -3  -22   -1  -25   11   -2
 -20   -8   -3    2   16   25  -44  -40
 -24    3  -18   -2    7    1  -37    0
   4    2  -29  -15    3  -32  -25  -13
  35  -33   -1  -11   60   13   15   47
   7   15  -22   -7    2   21   72  -46
 -24    7    0    3  101  -16  -22   -1
   4    0   14   86    8  -33   -7   21
   9   -8   13  -30    2  -44    3   -4
 -22   25   -5  -21   -8   23  -59   -9
 -21   -3   -1   -4   -3   -6  -39  -28
 -14   13  -23  -27   18  -10  -20  -17
  13  -38  -11  -10   59   36    3   48
   4   35  -26   10   -9   30   68  -47
 -24   17    8   21   80  -31  -30   13
  17   10    1  105    5  -40  -10   12
  18    8   27   -2    3  -24   -4   -7
 -36   -4  -21  -18   20    2  -49  -31
  -2  -10  -16    6    9   -6  -43    4
   8    7  -26    0   -2  -36  -16  -21
  45  -36  -11  -19   63   36    7   31
  -2  -11  -34   -9   -8   52   71  -49
 -15   21    4    5   95  -31  -33    2
  32  -15   -5  100  -20  -44   -2   16
  10    4   17  -34    2  -15  -21   -6
  -7    7   -5   -9    1    2  -19  -18
 -27  -21  -10   18    6  -20  -20   -1
  -8   18   26   10  -38  -81   -7  -13
  11  -53  -10    0   59    8   -4   11
 -39   -8   -9   24  -12   69   50  -46
   6  -14   18   20   32  -13  -50   18
  27    5   -5  109   23  -21    2  -19
   4   -4   84   31    6  -10  -40  -29
 -33  -15    3    3   36   20  -29  -12
 -34   -3   39   21    8  -25  -18   -2
 -15   -1   39   35  -14  -80   -8    2
  33  -33   16    4   28   39    9   22
 -26   16  -18   22   -6   62  -46   -9
 -13  -18   57   13  -34  -44  -36   -8
  44    9  -43   78   30  -30    8   -8
  16  -24   57   43    5   32  -18  -44
 -13  -23  -56   -5   -4  -28   33   11
  -6   10   28  -17  -11   16  -53    5
 -28    2   -7  -15    4   26  -22  -32
  11   20   10  -22   30   39   10   46
  59    1  -42   26    0   43  -32  -26
 -46   -1   10   15   54  -24  -23  -17
  30  -18   24  114  -23    1   19   34
  13  -30   44  -45  -15  -48  -12  -42
  19   15  -46  -16  -17  -33   11   -4
 -17   10    6  -64  -13    3  -71  -15
 -21    1   -4    1   19   -3  -36  -39
 -15   10    2   -9   67   18   -1   67
  34   29  -31   27    0   43   19  -44
 -52   21   45   17   51  -33  -17  -27
  21    0    0  108    2   21   22   29
  20  -23   54  -20  -21  -28   -1  -23
  13  -44  -33  -15   -8  -32    2   -7
   7    3  -11  -31  -14  -14  -52  -18
  -9    7  -28    0   -7  -30  -15  -39
  -2   -7    2   -8   78   19   26   42
   5   36  -29   10   12   36   60  -39
 -44   25   26   17   75   -2  -29  -48
   0   14  -11  107  -22    0    3   23
  23  -19   34  -33  -17  -16    7  -14
  13  -16  -28  -14    5  -12  -15  -15
 -19    7   -1  -34    7   -9  -15  -21
  -3    4  -55    7   35   48  -24   -3
  68   -1  -14    6   16   12   -5   38
  43   11   -7   -7    9   12   63  -44
 -36    5  -14    0   90  -15  -27   -7
  10  -15  -17   66  -26  -22   -3   74
  17  -27   23   -5    0  -38   -1  -12
 -37    6  -18  -14   -5    2  -56   -7
  -3    5   -9  -27   -5   -9  -35  -13
  -2    0  -31  -26   19   28   37   -6
  63  -26   -2   -9   -3   42  -18   26
  46   -4  -13  -29   27   -7   73    7
  -8    6    0   -3  112   -1  -32    5
  32  -26    1   40  -29  -38  -60    2
 -17   13  -15    2   26  -43  -17    0
 -23   19  -13   -7  -36  -19   -7    4
 -26  -10  -36  -11   18  -23   -7  -21
   7   -2  -35   24   20  -19   30  -11
  54  -49  -24    8   21   42    3   23
   4   38  -17    3    1   10  103  -20
  -8   28    1  -13   90   -2  -46  -17
 -22   -8  -19   40   13  -27   -7   14
  11    8   15  -16   13   -3    2   -5
 -22  -14  -10   -8  -21   16  -46  -14
 -20   -6  -32   13    6  -11  -40   -7
  -6    8  -18   25   17  -31   -6  -14
  37  -47   -9   -9   21   18   -4   31
  -8   12  -32  -16   18   31   95  -45
 -13   24   16   -7  102   -6  -36   -7
  -3   15  -13   59    2  -17  -10   -7
   5   -2   30  -30   26  -12    0  -22
  -7   -3    5    0    5   26  -49  -18
 -28   -6   -1    0   -5  -19  -23  -33
 -10   23  -20   14   14  -31   21  -12
  76  -24    1  -23   28   69   -7   35
  20   16  -27  -21    8    0   50  -47
 -13   31   16   -2   79  -26  -33   -1
   8  -15  -11   99  -16  -50  -24   -1
 -12   -5   49  -14   40  -10  -25  -19
 -29   26  -17  -21   -8    2  -29   10
 -34    0   -7   -4   16  -23  -33    2
 -16  -11    8  -12  -23  -22  -19  -18
  52  -44   -3    7   48   41   11   52
  -5  -11    2   -8   -7   50   57  -41
 -10   10  -18   15   81  -29  -47   25
   2   10   17  105  -14  -21  -12   20
  15   14   44  -31   -2  -25  -17  -22
 -19   -3   -8  -29   24    0  -41  -28
 -47  -30   42   27   10  -14  -12   -2
 -11   15   50   30   -8  -57   14  -16
  45  -33   17   11   -1   19    8    8
 -17    4    3    6  -27   85  -59  -35
   2  -20   38   37  -36  -61  -67   -9
  22   20   -3   74   16  -37    4   21
  15  -23   67   37   12    6  -26  -33
 -12  -21  -37   -5   20  -14   11   19
 -19    5   61  -31  -13   -1    1   -4
 -15   17   29   -1    7   24   -8  -12
  29   31   30    8  -22   37    5   16
  10   11   19    3   -2   19  -90   -1
  10  -11   25   25  -67  -22  -26  -24
  56  -13    0   20   -8   -5   -3   43
   4  -18   24  -14    0  -29    8  -24
  22  -16  -67  -21  -25  -48   49   42
  -8   24   30  -41  -12    6  -45   -6
 -38   -2    2  -24   10   47  -18  -35
  -2   37   18   -4   16   51   12   53
  56   15  -24   12  -13   37  -34    0
 -60   -4    4   26   42    2  -15   -9
  15  -28   18   79  -19  -12   11   28
  12  -29   37  -38  -26  -56    8  -14
  23   -2  -67  -21  -25  -44   32    8
   8   10   12  -43  -13   -7  -70   -5
 -26   -2   -8  -14  -22   13  -29  -35
  -7   17    2    1   77   30   17   66
  23   25  -41    3  -20   32   -6  -50
 -71    7   34   21   49    0  -17  -15
  19   -8   22  104   -9   26   25   27
  19  -17   61  -37  -13  -30  -16  -30
  20  -38  -26  -13   28  -16  -12  -10
 -16   -3   -8  -22  -15    2  -68   -6
 -18    9   -6   -6    5   -1  -31  -39
 -25   12    4   -9   59   21    5   84
  16   35  -38   34  -10   37    5  -46
 -61    4   28   21   42   -4   -9  -43
  -7   11    0  104    3   24   33   23
  35  -27   68  -27    5  -54   14  -20
  15  -35  -41  -17   24  -18    1  -21
   1   11  -40  -31   -1   -8  -55    0
  -1  -10  -24   -2   14    0   -3  -32
  17  -18    0  -12   55   15   -1   48
  13   19  -39   -6   35   29   80  -17
 -36   30   -2    3  109  -11  -10  -32
 -25  -13    6   66   -3  -19    3   21
  23  -12    9  -31    0  -45    7  -26
  -1   -3    6   -6   -3   -4  -21  -26
 -13   -2  -30  -11   15   -6  -47    0
   2   -3  -21   -3    2  -23   -7  -22
  14  -27  -22   -5   51   22   -1   28
  -7   18  -27   11  -11   16  107  -24
  -9   29    3   -1  103   -9  -16    5
 -16  -12    2   55   -6   15   -8   20
   7   -6   15  -36    4  -18   -8   -3
 -12  -11   12   -9   17   25  -54  -34
  -6   -7  -24  -24   19  -15   -5    0
   8    7  -31   -7   -6    3    3   -9
  17  -38  -16    0   27    7  -15   28
  22    0  -22  -27    2  -14  111  -21
   0   19  -18    0  106    1   -2   -8
  -1  -14    0   33   -3    0  -21   14
  11    0   -3  -22    6  -23    8   -5
 -24    2   22  -10   30   36  -63  -31
  -4    0  -28  -24   16  -12  -10    3
  -4    5  -18   -1    7  -17   11   -3
  19  -24  -25    4   27   20  -10   29
   8   -2    0  -12    0    4  115  -21
  -8   20  -12  -10  103    0  -32    0
  -5  -21    6   17   -5  -30  -22   10
  18    5  -12  -25   22  -18    6    5
 -19    4   21  -13    6   38  -65  -36
 -14    3  -14  -19    9  -16  -21  -21
  15    6  -40  -27   20   22   21   -8
  41  -22   -4    4    6   32  -17   37
  24   21   -4  -20   21   -3   81  -32
 -17   -8  -16  -14  105  -28   -1   -4
  28  -25  -16   49    4  -50  -29   29
   6   -1   -8    7   11  -43    0   23
 -39    1   -6  -17    7   32  -62   -8
 -17  -27   29    3   12  -30  -16   12
 -29   37   26    7  -15  -53  -26  -17
  36  -42    9  -14   37   40   11   43
 -21    6  -11   23   -8   75  -27  -32
  22   -9   24   12    2  -46  -90   12
  22   15   21   97    2  -17   -2    5
  12   -3   83   16   -6    4  -63  -40
 -14  -20  -42    3   29  -24   -5    3
 -31   12   49   -5   -5  -13  -12   -1
 -15   22   43   12   12  -37   16  -16
  56    4   24    4  -20   25    8    7
  10   30    6    8  -16   26  -80  -16
  12  -13   28   38  -73  -38  -57    9
  46   -1  -16   29   -6  -26    0  -16
   8   -7   52   32   36   -1  -31  -40
   5   -7  -55   -8   -6  -53   34   33
   4    7   57  -53   -9    1  -20    4
 -24    9   39  -24    5   21   -7  -17
   8   27   31    5  -33   37   19   17
  36    9    3    6    0   38  -91    6
 -10   -5   12   19  -53  -10  -25    2
  45  -11    0   17  -19   -7  -19   26
  20  -26   43    0    0  -13  -18  -42
  28   11  -66  -15  -27  -48   45   48
   9   17   32  -24  -19  -13  -43    2
 -16   -2   16   11    3   41   -6  -18
  15   37   13  -18   13   53    7   33
  63   33  -16    4    4   31  -57  -26
 -50   14   34   30   29    0   -5  -11
  18  -36   11   62  -12  -10    3   37
   1  -46   36  -40  -39  -49  -12  -23
  19   -1  -62  -19  -37  -66   22   25
  -5   12    6  -35  -15   -2  -47    0
 -23   -1   -8  -16   -7    7  -44  -51
 -13    8   11   -2   73   33   12   71
  32   33  -56   20   -5   51    4  -44
 -52    8   26    9   38  -18   -9  -21
   3    0    8  106  -21   24   25   16
  37  -25   65  -31  -12  -58    1  -32
  22  -33  -34  -13   10  -29   -3    6
  -4   10  -11  -27  -16    7  -67    5
 -23   -2    0    3   -3   -3  -31  -34
   4   -3   21   -3   60   32   20   65
  34   32  -64   11  -20   36    6  -49
 -58   12   33   21   53  -10  -15  -27
  26  -14   -2  106   -9   28   19   35
  27  -15   58  -41  -13  -46   -6  -19
  11  -28  -36  -38    9  -22    4  -10
  14    9  -12  -33  -15   -8  -66   -5
 -39  -11  -20   -2   -3   19  -19  -41
 -13   -1   10  -16   70   26   14   71
  23   35  -38   27    6   38    7  -56
 -67   16   23   22   58  -16    3  -32
  14   -7   -1   91   -3   32   29   20
  22  -24   53  -37  -17  -28   -4  -22
  28  -20  -37   -5   32  -17   -9  -16
  -4    1  -26   -3   11   16  -59   15
 -11   11   -3   -5  -10  -54  -23  -27
   3  -32  -13  -12   59   14    9   29
 -13   30  -34   13    0   27   96  -25
 -21   10   13    3   94    0  -14  -26
 -10  -12    8   76    4  -22    5   18
  17   -1    5  -30    4  -20  -17  -24
  15  -12    2  -10   13   18  -36  -29
 -18    0  -19  -20    6  -27  -56  -12
  13    7  -33   27    1  -15   -6  -18
  20  -41   -5  -21   45    7  -10   54
   1    1  -37   -9   11   21   93  -44
 -29   13   11   -3   98    3   -4   -9
  16    2  -12   59   -4   -4   -2   18
  27   -9   27   -9   -6  -29   12   -3
 -10  -29    0   -3   18   28  -51  -24
   0  -10  -29   -8   18    5  -34   12
   4    6  -16    9   -5  -43    5  -19
  16  -40  -14    3   34   16   -2   19
  -6   10  -27   10  -15    7  115  -24
 -16   24   -4   -5  103  -11  -21   -3
 -18   -3   -6   43   -5  -28   -2   10
  20    1    1  -19   14   12   -7   -7
 -24    6   19  -16    7   19  -60  -24
 -12   -4  -33  -17   12   -8  -13   -1
  26   -6   -9   15    0  -37   15  -19
  24  -43  -25    3   10   10   -8   16
  -1   -5  -27  -22    0   11  110   -1
   0   26  -14    0  111   -8  -15    4
   4   -8  -13   43  -24  -21   -7    9
  -2    4   -8  -14   27  -27   11    3
  -3   -5    7    6   -5   32  -44  -23
   1  -15  -33   -7   19  -13  -20   -5
  15   -3  -16   13   -2    3   33   -6
  28  -39  -13    0   16   17   -1   17
   0    1  -29  -29   11   -8  112  -25
  -8   17   -9  -17  104  -16  -10    2
  -5  -18   12   19    5  -15  -15    6
   7   10  -26  -17    2  -38    0   10
 -21   13   23   -1   20   23  -64  -19
 -23   23   57  -45  -19    9   -2    2
 -31    4   32  -36   11   29   -1  -20
  33   30   30   -6  -16   48   11   25
  58    8   21    1    4   22  -80  -16
 -14   -9    2   22  -34    7  -47    1
  30  -19    8   27  -33  -39   13   12
   7  -11   50  -13  -16  -28  -15  -27
  22   -1  -69  -10  -18  -50   52   25
  -3   18   49  -41  -26   13  -39   -1
 -22   13   34   -9    5   25  -15  -18
   7   34   31  -12   10   43   -2   38
  45   19    0    0  -14   28  -98   -1
 -47   23   28   38  -21  -13  -24   -8
  13  -19   20   35  -14   18    9   37
   3  -26   50  -26  -23  -37   -6  -20
  18    3  -49  -20  -19  -61   38   19
  10    0   38  -35  -22   -8  -33   10
 -31   23   14  -12   -7   28  -23  -42
  -6   25   26   -3   16   27   42   54
  28    6  -11    9  -10   40  -81  -22
 -42    6    7   23   12   -7  -13  -15
  32    3   18   69   12   19   18   30
  36  -31   58  -42  -30  -53   -7  -26
  23  -22  -57  -17   -9  -60   33    4
  -1   11    7  -23  -16  -10  -63    2
 -37    4   -4   -9   -1   -3  -38  -39
 -28   21   20  -11   63   27   21   53
  19   26  -45   25   -6   52  -12  -23
 -67    9   36   32   42   -5    3  -13
   6   -2   -1  111  -15   -6   19   28
  14  -33   60  -28  -34  -35   -4  -14
  19  -25  -50  -14    0  -30   15   -1
 -13   10    8  -27   -6   -9  -77    8
 -32    7   11    1   -1    1  -38  -40
   0   11    7  -27   53   20   18   82
  21   22  -18   10   -1   58  -13  -62
 -62    0   51   24   38  -12  -25  -19
  39    6   -9   88   12   10   34   25
  41  -17   48  -33  -40  -18    3  -38
  21  -32  -44  -14    9  -37   -9    0
   6   23    4  -16  -17   13  -91   -1
 -50    3    0    5    2  -10  -35  -48
   6    2   20  -12   61   29    3   51
  25   56  -59   28    0   23    0  -25
 -44   30   32   17   30   -6  -32  -29
  21   12  -24   89  -16   12   27   31
  33  -24   54  -18  -13  -36  -11  -28
  19  -44  -54  -24   13   -6   -3    6
   3   -1   -5  -18   -9   10  -57    1
 -28   -2  -16   -9  -13  -25  -21  -52
 -25    4    8  -10   68   22   10   67
  14   40  -31   15    2   41   13  -59
 -50   15   28   10   60   -5  -27  -16
  16    7   -5  112  -10   34   26   30
  25  -21   54  -28  -38  -33    2  -32
  20  -34  -40  -13   27   -4   -4  -18
   3   17  -23  -12   -7    1  -54    8
 -13    1  -20   -1   19   -9  -25  -23
  12  -24  -15  -28   62    8    2   35
  13   -6  -49   25   14    4   69  -21
 -43    7   15   16  104  -18   -5  -34
   9  -27    3   79   -5   15    4   30
  28   -2   38  -32  -17  -29    2  -10
  -1  -17   14  -16   -5    2  -31  -26
  -7    1  -37  -37    4    8  -22   -6
   0   -3  -31    9   16   18   -4  -29
   9  -33  -11   -1   27   -3    6   26
   9    8  -14   -5   -1    0   89  -47
 -15   34   -9   -5  109   -6  -13   -6
   4   -2  -13   41   -2    1   13   15
  26   -7   25  -19    7  -37    0   -4
 -18  -10   12   -1   39   28  -72  -28
  -2   -8  -11   13    5  -17  -61    6
  10   -2  -11   13    2  -45    4  -20
  18  -33   -9  -11   41   16   -5   56
  -5    2  -60    9   22    5   99  -27
  -8   16   11   -8  100  -10  -25  -22
 -10   -9   11   62  -12  -27  -14   22
  14   -6    3  -19   19  -19   20  -16
   6   15   -4    0  -26   10  -34  -33
  -7   -3  -41  -14    7  -13  -15   -8
  12   -8  -27   -2   -5  -12    4  -11
   9  -32  -18   -6   29   10  -10   21
   6   -1  -14  -13   11   -9  116  -27
  -8   28  -22  -10  100    0    0    4
 -11   -3   -8   31    2  -19    0   11
   8    6    3  -11   22  -15    0    7
 -14   11   33   -3   22   33  -66  -39
  -6  -11  -41  -15   15  -11   -5   -7
  13    0  -18   22    2  -42    8    0
  19  -60   -6   -9    5    3    3   14
  -8   14  -21  -19    3    3  109  -22
  -1   14    1  -10  105  -18  -19   -6
 -13  -10  -10   30    3    0  -17    3
   9   15   19    2   28  -14    7   11
 -24   10    4    4   -1   31  -63  -11
 -12   17   47  -24  -18    1  -30  -21
 -42    2    4  -20   18   41  -16  -44
  18   41   12   -5    6   39    8   63
  61   13    6    0   -7   13  -71  -17
 -33    2   12   21   -4   -5   -4   -7
  29   -5    4   43   -9  -25   24   57
  11  -32   56  -21  -11  -43  -24  -33
  33    6  -72  -18   -4  -43   26   29
  -2   15   33    1  -15    5  -46    8
 -39   -5   26    0    0   18  -33  -40
   6   25   25  -17   41   39   23   50
  40    2  -21    9  -29   60  -58  -25
 -41   -4   14   28  -15  -16  -43    7
  21   -2   30   78   14   23   34   30
  24  -35   60  -16  -49  -20   -6  -51
   2  -16  -60  -37    6  -40   15    7
  -2   11   31  -27  -27   12  -47    3
 -33    0   -5  -25   14   21  -39  -29
 -18   17   29  -26   40   46   23   73
  53    0  -17   19   -6   39  -63  -44
 -36  -10   23   20    6  -15  -17   -2
  22  -11   10   83   -3   12   13   18
  13  -46   72  -33  -32  -29   11  -40
   2  -18  -33   -5   12  -40   35   10
 -14   17   12  -24  -17    8  -71    0
 -47    7    8    8  -19   17  -21  -32
   4   18   23  -20   51   25   13   50
  45   40  -40    3    0   28  -33  -52
 -67    7   36   25   15  -13  -25  -18
  29   12   -8   87    3   35   13   45
  35  -36   62  -22  -19  -38   -4  -34
  13   -6  -59  -16    2  -19   15   -2
  -1   15   21   -7  -40    4  -51   10
 -31  -12  -13  -17    7    1  -38  -42
  -8    8    7  -14   42   22    6   69
  48   33  -29   19  -18   47  -23  -27
 -46   13   34   19   23    0  -13  -14
  25    0    1  104   -8   15   24   29
  16  -34   65  -32  -13  -41   16  -38
  33  -10  -69  -12    7  -44   12    1
  13    7    0  -29  -16   18  -69    4
 -29    0  -10   -6    1   20  -19  -54
 -17   11    9  -36   68   25   14   57
  29   18  -26    1   -9   48    4  -62
 -51    3   23   21   47    2    5  -31
  51    4    9  104  -10   23   23   26
  20  -19   54  -27  -36  -31   -5  -20
  10  -21  -48  -21   14  -32   -1  -17
   3    7   15  -37  -27    1  -51   -3
 -24   -7    8    9   20   -8  -26  -53
  -9   13   17   -8   62   18    3   72
  29   56  -40   18   -3   37   -3  -56
 -45    6   50   16   34  -20  -25  -32
  43    0   -9   81  -16   16   16   27
  28  -14   85  -28  -52  -17   -2  -40
  -6  -31  -41  -10   33  -21  -14  -13
   5    4  -11  -15    0   14  -48    3
   0    3   -9   -3  -12  -31  -19  -40
  11  -20   -8  -22   69   14   23   47
  12   25  -41   10    2   47   50  -19
 -35   14   20   16   95  -17    7  -41
  -4  -13   13  109  -18  -32    0    7
   3  -10   35  -41  -17  -29    3  -14
 -12    5  -26  -13  -30   -7    0  -14
 -21   -7  -26   17    5  -10  -50  -12
   7    6   -4   31    2  -25  -12  -19
   9  -37   -6    0   68   17   -9   51
   2    7  -25   -5   -8   20   86  -49
 -25    5   11    3   79  -27  -28   -7
  13   16  -15   69   15   -9    7   14
  21  -10   51   -8  -16  -23   -3  -18
 -27  -22   -3   -5   45   22  -60  -38
  -1  -15  -20  -49    6    2  -66    3
 -24    5  -16   28    0  -48  -17  -31
  22  -25   -7  -17   71    7   11   54
   2   14  -38   19   -2   43   76  -27
 -35   45   28   -1   82  -26  -15  -39
   9   -7   26   71    9  -25    4   21
  21  -12   22  -22   15    0   -2  -38
   0  -22  -12  -13    3    0   -5  -24
  -7  -11  -46    0    7    4  -19    5
   8    9  -25   10    0  -46    8  -16
  14  -40  -21   -7   36    5   -6    9
  -6    1  -35   -1    0   12  113   -6
  -8   19   -3  -10  105  -15  -15   -5
 -27   -3   -4   20   10  -11  -13   12
  11    5    1  -12    3   -8   11    9
 -22   -2   25   16   16   40  -48  -36
  -6   -5  -32   -8   22  -18    0  -18
   9    9  -48   15    7   22    7  -12
  34  -36  -12    3    5   27  -16   30
  20    0  -10  -43    5  -26   85  -44
 -23   12  -17   -5   93   -2  -26   -6
  13   18  -16   32   -1  -18    8   21
   7    1   14   -4   13  -27    9    6
 -17    5   -2   -6   42   44  -78  -32
