Shape: torch.Size([1, 144, 64])
Range: [-120, 127]
Mean: -0.9987

量化值陣列:
  25   34    0  -10   35   49   -1  -19
 -50   13   75  -18   55   43  -21   24
  65   15   42   -8  -67   31    0  -13
 -11  -33  113   13  -26  -37 -106   36
   0  -50  -50   17  -54    2  -24  -30
  28  -34   23  -13  -41  -45   32  -84
-116  -32  -42   13   -3   43  -23   18
  52   47  -31   12  -56  -28   89   35
  25   34    1  -10   34   49   -1  -19
 -51   15   75  -17   54   43  -21   25
  64   15   44   -8  -70   31    1  -13
  -9  -35  115   14  -25  -37 -106   34
   0  -50  -51   18  -55    2  -24  -30
  28  -35   23  -13  -42  -45   33  -85
-118  -31  -41   13   -3   43  -23   17
  51   47  -32   12  -57  -30   89   37
  25   33    2  -11   35   49   -2  -19
 -51   14   76  -17   54   43  -21   25
  63   15   45   -7  -71   31    1  -13
  -9  -35  115   15  -25  -37 -107   34
   0  -51  -51   18  -55    2  -24  -30
  28  -36   23  -13  -41  -44   33  -85
-118  -31  -41   14   -3   43  -24   18
  50   47  -32   12  -57  -30   88   37
  24   33    2  -10   34   49   -2  -19
 -50   13   75  -17   55   42  -21   25
  64   16   44   -7  -70   31    2  -13
 -10  -34  113   15  -26  -36 -106   35
   0  -50  -50   19  -54    1  -24  -30
  28  -36   22  -13  -41  -44   32  -85
-117  -32  -41   14   -4   43  -23   18
  51   47  -32   11  -56  -30   88   37
  25   33    3  -10   34   49   -2  -19
 -50   14   75  -17   54   42  -21   25
  63   15   45   -7  -70   31    2  -13
  -9  -35  114   15  -25  -36 -107   35
   0  -50  -51   19  -55    1  -24  -30
  29  -37   23  -13  -41  -44   33  -85
-117  -32  -41   14   -3   43  -24   18
  50   47  -32   11  -57  -30   88   37
  24   32    2   -9   33   49   -2  -19
 -52   15   75  -16   54   41  -20   25
  62   15   47   -7  -72   30    1  -14
  -6  -35  116   17  -25  -35 -107   32
  -1  -51  -51   19  -55    1  -25  -31
  28  -36   23  -11  -42  -44   33  -86
-119  -30  -40   15   -3   44  -23   18
  50   46  -34   12  -58  -32   88   38
  24   32    2   -9   33   49   -2  -19
 -52   15   75  -16   54   41  -20   26
  62   15   46   -7  -71   30    1  -14
  -6  -34  115   17  -26  -35 -107   32
  -1  -51  -51   19  -56    0  -25  -31
  28  -36   23  -11  -42  -44   32  -85
-118  -31  -40   15   -3   44  -22   18
  50   46  -34   11  -58  -32   89   38
  24   32    3   -9   33   50   -2  -19
 -52   15   75  -16   54   41  -21   26
  62   15   47   -7  -72   30    1  -14
  -6  -35  116   17  -25  -36 -107   32
  -1  -51  -51   19  -56    0  -25  -32
  28  -36   23  -11  -43  -44   32  -86
-119  -30  -40   15   -3   44  -23   18
  50   46  -34   11  -59  -32   89   38
  24   31    3   -9   33   49   -2  -19
 -52   15   75  -15   54   41  -20   26
  61   15   47   -6  -72   30    2  -14
  -6  -35  116   18  -25  -35 -107   32
  -1  -51  -51   20  -55    0  -25  -31
  28  -37   22  -10  -42  -44   33  -85
-119  -30  -40   15   -3   44  -22   19
  50   46  -34   12  -58  -32   88   39
  24   32    2   -9   34   49   -3  -19
 -52   14   75  -16   54   41  -21   25
  62   15   46   -7  -70   31    2  -14
  -7  -34  114   17  -26  -36 -107   33
  -1  -51  -50   20  -55    0  -25  -32
  28  -36   22  -11  -42  -43   32  -85
-118  -31  -40   14   -3   44  -23   19
  50   46  -34   11  -57  -31   88   37
  24   31    2   -8   32   49   -2  -20
 -53   15   74  -16   54   40  -20   26
  62   15   46   -7  -71   31    1  -13
  -5  -33  116   17  -26  -35 -107   32
  -2  -51  -50   20  -56    0  -26  -32
  29  -36   22  -10  -43  -43   31  -85
-119  -31  -39   15   -3   44  -22   19
  51   46  -35   11  -58  -33   90   39
  24   31    4   -9   33   50   -2  -19
 -53   16   75  -16   54   41  -21   26
  62   15   47   -7  -72   30    2  -14
  -5  -34  116   18  -26  -36 -107   32
  -1  -51  -51   21  -56    0  -25  -32
  28  -36   22  -10  -43  -43   32  -86
-119  -31  -39   15   -3   45  -23   18
  49   46  -35   11  -58  -33   89   39
  24   30    4   -8   33   50   -3  -19
 -53   15   75  -15   54   39  -20   26
  60   15   48   -7  -73   30    3  -15
  -4  -34  114   19  -25  -35 -107   31
  -2  -51  -50   22  -55    0  -24  -32
  27  -37   21  -10  -42  -42   32  -85
-119  -30  -40   16   -3   45  -22   18
  48   45  -36   11  -57  -33   86   39
  24   30    4   -9   34   50   -3  -19
 -53   15   76  -15   54   40  -20   26
  61   15   49   -7  -73   30    3  -14
  -5  -35  115   19  -25  -35 -107   31
  -1  -51  -51   21  -55    0  -24  -31
  28  -38   21  -10  -42  -43   32  -85
-119  -30  -40   16   -3   45  -23   18
  48   45  -35   11  -57  -33   87   39
  24   32    3   -9   34   50   -3  -19
 -53   15   75  -16   54   41  -22   26
  63   15   46   -8  -71   30    2  -14
  -7  -33  114   17  -26  -36 -106   33
  -1  -51  -50   21  -55    0  -25  -32
  28  -36   21  -11  -42  -43   32  -85
-118  -31  -40   14   -4   44  -22   18
  50   46  -35   11  -57  -32   88   37
  23   30    5   -9   32   50   -2  -19
 -54   16   75  -15   54   39  -21   26
  60   15   49   -7  -73   30    3  -14
  -4  -34  116   20  -25  -35 -107   30
  -2  -51  -50   22  -56    0  -25  -32
  28  -37   21   -9  -43  -42   32  -85
-120  -30  -38   15   -3   45  -23   18
  49   44  -37   11  -58  -35   88   40
  24   31    2   -8   33   50   -2  -19
 -53   15   75  -16   54   40  -21   26
  63   15   46   -7  -71   31    2  -14
  -6  -33  115   18  -26  -36 -107   32
  -1  -51  -50   20  -56    0  -25  -33
  28  -35   22  -10  -43  -43   32  -85
-119  -31  -39   14   -3   45  -22   19
  51   46  -36   11  -58  -32   89   38
  24   29    5   -8   32   50   -3  -19
 -54   15   75  -15   54   38  -20   26
  60   15   49   -6  -73   30    4  -15
  -3  -34  115   20  -25  -34 -107   30
  -2  -51  -50   23  -55   -1  -25  -32
  28  -38   21   -9  -42  -42   32  -85
-119  -30  -39   16   -3   45  -23   19
  48   44  -37   11  -58  -34   87   40
  24   29    4   -8   32   50   -3  -19
 -54   15   75  -15   54   39  -20   27
  61   15   48   -6  -72   30    2  -14
  -3  -34  115   19  -26  -35 -107   31
  -3  -51  -50   22  -56   -1  -25  -33
  28  -37   21   -9  -43  -42   31  -85
-119  -31  -38   16   -3   45  -22   19
  50   44  -37   11  -58  -34   88   39
  24   29    3   -8   32   49   -3  -19
 -54   15   74  -15   54   38  -20   27
  60   15   48   -6  -72   30    2  -15
  -3  -34  115   19  -26  -35 -107   30
  -3  -51  -50   22  -56   -1  -25  -33
  27  -37   21   -9  -43  -42   31  -84
-119  -30  -38   16   -3   45  -22   19
  50   44  -37   11  -58  -34   88   39
  24   29    4   -8   33   50   -3  -19
 -54   15   75  -15   54   38  -20   26
  60   15   49   -7  -72   29    3  -15
  -4  -34  114   20  -26  -34 -107   31
  -2  -51  -50   22  -55    0  -25  -32
  27  -38   21   -9  -42  -43   32  -85
-119  -31  -39   16   -3   45  -22   19
  48   44  -37   11  -57  -33   87   39
  24   30    4   -8   33   50   -3  -19
 -54   16   75  -15   54   39  -21   26
  61   15   48   -7  -72   30    2  -15
  -4  -34  115   19  -26  -35 -107   31
  -2  -51  -50   22  -56    0  -25  -33
  28  -37   21   -9  -43  -42   32  -85
-119  -30  -39   15   -3   45  -22   19
  49   44  -37   11  -58  -34   88   39
  24   29    3   -8   33   49   -3  -19
 -53   14   75  -14   55   38  -19   26
  59   15   49   -6  -72   29    3  -15
  -4  -34  115   20  -25  -34 -107   30
  -2  -51  -50   22  -55    0  -24  -32
  27  -38   21   -9  -41  -43   32  -85
-119  -31  -40   17   -3   46  -23   20
  48   44  -36   11  -57  -33   86   40
  24   29    4   -8   33   50   -3  -19
 -54   15   75  -15   54   38  -20   27
  60   15   49   -7  -72   30    3  -15
  -4  -34  114   20  -26  -34 -107   31
  -2  -51  -50   22  -55   -1  -25  -33
  27  -37   21   -9  -42  -42   31  -85
-119  -31  -39   16   -3   45  -22   19
  49   44  -37   11  -57  -34   87   39
  24   30    4   -9   34   50   -3  -19
 -54   16   75  -16   54   39  -21   26
  61   15   48   -8  -72   30    3  -15
  -5  -34  114   19  -25  -35 -107   31
  -1  -52  -50   22  -55    0  -24  -32
  27  -37   21  -10  -42  -42   32  -85
-119  -30  -40   15   -3   45  -23   18
  48   44  -36   12  -57  -33   86   38
  24   30    4   -9   32   50   -2  -19
 -53   16   75  -15   53   39  -21   27
  61   15   48   -7  -72   30    2  -14
  -4  -34  116   19  -25  -35 -107   30
  -2  -51  -50   21  -56    0  -25  -33
  28  -37   21   -9  -43  -42   32  -85
-120  -30  -38   15   -3   45  -23   18
  49   44  -37   11  -58  -34   88   39
  24   30    3   -8   33   50   -3  -19
 -54   16   75  -15   54   39  -21   27
  61   15   48   -8  -71   30    2  -15
  -4  -34  115   19  -25  -35 -107   30
  -1  -52  -50   21  -56    0  -25  -33
  27  -36   21   -9  -43  -42   31  -85
-119  -30  -39   15   -3   45  -22   18
  49   44  -36   12  -58  -33   88   38
  24   30    5   -9   33   50   -3  -19
 -54   16   75  -15   54   40  -21   26
  60   15   49   -7  -73   30    3  -15
  -4  -35  115   19  -25  -35 -107   30
  -1  -51  -51   21  -56    0  -24  -32
  27  -38   21   -9  -42  -43   33  -85
-119  -30  -39   16   -3   45  -23   18
  48   45  -36   11  -58  -34   87   39
  24   29    5   -8   33   50   -3  -19
 -54   15   75  -14   54   38  -20   26
  59   15   49   -6  -73   29    3  -15
  -4  -34  115   20  -26  -34 -107   30
  -2  -51  -50   23  -55    0  -24  -32
  27  -38   21   -9  -41  -43   32  -85
-119  -31  -40   17   -3   45  -22   19
  48   44  -37   11  -57  -34   86   40
  24   29    4   -8   33   50   -3  -19
 -54   16   75  -14   54   38  -20   26
  59   15   49   -6  -73   29    3  -15
  -3  -34  115   20  -25  -34 -107   30
  -2  -51  -50   22  -55    0  -24  -32
  27  -38   21   -9  -42  -42   32  -85
-119  -30  -39   16   -3   45  -22   19
  48   44  -37   11  -58  -34   87   40
  25   31    2   -7   34   50   -3  -18
 -53   15   75  -14   55   40  -20   26
  61   15   48   -7  -71   29    2  -15
  -5  -33  114   18  -26  -34 -107   31
  -1  -51  -50   21  -55    0  -24  -32
  27  -37   22   -9  -41  -43   32  -85
-118  -31  -40   16   -3   45  -22   19
  49   44  -35   11  -57  -32   86   38
  28   32   -2   -6   37   48   -3  -18
 -51   12   74  -15   56   42  -20   22
  61   14   46   -8  -67   28    1  -16
 -10  -32  110   15  -26  -35 -105   33
   0  -50  -50   20  -51    3  -21  -28
  24  -37   23  -11  -38  -45   33  -82
-113  -34  -45   16   -4   43  -21   20
  48   45  -31   13  -54  -25   82   35
  24   30    3   -8   33   50   -3  -19
 -54   15   75  -15   54   39  -20   26
  60   15   48   -7  -72   29    2  -15
  -4  -34  115   19  -25  -35 -107   30
  -2  -52  -50   22  -55    0  -24  -32
  27  -37   21   -9  -42  -43   32  -85
-119  -30  -39   16   -3   45  -22   19
  49   44  -36   11  -57  -33   87   39
  24   29    4   -7   33   50   -3  -18
 -54   15   75  -14   54   38  -20   26
  59   15   50   -6  -73   29    3  -15
  -4  -34  114   20  -26  -34 -107   30
  -2  -51  -50   23  -55    0  -24  -32
  27  -39   21   -9  -41  -43   32  -85
-119  -31  -40   17   -3   46  -22   19
  47   44  -36   11  -57  -34   86   40
  24   30    4   -8   33   50   -3  -19
 -54   16   75  -15   54   39  -21   26
  61   15   48   -7  -72   29    2  -15
  -4  -33  114   19  -26  -35 -107   30
  -2  -51  -50   22  -56    0  -25  -32
  27  -37   21   -9  -42  -42   32  -85
-119  -30  -39   16   -3   45  -22   18
  49   44  -36   11  -58  -34   87   39
  24   30    3   -8   33   50   -3  -19
 -54   16   75  -15   54   40  -21   26
  61   15   48   -7  -72   30    2  -15
  -4  -34  115   19  -26  -35 -107   31
  -2  -51  -50   21  -55    0  -25  -33
  27  -37   21   -9  -43  -43   32  -85
-119  -30  -39   15   -3   45  -22   19
  49   45  -36   11  -58  -33   88   39
  25   30    3   -8   34   50   -3  -18
 -53   15   75  -15   54   39  -21   25
  60   15   49   -7  -72   29    3  -16
  -5  -34  114   19  -25  -35 -107   31
  -1  -51  -50   22  -54    0  -24  -31
  26  -38   21   -9  -41  -42   32  -85
-118  -31  -40   16   -3   45  -23   18
  47   44  -36   11  -57  -32   85   38
  25   30    3   -7   34   50   -3  -18
 -53   15   75  -15   54   39  -20   25
  60   15   48   -7  -72   29    3  -15
  -5  -34  113   19  -26  -34 -107   31
  -1  -51  -50   22  -54    0  -24  -31
  27  -38   21  -10  -41  -43   33  -85
-118  -31  -41   16   -3   45  -22   19
  48   45  -35   11  -57  -32   86   39
  24   30    4   -8   34   50   -3  -18
 -54   15   75  -15   55   39  -21   26
  60   15   49   -7  -73   29    4  -15
  -5  -34  114   20  -26  -34 -107   31
  -1  -51  -50   23  -54    0  -24  -32
  27  -38   21  -10  -41  -42   32  -85
-119  -31  -40   16   -3   45  -22   19
  47   44  -36   11  -57  -33   85   39
  24   30    3   -8   33   50   -3  -18
 -54   16   75  -14   54   39  -21   26
  60   15   49   -7  -73   29    3  -16
  -4  -34  114   19  -25  -34 -107   30
  -1  -52  -50   22  -55    0  -24  -32
  27  -38   21   -9  -41  -43   32  -85
-119  -30  -40   16   -3   45  -22   19
  48   44  -36   12  -57  -33   86   39
  24   31    3   -8   33   50   -3  -19
 -53   16   75  -15   54   40  -20   26
  61   15   48   -7  -73   29    2  -15
  -5  -34  115   19  -25  -35 -107   30
  -1  -52  -51   21  -55    0  -24  -31
  27  -37   22   -9  -42  -43   33  -85
-119  -30  -40   16   -3   45  -22   18
  48   45  -35   12  -58  -33   87   39
  25   29    3   -8   33   50   -4  -19
 -54   15   75  -14   55   38  -20   25
  59   15   50   -6  -72   29    3  -16
  -4  -34  114   20  -25  -34 -107   30
  -1  -52  -50   22  -54    0  -23  -32
  26  -38   21   -9  -41  -43   32  -84
-118  -31  -41   17   -3   45  -22   19
  47   44  -36   12  -57  -32   85   39
  32   42   -2  -29   40   35   14  -13
 -25    2   68  -22   45   39   -6   14
  58   10   18    0  -47   29    7  -10
 -29  -31   88  -13  -13  -49  -90   36
   3  -45  -42    7  -48   15   -2  -12
  23  -23   20  -20  -22  -48   11  -58
-104  -32  -40   14    1   35  -22   15
  52   35   -6   15  -26  -11   81   27
  38   33  -12  -47   62   40  -17    2
 -45  -11   55  -43   32   34   -7   19
 111    1    3   -2  -25   21  -20  -36
 -31  -45   73   -3   28  -47  -56   16
 102  -59  -38  -19  -11   20   25  -36
 -12    6   -6  -18  -44  -22   40  -64
 -60  -18  -69  -16  -12   40   -9   11
   6   28   23   15  -38   60   14  -36
  31   35   -6  -13   40   43    2  -17
 -45   11   69  -18   54   41  -19   18
  60    8   36   -8  -60   28    4  -20
 -18  -32  101    6  -21  -41  -96   31
   7  -49  -46   15  -48    8  -14  -22
  20  -31   20  -13  -32  -45   28  -71
-108  -35  -47   15   -1   40  -19   18
  45   41  -21   16  -45  -15   78   31
  25   31    2   -8   34   50   -3  -19
 -53   15   75  -15   54   41  -21   26
  62   15   47   -8  -70   30    1  -15
  -6  -33  114   17  -26  -35 -107   31
  -1  -51  -50   20  -55    0  -24  -32
  27  -36   22  -10  -42  -43   32  -85
-118  -31  -40   15   -3   44  -22   18
  50   45  -35   12  -57  -32   87   37
  24   30    3   -8   33   49   -2  -19
 -53   15   74  -15   54   40  -20   26
  60   15   48   -7  -72   30    2  -15
  -4  -34  115   18  -26  -35 -107   30
  -2  -51  -50   21  -55    0  -25  -32
  27  -37   22   -9  -42  -43   32  -85
-119  -30  -39   16   -3   45  -22   19
  49   44  -36   11  -58  -33   87   39
  24   31    3   -8   33   49   -3  -19
 -53   15   75  -15   54   40  -20   26
  61   15   47   -7  -71   30    2  -14
  -5  -33  114   18  -26  -35 -107   31
  -2  -51  -50   21  -55    0  -24  -32
  27  -36   22   -9  -42  -43   32  -85
-118  -30  -39   15   -3   44  -22   18
  49   45  -35   11  -57  -33   87   38
  25   31    4   -9   34   50   -3  -18
 -54   17   75  -15   54   40  -22   26
  61   15   49   -8  -73   29    3  -16
  -6  -34  114   19  -25  -35 -107   30
   0  -52  -50   22  -55    0  -23  -31
  26  -38   21   -9  -41  -42   33  -85
-118  -30  -40   15   -3   45  -22   18
  47   44  -35   12  -57  -33   85   38
  25   31    2   -8   35   50   -3  -18
 -53   15   75  -15   55   41  -21   24
  61   15   48   -8  -72   29    3  -16
  -7  -34  113   18  -25  -35 -106   31
   0  -52  -51   21  -53    1  -23  -30
  26  -38   22  -10  -40  -43   33  -85
-117  -31  -42   16   -3   44  -22   18
  47   45  -34   12  -56  -30   84   38
  25   30    3   -8   34   50   -3  -18
 -53   16   75  -15   54   40  -21   25
  60   15   48   -8  -72   29    3  -15
  -5  -34  114   19  -25  -35 -106   30
  -1  -51  -50   21  -55    0  -24  -31
  26  -37   21   -9  -42  -43   32  -85
-118  -30  -40   16   -3   45  -22   18
  48   44  -35   12  -57  -32   86   38
  25   30    3   -8   34   50   -4  -18
 -54   15   75  -14   55   39  -21   26
  60   15   49   -7  -72   29    3  -16
  -5  -34  114   19  -26  -34 -107   30
  -1  -52  -50   23  -54    0  -24  -32
  26  -38   21   -9  -41  -43   32  -85
-119  -31  -40   16   -3   45  -22   19
  47   44  -36   12  -57  -32   85   38
  25   30    4   -8   34   50   -3  -18
 -54   15   75  -15   55   39  -21   25
  60   15   49   -7  -73   29    3  -15
  -6  -34  113   19  -26  -34 -107   31
  -1  -51  -50   22  -54    0  -24  -31
  27  -38   21  -10  -41  -43   33  -85
-118  -31  -41   16   -3   45  -22   19
  47   45  -35   11  -56  -32   85   39
  25   31    3   -8   35   50   -3  -18
 -53   14   75  -15   55   40  -20   25
  61   16   48   -7  -71   29    3  -15
  -7  -34  113   18  -25  -34 -107   32
  -1  -51  -51   21  -54    0  -23  -30
  27  -38   22  -10  -41  -43   33  -85
-117  -31  -41   16   -3   44  -22   18
  48   45  -34   11  -56  -31   85   38
  31   48  -21  -46   52   37   13  -15
 -15    2   51  -42   35   42   -1   23
  89    1   -8   -9  -29   29   -9  -33
 -41  -31   82  -20    6  -56  -69   32
  48  -58  -40  -14  -35   28    3  -21
   2    3   19  -25  -39  -40    7  -49
 -99  -19  -44   -4   -1   46  -21    1
  45   30   12   17  -22   23   62   -1
  41   32  -37  -62   62   14    8    4
  -4  -18   11  -46    6   24   23    8
  96  -19  -39    6   10    9  -26  -42
 -44  -33   42  -44   45  -56  -15    0
 110  -49  -25  -50    9   43   40   -9
 -29   29    1  -21  -30  -25   12  -14
 -36   -7  -60  -14    0   28   -2    4
   1   12   59   22    5   87   -4  -50
  25   22    0  -25   44   50  -21  -10
 -58   12   67  -28   46   31  -20   25
  84    5   36   -9  -55   26   -4  -30
  -8  -42  100   21   -1  -39  -84   17
  50  -58  -40   10  -31    1   -7  -42
   4  -20    4  -11  -46  -25   40  -79
 -95  -19  -51   -2   -7   47  -20   14
  19   31  -19   17  -52    5   46    3
  24   30    3   -8   34   50   -3  -19
 -54   16   75  -15   54   40  -21   26
  61   15   48   -7  -72   29    3  -15
  -5  -34  115   19  -25  -35 -107   31
  -1  -52  -50   22  -55    0  -24  -32
  27  -37   21   -9  -42  -43   32  -85
-119  -31  -40   16   -3   45  -22   19
  48   44  -36   12  -57  -33   87   39
  24   30    3   -8   33   49   -3  -19
 -53   14   75  -14   54   39  -20   26
  60   16   49   -6  -72   29    3  -15
  -4  -34  114   19  -26  -34 -107   31
  -2  -51  -50   22  -54    0  -24  -32
  27  -38   22   -9  -41  -43   32  -85
-118  -31  -40   16   -3   45  -22   19
  48   44  -36   11  -57  -33   86   39
  24   29    4   -8   33   50   -3  -18
 -53   15   75  -14   54   39  -19   26
  59   15   49   -6  -73   29    3  -15
  -4  -34  115   20  -25  -34 -107   30
  -2  -51  -51   22  -55    0  -24  -31
  27  -38   22   -9  -41  -43   32  -85
-119  -30  -39   17   -3   45  -22   19
  48   44  -36   11  -57  -34   86   40
  27   33    1   -8   38   49   -3  -17
 -50   12   76  -15   56   42  -21   22
  61   16   47   -8  -71   28    3  -15
 -11  -34  110   16  -25  -35 -106   35
   1  -50  -52   21  -51    3  -21  -27
  26  -40   22  -13  -37  -45   34  -84
-114  -33  -45   16   -4   44  -23   19
  46   46  -31   11  -53  -27   81   36
  29   39    0  -17   39   45    1  -16
 -39    9   74  -20   53   43  -17   18
  63   14   35   -7  -63   30    3  -12
 -21  -35  104    3  -20  -41 -101   38
   4  -48  -50   14  -50    9  -15  -20
  26  -34   23  -18  -32  -46   28  -77
-110  -32  -45   13   -1   39  -25   16
  49   44  -20   14  -45  -19   82   32
  31   36   -4  -14   39   44    1  -16
 -39    9   72  -18   53   43  -16   16
  60   12   38   -6  -62   28    2  -15
 -18  -34  103    4  -19  -38  -99   34
   5  -49  -50   12  -47   10  -13  -19
  23  -34   25  -16  -31  -46   29  -75
-107  -31  -46   14    0   38  -24   17
  46   41  -20   15  -45  -16   77   31
  28   33   -2   -7   38   48   -3  -17
 -49   11   74  -15   56   42  -20   22
  62   14   44   -9  -66   29    2  -16
 -12  -32  108   13  -25  -35 -104   34
   1  -50  -49   19  -50    4  -20  -27
  24  -36   23  -12  -37  -45   33  -81
-112  -34  -45   15   -4   43  -21   19
  48   44  -29   13  -52  -23   81   34
  25   32    2   -9   35   50   -3  -18
 -53   16   75  -15   55   41  -21   25
  62   15   47   -8  -71   29    2  -16
  -7  -33  113   17  -25  -35 -106   31
   0  -52  -50   21  -54    0  -22  -31
  26  -36   22  -10  -41  -43   32  -84
-118  -29  -41   15   -3   44  -22   17
  47   43  -34   12  -56  -31   84   37
  26   29    4   -6   34   49   -4  -17
 -53   13   75  -13   55   38  -20   24
  58   16   50   -6  -73   28    4  -16
  -5  -34  111   20  -25  -33 -106   31
  -1  -50  -51   23  -53    0  -22  -29
  26  -41   21  -10  -38  -43   33  -84
-116  -32  -42   18   -3   45  -23   20
  45   44  -35   11  -55  -31   82   40
  29   29   -2  -28   51   53  -19   -8
 -56   10   74  -33   47   38  -25   23
  89    8   33  -14  -52   27   -3  -32
 -15  -41   95   17    1  -42  -85   24
  55  -60  -41   11  -32    5    0  -42
   4  -15    4  -15  -46  -24   38  -82
 -94  -20  -55   -7   -7   47  -24   12
  23   30  -14   16  -52   13   47   -1
  40   24  -29  -23   61   41  -26    0
 -50   -3   50  -32   39   36  -13   12
  99   -3   17  -10  -27   15  -24  -42
 -24  -38   74    1   16  -36  -56   10
  92  -55  -38  -15   -4   18   16  -33
 -18   -3    5  -12  -40  -23   50  -65
 -52  -18  -72  -13  -10   35   -7   13
   2   27   15   20  -40   57    5  -32
  26   31    0   -7   36   49   -3  -18
 -53   15   75  -15   55   41  -21   24
  61   14   48   -8  -71   29    2  -17
  -8  -34  112   17  -25  -35 -106   31
   0  -52  -50   21  -53    1  -22  -30
  25  -37   22  -10  -40  -43   33  -84
-116  -31  -43   15   -3   44  -22   18
  47   44  -33   13  -56  -28   83   37
  25   31    3   -8   35   50   -4  -18
 -53   15   75  -15   55   40  -21   25
  60   15   49   -8  -72   29    3  -16
  -6  -34  113   19  -25  -34 -106   31
   0  -52  -51   22  -54    0  -23  -31
  26  -38   21   -9  -41  -43   33  -85
-117  -30  -41   16   -3   45  -22   18
  46   44  -35   12  -56  -31   84   38
  27   32    2   -8   37   49   -4  -17
 -51   13   75  -15   56   40  -20   22
  60   15   48   -7  -72   28    4  -16
 -10  -35  110   18  -24  -34 -106   33
   1  -51  -52   22  -51    3  -21  -26
  25  -41   22  -12  -36  -44   34  -84
-115  -33  -45   17   -3   44  -23   19
  44   45  -32   12  -53  -27   80   38
  25   31    3   -8   35   49   -3  -18
 -51   13   75  -15   55   40  -20   24
  60   16   48   -7  -72   29    3  -15
  -8  -34  112   18  -25  -34 -106   33
   0  -50  -51   21  -53    1  -23  -29
  27  -39   22  -11  -39  -44   33  -84
-116  -33  -43   16   -4   45  -23   19
  47   45  -33   11  -55  -30   84   38
  33   41    2  -35   43   38   10  -12
 -21    0   74  -27   47   39   -8   13
  62   12   21   -1  -47   31    8   -6
 -33  -37   91  -13  -11  -51  -94   43
   6  -44  -45    9  -47   16   -2  -11
  25  -27   21  -26  -20  -46   14  -62
-104  -33  -42   11    2   35  -31   14
  52   36   -5   17  -27   -9   80   26
  32   40    9  -53   37   29   23  -10
  -7   -6   71  -30   38   31    5   11
  52   10   11   10  -39   31   14   -3
 -33  -40   85  -24   -1  -58  -86   37
   2  -41  -40    4  -48   20    7   -5
  26  -21   17  -26  -14  -46   -3  -47
-107  -28  -32   16    7   35  -32   13
  54   26    4   18  -13  -10   83   29
  29   42    8  -42   39   37   15  -13
 -20    0   74  -29   44   37   -5   16
  61   13   19    2  -49   33   12   -5
 -31  -39   94  -12   -9  -54  -94   42
   3  -44  -44    9  -51   14   -3  -13
  28  -25   17  -26  -23  -45    9  -61
-111  -31  -37   13    2   37  -31   13
  55   36   -6   15  -27  -15   87   30
  28   38    5  -23   40   45    1  -15
 -39    9   76  -23   53   40  -18   19
  65   14   35   -7  -62   32    9  -12
 -23  -37  102    4  -18  -44 -101   40
   5  -48  -48   18  -50    7  -14  -21
  26  -34   18  -20  -31  -43   25  -75
-112  -33  -44   12   -2   41  -27   15
  48   42  -21   14  -42  -20   81   32
  29   40    3  -17   41   46    0  -14
 -37    7   77  -21   54   42  -18   18
  64   17   35   -8  -63   30    6   -9
 -24  -34  100    4  -21  -40 -102   44
   2  -47  -49   17  -49    8  -15  -18
  28  -36   21  -22  -29  -45   28  -77
-108  -35  -46   12   -3   39  -27   16
  48   45  -21   11  -41  -20   81   32
  42   35  -14  -50   37   15   39   -9
  11   -5   44  -27   22   28   17    1
  36   -5   -5   11  -23   21    8  -19
 -30  -30   61  -45   12  -54  -59   14
  11  -38  -35  -15  -36   35   25   11
  11   -2   26  -16  -11  -42  -18  -21
 -83  -15  -29   15   18   20  -23    7
  48    7   24   22    3   11   58   18
  33   53  -55  -72   66   27   20  -13
  24  -16    0  -55   10   24   52   37
 105  -14  -59   -3   12   10  -32  -71
 -71  -24   42  -45   47  -49  -24   19
 100  -70  -49  -56    7   65   28  -11
 -38   36   27  -15  -35  -49  -16   -2
 -76    3  -51   -2    0   63   -7  -14
  19   15   61   22   15   81   13  -43
  28   50  -40  -70   69   27    7   -4
   2  -18    9  -59    5   32   36   34
 127   -7  -51   -1    3   13  -42  -50
 -57  -33   60  -36   46  -56  -25   19
 119  -66  -42  -58    4   51   20  -22
 -28   33   11  -28  -50  -35   11  -25
 -69   -5  -56  -18   -9   56   -9   -8
  11   30   53   14    0   85   14  -50
  39   28   -7  -73   57   20    2    8
 -14  -16   38  -43   16   17   17    6
  86  -10  -16   13   -6   14   -7  -31
 -40  -48   50  -32   43  -57  -33    2
  98  -47  -27  -30    0   31   44  -11
 -18   11   -9  -21  -18  -22   14  -26
 -49   -9  -58   -6    0   30  -11    7
  -3    8   47   24    0   66    1  -35
  33   37   -4  -18   42   41    4  -15
 -35    7   70  -20   51   42  -15   14
  58    9   33   -6  -57   27    5  -16
 -23  -34   96   -1  -16  -42  -94   34
   8  -47  -48   12  -45   13   -8  -14
  21  -32   23  -17  -26  -45   25  -69
-103  -32  -47   14    1   36  -24   16
  45   38  -14   17  -38  -11   73   29
  25   31    3   -9   35   50   -3  -18
 -53   16   75  -17   55   40  -22   25
  63   15   47   -9  -71   30    3  -16
  -7  -34  113   18  -25  -36 -106   32
   0  -52  -50   22  -54    0  -23  -31
  26  -36   21  -11  -42  -42   32  -85
-118  -31  -41   14   -3   44  -23   17
  48   44  -35   12  -56  -30   85   36
  26   31    3   -9   37   50   -4  -18
 -51   12   76  -17   56   40  -21   23
  62   16   48   -8  -71   29    5  -16
 -10  -35  110   18  -24  -36 -106   35
   1  -51  -50   23  -52    1  -22  -29
  26  -39   20  -13  -38  -42   33  -84
-116  -34  -44   15   -3   45  -25   19
  46   45  -33   12  -54  -28   82   37
  29   35   -1  -17   42   48   -4  -17
 -44   10   76  -23   55   42  -22   20
  69   14   39  -11  -62   31    4  -17
 -19  -35  105   10  -19  -41 -101   38
  10  -52  -48   18  -48    6  -16  -26
  22  -32   20  -17  -36  -40   30  -79
-110  -32  -46    9   -3   42  -27   15
  47   42  -24   15  -48  -15   78   28
  32   40    4  -34   45   40    6  -11
 -24    2   75  -28   48   38  -12   13
  64   13   24   -5  -50   30   11   -9
 -33  -37   89   -8  -10  -50  -93   42
   9  -45  -44   13  -45   14   -2  -12
  23  -29   18  -25  -21  -41   16  -64
-103  -32  -43    9    0   36  -32   12
  47   35   -7   16  -27   -9   74   25
  34   34   -5  -18   51   48  -12  -10
 -43    7   74  -26   52   42  -23   14
  74   10   34  -13  -56   26    0  -25
 -22  -37   92    9   -8  -40  -90   34
  33  -54  -46   13  -36   10   -3  -24
  11  -28   15  -20  -33  -34   36  -77
 -93  -29  -56    1   -4   41  -27   15
  30   35  -14   17  -43    5   54   12
  45   34  -15  -37   46   25   21   -9
  -4   -4   55  -26   37   32    3    1
  45    0    9    2  -29   21    9  -21
 -34  -31   66  -31    3  -51  -70   24
  15  -41  -39   -2  -32   29   19    5
   9  -15   24  -18   -8  -43    0  -36
 -82  -26  -42   14   11   25  -25   12
  42   15   14   24   -5   14   53   16
  46   38  -48  -33   45   13   42  -15
  19    0   11  -34   17   36   15    5
  51  -22  -31   -3  -11   15  -10  -44
 -39  -16   45  -54   17  -48  -33    6
  38  -44  -37  -38  -20   49   21   18
  -7   16   39  -14  -23  -40  -15   -9
 -61  -11  -39    3   16   18   -9    0
  41   11   38   22    5   41   34   -1
  37   35  -16  -84   51   22   16   -3
   5  -11   44  -52   18   26   17    9
  85   -8  -20    9   -3   24   -3  -31
 -46  -46   65  -40   38  -68  -45   17
  75  -49  -29  -30  -14   37   33  -12
  -9   15    7  -29  -23  -29   -5  -25
 -75   -7  -42   -8    7   35  -28    1
  29    6   44   27    0   53   33  -22
  35   43   -5  -62   38   25   30  -13
   1   -5   63  -36   32   35   10   10
  57    4    0   11  -30   32    8  -12
 -37  -39   84  -34    7  -63  -78   32
  13  -46  -40   -8  -46   30   13   -5
  20   -6   21  -25  -19  -47  -11  -40
-106  -21  -31   11   11   33  -31    8
  60   20   15   22  -11    4   82   20
  33   42    5  -49   41   33   18  -12
 -11   -2   72  -31   42   36   -1   11
  59   10   13    4  -42   32   12   -6
 -36  -40   87  -21   -3  -57  -88   40
   8  -43  -42    4  -47   20    4   -7
  25  -21   18  -27  -17  -45    3  -53
-106  -29  -37   12    6   34  -33   12
  53   30    3   18  -19   -6   81   26
  29   36   -4  -17   44   48   -5  -17
 -45   11   75  -25   56   44  -24   21
  73   13   36  -13  -59   33    3  -20
 -21  -34  104    9  -19  -43 -100   39
  14  -53  -47   16  -47    7  -16  -29
  20  -29   19  -18  -39  -40   30  -79
-110  -32  -48    6   -3   42  -26   15
  48   43  -23   15  -49  -12   78   24
  32   25   -7  -34   57   47  -27    0
 -61   -2   58  -37   36   32  -14   25
 110    3   20   -6  -39   20  -21  -37
 -17  -45   85   14   20  -38  -64   12
  95  -60  -41  -10  -14   10   12  -46
 -10   -2   -6  -11  -53  -18   51  -77
 -66  -17  -67  -14  -15   44   -8   13
   2   32    6   13  -53   45   16  -29
  30   38    4  -24   42   43    3  -14
 -37    7   74  -24   53   38  -18   18
  63   12   30   -7  -58   31   11  -14
 -26  -35   95    1  -18  -46  -97   40
   7  -48  -44   18  -49    8  -10  -18
  24  -32   15  -20  -27  -43   22  -69
-109  -35  -45   12   -2   40  -25   16
  46   40  -17   14  -36  -17   79   30
  29   35    4  -16   43   47   -2  -15
 -43    9   76  -21   56   39  -21   20
  64   15   40  -10  -65   29    9  -15
 -21  -35  100   10  -21  -40 -102   40
   5  -49  -48   22  -48    5  -15  -21
  24  -38   18  -18  -30  -42   30  -77
-110  -36  -47   13   -4   43  -27   17
  44   43  -25   13  -43  -20   76   33
  37   36   -1  -50   61   39  -12    2
 -34   -8   63  -42   35   31   -9   13
  96    3    2   -5  -27   22   -5  -27
 -37  -44   64   -8   21  -52  -60   25
  81  -53  -33   -6  -17   18   25  -24
  -5   -2   -6  -26  -29  -24   30  -58
 -66  -21  -63  -13   -8   39  -19   10
   8   23   19   16  -22   46   23  -23
  38   37   -4  -34   52   39    0   -7
 -21   -4   74  -31   47   36  -10   10
  68   10   20   -7  -38   27    7  -17
 -34  -35   78  -11   -2  -50  -85   40
  23  -48  -40   10  -35   17    8  -13
  14  -22   17  -25  -19  -37   15  -59
 -90  -32  -48    3    0   36  -32   13
  42   26    0   19  -21    9   58   12
  41   49  -60  -43   60   19   28   -9
  26   -9   -3  -41    5   28   41   21
  77  -20  -57   -9    6    2  -31  -65
 -58  -11   20  -53   39  -38  -12    4
  81  -61  -44  -55    5   64   37    8
 -35   37   36   -7  -29  -42  -16    1
 -48    7  -48   -5    6   39    1  -15
  14    6   59   18   20   74    0  -36
  25   48  -65  -50   69   16    3   -5
   5   -4  -32  -38    4   19   56   30
 103  -27  -74   -8   28   -5  -44  -66
 -77  -13   15  -53   40  -33    5    0
 119  -59  -41  -68   38   62   28   -3
 -58   40   19    0  -27  -51    6   14
 -34   15  -68   -4   -4   44   21  -17
 -22   22   74   27   26   90  -20  -68
  32   46  -31  -87   53   24   27  -10
  23  -11   26  -59   11   30   32   23
  98  -10  -39    5    0   23  -18  -40
 -56  -39   68  -49   40  -66  -40   24
  78  -56  -38  -47  -13   50   22  -10
 -13   25   22  -32  -35  -37  -15  -17
 -87   -2  -35   -9    5   46  -27  -10
  40   13   51   23    4   56   40  -24
  34   41   -2  -64   38   27   28  -12
   3  -12   68  -37   34   31   13   12
  59    9    1   13  -27   33    9   -9
 -37  -39   85  -32    6  -64  -83   37
   9  -45  -38   -4  -46   27   13   -9
  22   -8   20  -27  -18  -47  -14  -41
-109  -25  -29   12    9   37  -35   11
  64   20   13   20  -10    2   85   21
  31   46    7  -69   35   26   34  -12
   2   -3   67  -36   29   34   10   13
  56    7    0   13  -34   33   12   -4
 -36  -42   87  -35    6  -66  -81   34
   7  -43  -40   -6  -52   26   12   -4
  26   -8   18  -27  -18  -46  -14  -41
-113  -19  -25   12   12   33  -34    6
  60   22   14   20  -10   -6   90   26
  28   37   -1  -16   41   47   -1  -17
 -42   10   75  -23   55   44  -22   20
  69   14   37  -10  -61   32    3  -13
 -20  -34  106    7  -21  -42 -103   41
   6  -50  -49   16  -50    7  -18  -25
  25  -32   22  -19  -36  -43   30  -80
-111  -34  -45    9   -3   40  -27   15
  51   44  -24   14  -48  -18   83   29
  27   32    0  -10   38   49   -4  -17
 -50   13   76  -17   56   41  -22   23
  63   15   46   -9  -68   30    4  -16
 -12  -35  110   15  -23  -37 -105   35
   3  -51  -50   21  -51    3  -20  -28
  25  -37   21  -13  -38  -43   33  -83
-115  -32  -44   14   -3   44  -25   18
  47   44  -31   13  -53  -25   81   34
  24   29    5  -11   35   50   -5  -19
 -53   16   76  -18   54   39  -22   26
  63   15   49   -9  -71   30    5  -17
  -5  -35  113   20  -23  -36 -106   31
   1  -52  -49   23  -54    0  -23  -33
  25  -36   19  -10  -43  -39   31  -84
-118  -30  -40   14   -3   45  -25   17
  47   43  -36   12  -57  -31   83   37
  25   30    2  -12   38   50   -6  -18
 -54   16   75  -20   54   40  -25   25
  67   13   45  -11  -67   31    3  -19
  -8  -33  110   18  -22  -38 -103   32
   7  -53  -47   22  -52    0  -21  -34
  22  -33   18  -11  -43  -37   32  -83
-114  -29  -42   10   -4   45  -23   16
  45   42  -33   13  -55  -26   80   31
  26   29    0  -13   40   50   -8  -17
 -54   15   74  -21   53   39  -24   25
  69   12   43  -11  -65   30    1  -22
  -7  -34  108   19  -18  -38 -100   29
  13  -55  -46   20  -49    0  -18  -35
  19  -30   16  -11  -44  -36   33  -83
-112  -28  -43    7   -4   46  -24   16
  42   39  -31   14  -55  -19   75   27
  49   31  -30  -60   52   15   23    1
  12  -19   37  -40   14   25   24   -1
  59  -12  -24   12   -2   14   -9  -38
 -35  -34   41  -47   39  -56  -34    3
  66  -50  -29  -33  -10   45   51    2
 -13   20   16  -19  -16  -30  -12  -17
 -53   -5  -46   -3   14   26  -18    6
  22   -4   47   24   10   64   16  -21
  33   48  -65  -46   71   17    8   -4
   5   -7  -27  -38    4   20   52   27
  98  -27  -71  -10   24   -6  -41  -73
 -73  -11    7  -51   45  -30    5   -3
 120  -62  -44  -66   33   65   39    0
 -58   44   18    5  -27  -47    2   11
 -28   14  -70   -5   -2   41   23  -16
 -21   16   75   24   23   96  -26  -68
  25   49  -67  -54   68   16    5   -5
  10   -7  -31  -41    2   22   56   30
 107  -27  -76   -5   29   -3  -46  -65
 -77  -15   20  -55   42  -36    5    1
 122  -60  -41  -72   37   65   28   -4
 -56   42   22   -3  -30  -50    5   12
 -36   15  -67   -7   -4   44   19  -17
 -16   24   76   26   25   94  -18  -69
  32   58  -48  -75   58   29   34  -21
  31  -14   18  -58   16   33   42   37
 100   -6  -49   -2    0   22  -24  -59
 -65  -26   65  -45   34  -58  -45   34
  69  -69  -50  -47  -17   61   14  -12
 -18   28   36  -25  -40  -52  -26  -13
-102   -5  -36   -1    2   64  -23  -12
  51   20   47   19    5   56   51  -18
  33   43    2  -73   38   25   34  -12
   5   -7   66  -39   29   32   13   11
  57    5   -1   15  -29   33   12   -9
 -37  -43   85  -36   11  -67  -79   33
  13  -46  -39   -8  -48   29   16   -5
  22   -5   17  -28  -17  -45  -17  -38
-111  -19  -27   12   13   35  -36    7
  60   17   17   22   -7    1   84   21
  34   41   -1  -62   38   27   28  -12
   0   -8   66  -36   34   32    9   11
  57    7    2   12  -30   33   10   -9
 -35  -40   86  -32    5  -63  -82   35
   9  -45  -39   -4  -47   26   11   -8
  22   -9   20  -27  -18  -46  -11  -42
-108  -24  -29   12   10   35  -33   10
  61   21   12   21  -12    0   84   22
  31   43    5  -62   37   28   28  -12
  -2   -5   69  -35   34   33    7   13
  58    9    4   11  -34   33   11   -4
 -35  -40   87  -30    2  -63  -84   37
   5  -43  -39   -2  -51   23    8   -8
  26  -12   18  -28  -19  -46   -9  -44
-110  -24  -28   12    8   35  -33    9
  61   24    9   18  -13   -7   89   25
  31   38   -4  -21   41   43    2  -16
 -35    7   73  -23   52   43  -16   16
  65   13   32   -6  -55   31    2  -12
 -23  -34  102    0  -17  -44  -98   39
   7  -48  -47   11  -48   11  -11  -20
  23  -29   23  -20  -31  -44   24  -73
-107  -32  -44   10    0   38  -27   15
  51   40  -16   16  -42  -13   81   27
  26   32    3   -9   37   49   -3  -18
 -49   11   76  -17   55   40  -20   24
  62   16   46   -8  -70   29    4  -15
 -10  -35  110   17  -24  -35 -106   36
   0  -50  -51   22  -52    2  -22  -28
  27  -39   21  -14  -38  -43   33  -84
-115  -34  -43   15   -4   44  -25   19
  47   46  -33   11  -53  -27   83   37
  26   32    1  -10   37   49   -3  -18
 -51   15   75  -17   55   41  -22   24
  63   14   45   -9  -69   30    3  -16
 -10  -33  111   16  -24  -36 -105   33
   1  -51  -50   20  -53    1  -22  -30
  25  -36   21  -12  -40  -42   32  -83
-115  -31  -42   13   -3   43  -23   17
  48   44  -32   12  -55  -28   84   35
  26   25    4  -13   38   51   -9  -15
 -55   15   75  -19   53   35  -22   24
  64   12   49   -9  -70   28    4  -23
  -4  -37  109   23  -17  -36 -101   26
  12  -55  -48   23  -48    0  -17  -34
  18  -35   15   -9  -41  -36   34  -83
-113  -27  -44   12   -3   47  -24   18
  37   37  -33   14  -55  -22   71   31
  25   27    4  -11   36   50   -6  -18
 -55   17   74  -18   54   37  -23   27
  63   13   48  -10  -70   30    4  -19
  -4  -34  111   21  -22  -36 -104   29
   4  -54  -47   24  -53   -1  -22  -34
  23  -34   17   -9  -43  -37   31  -83
-117  -29  -40   12   -4   46  -23   17
  45   40  -37   13  -56  -29   81   34
  30   51  -61  -62   69   19    7   -4
   9  -12  -19  -44    5   19   57   31
 105  -22  -70   -2   27   -1  -41  -68
 -76  -19   20  -52   47  -37   -3    4
 119  -65  -44  -65   29   65   38   -8
 -54   43   17    0  -28  -51   -1    8
 -44   13  -65   -4   -3   50   15  -15
 -12   17   75   26   22   93  -13  -66
  27   56  -57  -75   59   24   19  -14
  19   -7   -4  -50   15   23   49   35
 105  -18  -62   -2   17   12  -30  -65
 -78  -24   43  -50   38  -47  -22   20
  95  -64  -45  -58   10   63   22  -12
 -40   36   26   -9  -31  -56  -14    3
 -73    8  -51   -1   -1   57    1  -17
  18   19   66   27   12   70   18  -46
  34   62  -42  -68   50   27   51  -20
  39  -10   26  -51   11   38   39   33
  80   -3  -46   -1   -9   20  -20  -47
 -56  -22   63  -52   28  -55  -51   32
  40  -66  -53  -44  -32   63   18   -1
  -4   28   45  -21  -39  -54  -36  -15
-107   -2  -24    2    8   54  -24  -16
  64   15   42   15    5   36   66   -2
  39   41  -12  -63   37   20   38  -13
  12   -8   54  -37   26   33   16    6
  51    0   -6   13  -22   29    6  -15
 -36  -37   77  -43   13  -63  -69   26
  15  -43  -39  -17  -41   36   19    1
  16    0   26  -24  -17  -45  -18  -30
 -98  -18  -28   11   16   28  -31    7
  59   14   24   23   -4   12   74   17
  36   44  -11  -70   36   20   42  -14
  17  -12   54  -39   23   31   24   13
  54    3  -11   17  -21   30    3  -15
 -36  -37   80  -45   15  -63  -71   29
  13  -47  -40  -20  -44   38   18   -2
  18    3   27  -25  -20  -49  -25  -29
-107  -16  -23   12   15   35  -32    6
  66   14   24   21   -3   10   82   19
  34   42    0  -71   35   21   39  -12
   8   -8   60  -37   26   30   16   10
  51    3   -4   17  -27   31   11  -10
 -35  -41   82  -39   11  -66  -75   29
   9  -43  -38  -11  -48   31   17   -2
  21   -4   19  -25  -17  -47  -20  -32
-108  -19  -25   14   14   33  -32    8
  61   16   20   21   -5    1   85   23
  35   40   -2  -64   36   24   29  -12
   2  -12   66  -34   34   30   15    9
  53    7    2   17  -27   33   11   -9
 -36  -41   85  -34    6  -63  -82   34
   8  -44  -39   -5  -45   28   15   -6
  22  -10   19  -26  -14  -50  -14  -38
-107  -24  -31   16   12   35  -32   14
  61   19   15   22   -9    3   84   22
  28   35   -5  -13   38   48   -1  -20
 -47   14   74  -21   54   46  -21   22
  67   12   42   -9  -65   31   -1  -17
 -12  -35  115   11  -20  -40 -104   34
   7  -53  -52   12  -53    7  -21  -30
  24  -31   26  -14  -43  -43   32  -84
-116  -29  -44   10   -1   42  -26   16
  52   44  -27   16  -57  -19   85   31
  24   33    1  -10   36   50   -3  -19
 -52   15   75  -18   54   42  -22   26
  65   16   44   -9  -69   31    1  -14
  -9  -33  113   16  -25  -37 -106   34
   0  -52  -50   20  -55    0  -24  -32
  27  -34   22  -12  -43  -42   31  -85
-118  -30  -40   12   -4   44  -23   16
  51   45  -34   12  -57  -30   88   35
  27   31    3  -12   39   50   -4  -18
 -50   14   76  -20   55   41  -23   23
  64   13   46  -10  -69   30    5  -17
 -12  -36  110   17  -22  -38 -104   34
   6  -51  -50   21  -51    2  -20  -28
  24  -37   19  -14  -39  -40   33  -83
-115  -32  -44   12   -3   44  -26   17
  45   43  -31   14  -53  -24   80   34
  24   30    5  -10   34   50   -4  -18
 -54   17   75  -16   53   39  -22   26
  61   15   49   -8  -72   30    4  -16
  -4  -34  114   20  -24  -35 -106   30
   0  -52  -50   22  -55    0  -24  -33
  26  -36   20   -9  -43  -40   31  -85
-119  -29  -39   14   -3   45  -23   17
  47   42  -37   12  -57  -33   85   38
  25   28    3   -8   35   50   -5  -18
 -54   15   75  -15   56   37  -21   26
  60   14   50   -8  -72   29    5  -19
  -5  -34  112   21  -24  -34 -106   29
   0  -53  -49   24  -53    0  -23  -32
  24  -38   19   -8  -40  -41   32  -84
-118  -31  -41   16   -3   46  -22   19
  45   42  -37   12  -56  -31   82   38
  28   57  -50  -72   58   24   28  -16
  26   -2   -2  -50   10   27   46   34
  97  -18  -60   -6    8   10  -27  -62
 -74  -23   42  -51   38  -47  -22   19
  85  -62  -48  -57    2   64   21   -2
 -34   33   32  -11  -32  -52  -17    2
 -76   10  -44   -2    2   53   -5  -22
  21   17   62   24   14   61   21  -35
  39   58  -49  -57   48   24   53  -22
  41  -16   21  -47   11   37   43   29
  70   -3  -44    1   -9   18  -22  -49
 -51  -17   59  -54   27  -51  -51   29
  34  -64  -55  -45  -30   66   19    2
  -2   28   51  -18  -39  -56  -39  -13
-101   -6  -25    6   11   50  -22  -11
  68   15   41   13    6   40   64    1
  35   60  -35  -68   48   27   51  -21
  36  -15   35  -51   14   40   38   31
  77    2  -37    4  -15   24  -17  -40
 -51  -26   73  -49   25  -59  -61   36
  32  -65  -54  -39  -40   59   15   -3
   5   21   44  -26  -39  -55  -35  -23
-115   -9  -23    5   10   55  -30   -9
  71   19   34   14    1   30   78    7
  37   44  -17  -68   37   21   39  -15
  14  -15   54  -39   27   32   22   13
  58    3  -12   16  -19   32    2  -20
 -38  -35   81  -41   13  -65  -73   31
  15  -49  -38  -17  -43   38   17   -7
  16    4   25  -25  -23  -51  -25  -29
-108  -20  -27   12   12   38  -30    9
  69   16   23   21   -5   15   84   16
  36   44  -13  -73   39   22   37  -15
  12  -11   56  -43   28   33   17   12
  62    1  -11   14  -20   33    5  -20
 -40  -39   83  -41   15  -68  -72   31
  21  -49  -39  -18  -43   38   17   -6
  15    3   23  -27  -23  -48  -21  -31
-108  -18  -28    9   13   37  -32    7
  65   16   25   23   -7   16   82   14
  34   44   -3  -58   39   27   30  -13
   1   -6   64  -36   33   36    8   13
  60    6    0    8  -30   32    6   -9
 -36  -37   86  -33    3  -62  -81   36
  10  -45  -40   -7  -48   28    9   -6
  23   -8   23  -28  -21  -47   -9  -43
-107  -24  -30   10    9   34  -33    8
  63   24   12   20  -13    1   85   21
  34   42   -2  -71   35   22   36  -13
   7  -11   63  -37   29   30   18   11
  54    6   -4   18  -26   34   10  -11
 -36  -40   85  -37   10  -66  -78   33
  10  -45  -38  -10  -48   31   16   -7
  22   -3   19  -26  -18  -49  -20  -34
-111  -21  -26   15   13   36  -33   10
  65   18   18   21   -7    3   88   22
  33   40   -6  -31   43   39    7  -15
 -25    3   71  -29   49   42  -13   13
  66    9   23   -5  -47   32    4  -13
 -30  -36   95   -9  -11  -50  -92   40
  12  -47  -45    6  -45   16   -5  -15
  21  -24   22  -23  -27  -44   18  -65
-104  -32  -44    7    1   35  -30   13
  52   36   -7   19  -34   -3   78   22
  30   39   -2  -14   42   46    0  -15
 -39    7   75  -20   54   44  -18   18
  65   16   35   -8  -60   30    2  -11
 -23  -33  101    3  -21  -40 -102   42
   4  -48  -49   15  -48    9  -15  -20
  26  -34   24  -20  -31  -45   29  -78
-107  -35  -46   11   -3   39  -26   16
  50   44  -20   13  -43  -17   81   29
  32   39    2  -41   40   33   15  -12
 -16    0   70  -28   43   35   -4   12
  58   10   16    1  -42   31   10   -8
 -31  -35   86  -17   -7  -53  -88   38
   5  -42  -40    7  -46   17    1  -10
  24  -22   18  -24  -20  -43    5  -53
-102  -29  -36   11    3   34  -29   13
  53   30   -1   16  -21   -9   79   25
  26   30    1   -8   36   49   -4  -18
 -53   14   75  -15   55   39  -21   24
  60   15   49   -7  -71   28    3  -17
  -6  -34  112   19  -25  -34 -106   31
   0  -51  -50   22  -52    1  -22  -30
  25  -39   21  -10  -39  -43   33  -84
-116  -32  -43   16   -3   45  -23   19
  46   43  -34   12  -55  -29   82   37
  24   31    5   -9   36   50   -4  -18
 -53   15   75  -17   55   39  -23   26
  64   16   46  -10  -71   30    5  -15
  -8  -33  110   19  -25  -36 -106   34
   0  -52  -49   24  -54    0  -24  -32
  27  -36   19  -11  -42  -40   31  -85
-117  -32  -40   13   -5   45  -24   17
  48   44  -36   10  -55  -32   84   36
