Shape: torch.Size([1, 144, 64])
Range: [-126, 93]
Mean: 1.4327

量化值陣列:
 -41  -52   30  -28  -31  -36   45  -56
  -6   48   37   -8   36   24   33   27
  18    6  -23   11    6  -10   44    1
  30   53   19   10   25   -1  -80   -2
  31    7  -22    1   70   18   37   24
  12  -15  -28  -36  -17  -21  -36   27
  31    0  -24  -11   20  -14   80  -30
  11   40  -33   17  -23 -104  -22   57
 -41  -51   29  -27  -30  -37   46  -54
  -5   50   37  -11   34   27   36   28
  18    7  -22   10    5  -13   45    0
  32   51   17   10   24   -3  -79   -2
  32    4  -23   -1   69   18   38   22
  10  -12  -31  -35  -19  -22  -41   30
  30   -3  -25  -10   18  -13   80  -27
  12   42  -28   14  -22 -107  -21   57
 -43  -55   30  -24  -32  -35   42  -55
  -7   45   35   -6   41   22   31   26
  19    5  -24   12    6   -6   40    1
  28   56   18    9   23    1  -81    0
  31    7  -24    0   73   19   37   27
  14  -18  -25  -37  -15  -22  -32   25
  30    3  -21  -12   21  -12   79  -34
  11   39  -38   18  -23 -101  -24   57
 -45  -56   32  -21  -37  -28   39  -58
  -9   41   34    2   47   17   27   23
  19    4  -25   15    6    1   36    3
  22   62   18   10   23    5  -85    0
  28   11  -27    2   72   19   35   31
  17  -26  -19  -37   -8  -22  -25   21
  31   13  -18  -18   21  -12   79  -43
  13   34  -46   23  -23  -94  -24   58
 -50  -55   33  -26  -39  -23   39  -62
  -9   44   33    6   47   11   22   24
  18    3  -25   18    8    3   38    3
  21   64   20   10   21    7  -87   -1
  26   18  -27    8   66   20   33   37
  21  -30  -15  -40   -4  -21  -19   16
  33   19  -18  -19   24  -11   78  -49
  11   31  -52   23  -29  -86  -20   57
 -44  -53   29  -15  -34  -30   40  -55
  -9   42   31   -1   43   19   32   23
  21    5  -23    9    4   -3   39    2
  26   55   14   10   22    0  -81   -2
  30    7  -23   -1   67   18   36   27
  15  -21  -23  -33  -13  -24  -33   25
  28    5  -20  -13   12  -10   79  -35
  13   38  -36   15  -22  -98  -21   60
 -46  -52   28  -26  -31  -33   45  -56
  -6   50   34   -8   36   21   32   30
  18    5  -21   10    7  -11   45    0
  32   52   18    9   21   -1  -79   -2
  31    7  -22    0   65   19   37   27
  14  -15  -27  -37  -18  -22  -37   25
  30    0  -24   -9   18  -10   79  -30
  10   42  -32   12  -26 -100  -18   57
 -44  -52   28  -19  -32  -33   42  -53
  -6   43   32   -8   40   22   30   27
  20    3  -23    8    5   -8   41    1
  30   53   16    8   19    1  -80   -1
  31    6  -21   -2   70   18   35   25
  13  -16  -24  -33  -17  -24  -33   25
  25   -1  -22  -10   16  -10   81  -30
  10   39  -34   14  -23  -98  -22   59
 -41  -58   29   -9  -35  -33   38  -52
 -11   37   31   -3   48   22   35   21
  23    4  -26    7    2   -2   35    3
  25   57   12   10   22    0  -81   -1
  31    3  -22   -5   74   18   36   24
  14  -21  -24  -30  -14  -25  -34   27
  28    3  -17  -13    8  -10   81  -35
  13   39  -37   19  -17 -103  -28   61
 -42  -55   28   -1  -34  -30   35  -49
 -11   33   26    0   50   20   34   18
  25    2  -25    4    1    0   33    4
  24   54    9    9   20    1  -80   -2
  31    3  -21   -7   71   18   34   23
  14  -20  -20  -26  -14  -26  -31   26
  22    2  -16  -11    4   -7   80  -34
  14   38  -36   16  -16  -99  -27   62
 -39  -50   26   -4  -30  -37   39  -44
  -7   38   30   -9   40   30   38   23
  23    4  -23    2    0   -9   39    2
  30   46    7    8   22   -3  -77   -4
  34   -2  -21  -12   70   16   37   16
   7   -9  -29  -26  -21  -27  -41   32
  18   -8  -20   -5    4   -9   81  -24
  15   44  -24   10  -15 -108  -25   61
 -39  -57   27    3  -34  -33   34  -47
 -12   30   25   -4   50   23   37   18
  27    2  -26    0    0   -1   32    4
  26   53    7    9   19    0  -78   -2
  33    0  -18  -11   74   18   35   19
  12  -18  -23  -23  -18  -28  -36   29
  20   -3  -15  -10   -1   -7   82  -29
  13   40  -32   16  -13 -103  -30   64
 -45  -70   29   12  -40  -22   26  -56
 -21   25   21   11   63    3   33   13
  31    3  -28   -2    0   14   25    6
  17   65    5   11   17    2  -78    0
  24    5  -20   -3   69   23   33   38
  27  -36   -7  -27  -10  -25  -26   17
  33   18   -8  -18   -9    0   75  -47
  12   37  -48   19  -13  -89  -30   64
 -48  -60   30   -1  -40  -21   32  -57
 -15   36   24   10   55    8   31   17
  25    4  -24    6    3    7   33    4
  19   62    9   10   19    3  -83   -2
  26    9  -24    0   63   21   34   36
  23  -32  -13  -31   -8  -25  -26   19
  30   17  -13  -17    2   -4   78  -46
  13   36  -46   17  -21  -89  -22   63
 -42  -60   27   -1  -35  -28   34  -53
 -14   34   26    1   51   14   35   19
  26    4  -24    1    2    2   34    3
  23   57    9   10   19    0  -78   -1
  29    4  -20   -4   69   20   34   29
  19  -24  -17  -29  -16  -25  -33   23
  29    6  -16  -13    0   -5   78  -36
  12   39  -38   15  -17  -96  -25   62
 -48  -65   29    6  -41  -20   29  -57
 -18   30   22   12   60    4   31   15
  28    3  -26    3    2   12   28    5
  17   65    7   11   18    3  -82    0
  25    8  -23   -2   65   22   34   38
  26  -36   -9  -30   -7  -26  -25   18
  31   20  -10  -19   -2   -1   76  -48
  13   35  -49   18  -17  -88  -25   64
 -42  -56   28   16  -39  -23   28  -47
 -15   25   20    9   59   18   35   11
  28    1  -27    2   -2    8   28    6
  18   56    1    9   21    1  -82   -4
  29    1  -23  -11   66   17   34   23
  16  -27  -16  -20   -7  -30  -28   27
  17    8   -9  -13   -8   -3   80  -42
  19   37  -39   17  -12  -96  -28   66
 -43  -57   28   13  -38  -26   30  -47
 -15   27   22    6   57   18   35   13
  28    2  -26    1   -1    6   29    5
  20   56    2    9   20    0  -81   -3
  30    0  -23  -12   68   18   35   24
  16  -25  -17  -23  -10  -29  -30   27
  20    7  -11  -12   -5   -4   80  -40
  18   39  -38   16  -12  -98  -28   65
 -39  -51   27   13  -36  -28   30  -42
 -12   25   21    1   53   25   35   13
  27    0  -27    0   -3    2   30    6
  21   50    1    7   20    0  -81   -5
  33   -1  -20  -14   69   16   33   16
  10  -18  -21  -18  -12  -31  -30   30
  10   -1  -12   -8   -6   -5   83  -33
  18   39  -32   16  -11  -99  -30   66
 -45  -61   29   11  -39  -24   29  -49
 -16   29   22    8   57   14   34   15
  28    3  -26    1    0    8   29    5
  20   58    3    8   19    1  -81   -3
  28    2  -23   -9   66   20   35   29
  18  -28  -15  -26  -10  -28  -28   24
  23   11  -11  -14   -5   -2   79  -42
  16   39  -41   16  -14  -94  -28   64
 -41  -53   26   12  -34  -29   31  -43
 -12   28   21    0   51   23   37   15
  27    1  -25   -1   -2    0   32    5
  23   49    1    7   20   -1  -79   -5
  32   -1  -19  -14   67   17   35   18
  11  -17  -21  -20  -15  -30  -34   29
  14   -1  -13   -7   -7   -4   81  -31
  16   41  -30   12  -12 -100  -28   65
 -39  -53   27   14  -35  -28   30  -43
 -13   25   21    1   54   23   36   13
  27    1  -27    0   -3    2   30    6
  22   51    1    8   20    0  -80   -4
  32   -1  -20  -14   70   16   34   17
  12  -19  -20  -19  -13  -30  -31   29
  14    0  -12   -9   -7   -5   81  -34
  18   39  -33   15  -11 -100  -30   66
 -42  -57   27   16  -37  -25   29  -44
 -15   26   19    6   57   19   36   13
  29    1  -26   -1   -3    6   28    6
  19   53    0    8   20    0  -80   -4
  30    0  -21  -12   66   18   34   22
  15  -23  -17  -20  -11  -30  -30   27
  16    4  -10  -11  -10   -2   80  -37
  17   40  -35   15  -11  -96  -29   66
 -42  -61   28   18  -38  -24   27  -48
 -17   24   19    7   60   14   36   12
  31    2  -27   -3   -2    9   27    6
  19   57    1    9   19    0  -79   -2
  29    0  -20  -11   68   19   34   26
  18  -27  -15  -21  -12  -29  -30   25
  21    8   -9  -13  -12   -1   79  -39
  16   40  -38   16  -10  -96  -30   66
 -40  -61   27   17  -37  -24   28  -49
 -18   26   17    8   58   12   40   11
  31    3  -25   -6   -2    6   29    5
  18   55    0   10   21   -2  -76   -5
  28    1  -16   -8   63   20   33   25
  20  -26  -15  -20  -14  -29  -33   24
  24    7  -10  -11  -16    0   78  -37
  15   42  -35   13  -12  -96  -27   66
 -42  -52   27   11  -36  -24   30  -47
 -13   27   19    5   55   17   33   13
  27    0  -26    0   -1    4   31    6
  20   52    2    8   19    2  -80   -5
  30    3  -19   -8   65   18   32   23
  15  -22  -16  -20  -12  -29  -27   24
  15    4  -12   -9   -6   -3   82  -36
  15   37  -37   14  -15  -93  -26   66
 -39  -61   27   10  -35  -29   30  -47
 -16   26   22    1   55   18   39   13
  30    2  -27   -3   -2    3   29    6
  21   54    3    9   21    0  -77   -3
  31    0  -16   -9   72   19   34   21
  16  -21  -19  -21  -16  -28  -33   27
  22    1  -11  -10   -8   -3   81  -33
  14   41  -35   17  -11 -100  -32   65
 -40  -63   29   14  -39  -26   27  -49
 -17   24   21    7   61   15   36   11
  30    2  -28    0   -2    9   26    7
  18   59    2    9   20    1  -80   -2
  29    1  -20  -10   72   19   33   25
  18  -27  -15  -22  -11  -28  -29   25
  23    8   -9  -14   -8   -4   80  -40
  16   38  -41   20  -10  -98  -33   66
 -42  -59   29   16  -39  -24   26  -47
 -16   23   21    8   61   16   33   11
  29    1  -29    0   -3   10   26    7
  18   58    1    8   20    2  -81   -2
  29    1  -21  -10   70   19   33   25
  17  -27  -14  -21   -9  -28  -25   25
  18    9   -9  -13   -8   -3   81  -41
  17   37  -41   19  -11  -94  -32   66
 -39  -61   27    9  -35  -31   31  -47
 -15   28   23    0   54   19   38   15
  30    3  -27   -2   -2    2   29    5
  23   54    4    9   20   -1  -77   -2
  31   -1  -17  -11   73   19   35   22
  15  -20  -20  -22  -18  -27  -35   28
  22    0  -13  -10   -7   -4   81  -31
  14   42  -34   16  -10 -102  -32   65
 -38  -56   26   17  -34  -30   29  -42
 -14   26   21    1   53   23   39   13
  30    3  -26   -4   -4    2   29    6
  21   49    0    8   22   -3  -76   -4
  32   -4  -18  -14   69   17   35   17
  12  -17  -21  -18  -17  -30  -35   30
  15   -1  -11   -7  -11   -3   80  -31
  17   43  -29   13   -8 -103  -31   65
 -27  -63   25   -3  -25  -51   38  -43
 -10   28   34  -24   43   34   43   22
  29    5  -30   -6   -2  -12   33    3
  34   48   10    9   21   -5  -69    3
  37  -10   -9  -17   93   16   37    8
   6   -3  -34  -23  -32  -24  -49   36
  25  -21  -19   -4    0  -10   80  -11
  10   47  -20   18   -2 -123  -43   61
 -45  -67   29    9  -39  -25   28  -53
 -17   28   23    7   59    9   34   15
  30    4  -27    0    0   10   27    5
  19   62    5    9   18    2  -79    0
  27    3  -21   -6   71   22   34   33
  22  -31  -12  -28  -12  -26  -28   21
  29   13  -10  -16   -4   -2   78  -42
  12   39  -44   19  -13  -93  -30   64
 -39  -58   26   16  -35  -28   28  -46
 -15   23   21    2   57   18   36   13
  30    1  -27   -4   -3    5   28    6
  22   53    2    8   19    0  -77   -2
  30   -1  -17  -12   71   18   33   21
  15  -22  -17  -19  -15  -28  -32   26
  18    1  -11  -10  -10   -2   80  -34
  15   40  -34   15  -10  -99  -31   66
 -39  -62   27    9  -34  -32   30  -48
 -15   27   24    0   55   17   37   16
  30    4  -28   -3   -1    3   29    5
  23   55    5    8   20    0  -76   -1
  30   -1  -17  -11   75   20   35   24
  16  -21  -18  -24  -19  -26  -33   26
  23    1  -12  -10   -5   -3   80  -32
  13   42  -36   16  -10 -101  -33   64
 -38  -57   27   15  -35  -30   29  -44
 -14   24   22    1   55   22   38   13
  29    2  -27   -3   -4    3   29    6
  22   51    1    8   21   -1  -78   -3
  32   -3  -18  -14   71   17   34   18
  13  -19  -21  -19  -16  -30  -34   29
  16    0  -11   -9  -10   -4   81  -32
  17   41  -31   15   -8 -103  -32   66
 -50  -71   33   -8  -42  -18   29  -67
 -20   34   25   14   59   -6   25   18
  27    4  -28    4    6   14   28    6
  16   70   13   12   17    8  -80    0
  20   17  -18   11   65   26   30   48
  33  -41   -2  -36   -6  -19  -18    6
  42   29  -10  -21    5   -1   76  -53
   5   33  -60   23  -23  -78  -25   61
 -38  -70   30    5  -39  -28   28  -56
 -20   25   25    6   61   10   37   12
  30    5  -30    0   -1   10   26    7
  17   64    7   11   22    1  -78    0
  27    3  -18   -3   76   22   34   30
  23  -31  -14  -26  -13  -24  -30   22
  35   13   -9  -17   -5   -4   78  -42
  13   39  -46   23  -10  -99  -35   64
 -38  -62   28    6  -35  -32   31  -49
 -15   27   26    1   55   18   36   15
  28    4  -28    0   -1    4   29    5
  21   57    6   10   21    0  -78   -1
  30    0  -19   -9   76   18   34   23
  16  -22  -19  -24  -16  -26  -33   25
  25    3  -12  -12   -3   -6   79  -35
  15   40  -37   18  -11 -102  -33   63
 -46  -65   28    5  -39  -23   30  -56
 -18   32   22    8   57    6   35   16
  29    4  -26   -1    0    8   30    5
  20   61    6   10   19    1  -78   -2
  26    6  -18   -2   65   23   33   34
  24  -31  -12  -28  -13  -25  -29   19
  31   14  -11  -15   -6    0   78  -42
  11   40  -44   16  -17  -90  -26   64
 -43  -69   30    5  -39  -28   29  -54
 -17   28   25    4   59   10   34   16
  30    4  -29    0    0    8   27    5
  20   64    8   10   19    2  -79    0
  27    3  -19   -5   76   22   35   33
  22  -30  -13  -29  -13  -25  -29   21
  32   12  -10  -16   -2   -3   79  -41
  11   39  -46   21  -13  -96  -33   64
 -40  -56   27   18  -35  -28   29  -42
 -14   25   20    3   56   22   38   12
  29    1  -27   -2   -4    4   29    6
  21   51    0    8   21   -1  -78   -4
  32   -1  -20  -14   69   17   35   19
  13  -20  -20  -19  -14  -30  -32   29
  15    0  -10   -8  -10   -3   81  -34
  18   41  -33   14  -10 -101  -30   66
 -18  -30   12   23   -1  -49   34   -7
   3   15   19  -27   18   49   36   25
  33    1  -14  -26   -7  -23   35    2
  36    2   -2    5   15   -7  -55   -2
  42  -19    3  -35   83    1   23  -19
 -10   27  -37   -6  -49  -38  -51   32
 -16  -53  -21   23  -15    2   62   15
  12   50   13   -9    0 -112  -32   55
  27  -47   26    4   -7  -36   -5   37
  -8   -8   13  -46  -23   27   37   25
  76   11  -16  -43  -16    0  -26   -5
  -7  -14  -39  -35   16  -20    1   17
  31  -42   10  -10   54   39    7  -24
 -32   31  -45    3  -27  -26  -22   33
 -15    6   27   18  -17   23   26   32
 -14   54   16   22   60  -20  -79  -16
  -6  -21  -16  -13    3  -58   27  -19
   9  -11   26  -66   23   36   16   13
  22  -10  -31   -9    1  -20   19  -10
  27   25   10  -25   -4   -8  -40    0
  28  -29    1  -50   80   16   35    4
 -23   38  -17  -19  -20  -12  -33   61
  36  -32  -20   21   -8    4   30   26
   9   50   19  -12   29  -92  -48   24
 -35  -61   27    7  -32  -36   33  -46
 -14   28   26   -5   51   24   41   16
  29    4  -28   -3   -2   -1   31    5
  25   52    5    9   22   -2  -75   -1
  33   -4  -16  -13   78   18   36   17
  12  -16  -25  -22  -21  -27  -39   31
  23   -4  -14   -9   -5   -7   81  -27
  14   44  -29   16   -8 -109  -34   64
 -40  -60   27   -8  -30  -37   37  -50
 -10   36   30   -8   45   21   35   22
  25    4  -26    0    1   -5   35    2
  29   53   11    8   20    0  -76    0
  32    1  -17   -7   77   19   36   23
  14  -15  -23  -29  -22  -23  -37   26
  27   -3  -18   -9    6   -7   80  -27
  10   43  -33   15  -16 -103  -30   61
 -37  -54   23    4  -27  -38   34  -42
  -9   29   26  -10   45   26   35   21
  27    2  -24   -4   -1   -6   34    3
  30   45    6    7   18    0  -74   -1
  34   -4  -14  -15   77   16   34   16
   9   -9  -24  -22  -26  -27  -38   28
  15  -11  -18   -3    0   -5   79  -21
  12   43  -25   10  -12 -104  -30   63
 -38  -67   26    9  -36  -27   28  -55
 -20   25   22    5   58    8   38   13
  32    5  -27   -7   -1    8   28    5
  19   59    5   11   20    0  -74   -1
  26    2  -14   -3   71   22   32   29
  23  -28  -13  -24  -17  -24  -33   21
  33    9  -11  -14  -11   -1   76  -37
  12   41  -40   16  -11  -97  -30   64
 -39  -72   31   11  -42  -24   25  -56
 -22   23   23   12   65    6   37    9
  32    5  -30   -1   -1   15   24    7
  13   67    5   12   23    1  -79    0
  25    4  -20   -3   74   22   33   32
  26  -36  -11  -26  -10  -25  -28   21
  36   18   -6  -20  -10   -3   76  -47
  15   38  -49   24   -9  -97  -35   64
 -42  -69   31   -4  -39  -26   29  -60
 -18   31   28    8   57    5   31   16
  29    6  -29    1    2   10   28    6
  17   66   11   11   21    4  -79    0
  24    8  -19    2   74   23   32   37
  25  -32  -10  -32  -12  -20  -25   16
  37   18  -11  -19    2   -5   77  -44
  10   37  -50   23  -15  -91  -32   61
 -38  -59   27   21  -36  -27   28  -44
 -17   24   19    6   58   18   41    9
  31    3  -26   -5   -4    6   29    6
  19   53   -1    9   22   -4  -77   -4
  30   -2  -19  -13   66   18   35   20
  16  -23  -19  -18  -14  -31  -35   29
  20    3   -9  -10  -16   -1   79  -36
  18   43  -32   14   -8 -102  -30   66
 -43  -73   30    0  -39  -29   30  -58
 -19   30   26    5   59    6   35   16
  30    6  -29    0    2    9   27    5
  19   67   10   11   20    2  -78    1
  26    5  -18   -1   77   24   35   36
  25  -32  -12  -32  -15  -22  -29   19
  38   15  -11  -18    0   -4   78  -42
  10   39  -48   23  -13  -96  -33   62
 -39  -61   28   17  -38  -26   27  -48
 -18   25   21    9   59   16   40    9
  30    4  -27   -2   -4    8   27    6
  17   56    0   10   23   -1  -78   -4
  29    0  -21  -10   68   19   35   23
  18  -25  -17  -21  -12  -29  -32   26
  23    8   -9  -13  -12   -3   79  -39
  18   41  -37   17   -9 -101  -31   65
  10  -35   16  -29   -2  -15    9   12
 -10   32    2  -44  -44    3   54   28
  67   16   -1  -50   -7  -19    3  -11
  -4  -21  -27  -34   16  -33   10   -4
  21  -24   22   23   -3   51    9   -6
 -19   25  -38   -2  -32  -14  -36   27
   6   11   14   20  -24   30   30   41
 -28   67   30   -2   30    0  -38  -13
  24  -45   13   -8   19  -40   -3   34
  -9    3    4  -59  -38    8   38   33
  73   13   -3  -67  -13   -8  -10  -12
   3  -32  -29  -48    7  -21   20   16
  25  -30   28    1   47   48    0  -10
 -22   43  -29    2  -57  -11  -26   14
 -14   -8   20   36   -9   34   15   48
 -29   62   26   -1   41    1  -63  -21
  -6  -50   23   -2  -24   -7    7   25
  -4    9    5  -26    2   14   36    7
  59   -1  -20  -13   -6   -2  -10    0
 -14   18  -22  -26    6  -21  -34   -8
  26  -28    9   -9   44   37   11    0
 -15    8  -23   -8    2  -31  -11   46
  -6    7   24    2  -27   23   25   14
  -3   52   -1   21   42  -33  -65   12
 -38  -59   27   13  -35  -29   30  -46
 -15   26   21    1   55   20   39   13
  30    2  -27   -4   -3    2   30    6
  21   53    2    9   21   -1  -77   -4
  31   -1  -17  -11   70   19   34   19
  14  -20  -20  -19  -16  -29  -34   28
  19    0  -12   -9  -10   -3   81  -32
  15   42  -33   15  -10 -101  -31   66
 -37  -51   24    8  -28  -37   34  -40
  -9   27   25   -8   47   28   35   18
  26    1  -25   -2   -1   -4   33    4
  29   45    5    7   19    0  -76   -1
  34   -3  -16  -16   76   14   35   14
   8  -10  -25  -20  -22  -29  -36   30
  13  -11  -16   -4   -1   -6   80  -24
  15   41  -26   11  -11 -105  -30   63
 -36  -57   26   -1  -29  -39   36  -45
 -10   31   29  -10   46   27   37   20
  26    3  -27    0    0   -6   34    4
  29   50    8    7   21    0  -75   -1
  34   -2  -15  -11   79   17   35   16
   9  -11  -26  -24  -23  -25  -37   29
  20   -9  -17   -6    3   -8   82  -23
  12   43  -29   16  -12 -107  -33   62
 -22  -62   24   -2  -26  -47   36  -47
 -14   26   32  -18   45   30   49   16
  31    8  -29   -8   -4   -9   34    3
  27   49    8   10   26   -9  -67    0
  34  -11  -11  -13   85   17   37    9
   9   -6  -32  -20  -30  -22  -51   38
  32  -15  -17   -6   -7  -10   78  -14
  14   48  -18   17    0 -124  -40   60
 -19  -50   23  -35  -25  -49   44  -51
  -5   35   45  -29   31   37   39   22
  20    8  -31    8    0  -17   40    0
  29   48   18    5   28   -8  -70    0
  33   -7  -18   -8   85   16   39    9
   0    4  -37  -31  -21  -13  -46   44
  38  -14  -24   -7   15  -20   72  -11
  15   46  -15   21   -3 -123  -39   49
 -22  -51   23  -39  -23  -47   44  -54
  -6   39   44  -26   31   31   38   23
  19    8  -28    6    2  -17   43    0
  28   49   21    4   28   -7  -69    0
  31   -2  -16   -1   81   18   38   14
   4    1  -33  -32  -23  -11  -44   38
  41  -11  -24   -6   17  -18   71  -13
  12   46  -19   18   -8 -117  -35   49
 -29  -71   29  -17  -29  -44   37  -57
 -16   34   35  -13   47   19   44   19
  29   10  -30   -2    1   -5   35    3
  25   59   15   11   27   -4  -70    1
  31    0  -11    0   86   23   37   22
  17  -15  -26  -31  -27  -17  -43   28
  44   -2  -16  -12    4  -10   78  -23
   8   47  -34   23   -8 -114  -39   58
 -29  -62   24  -10  -26  -40   39  -55
 -15   38   31  -10   40   20   48   20
  29   11  -23   -8    0  -10   40    1
  27   48   11   11   27   -9  -66   -3
  30   -1  -10   -1   72   20   36   19
  16  -10  -27  -27  -31  -19  -51   29
  39   -7  -20   -7   -4   -7   76  -18
  10   50  -22   10  -11 -113  -28   59
 -37  -66   27    2  -33  -31   32  -55
 -19   33   25    3   53   12   44   14
  30    8  -25   -6    0    1   34    4
  21   56    6   11   25   -5  -72   -4
  28    2  -15   -2   67   22   36   27
  21  -23  -19  -26  -21  -23  -40   25
  37    6  -13  -11   -9   -3   77  -33
  13   46  -35   14  -12 -104  -28   62
 -10  -81   51    7  -33   -8   17   25
 -15   43   10   -4   -3   22   66   20
  73   16  -10  -27  -12   -9    3    8
  -6   13  -26    0   30  -28  -41   -5
  38  -25   13   10   55   32    8  -14
   0   -4  -46   -6  -25  -43  -38   31
 -25   -4   23   -3  -30   17   53    9
  -5   61   -7   33   26  -62  -63   32
  27  -42   15   12    4  -47   -3   38
  -4  -13   11  -56  -24   31   36   27
  74   10  -14  -54  -15   -6  -21   -8
   2  -21  -35  -34   10  -19    6   20
  32  -46   17  -22   63   34    8  -27
 -34   41  -45    5  -40  -27  -30   34
 -15  -10   18   27  -21   25   24   45
 -15   58   27    8   58  -30  -74  -12
 -29  -74   26    7  -36  -34   27  -53
 -21   19   26   -1   61   12   43   10
  34    6  -31   -6   -3    7   24    5
  17   63    7   10   23   -3  -71    2
  28   -3  -13   -8   83   22   34   25
  20  -25  -16  -24  -18  -22  -37   28
  40    6   -8  -15  -13   -3   73  -33
  13   43  -38   23    0 -107  -42   61
 -33  -69   26    4  -32  -35   30  -53
 -19   25   27   -1   55   13   40   14
  32    7  -28   -7   -1    4   29    5
  21   58    8   11   23   -2  -71    1
  28   -1  -14   -6   80   21   34   25
  20  -22  -18  -26  -22  -22  -38   25
  36    3  -12  -12   -7   -4   75  -31
  12   43  -36   19   -7 -106  -36   61
 -28  -70   29  -10  -33  -39   34  -57
 -18   31   33   -5   51   18   44   15
  29    9  -30    0    0    0   32    4
  20   61   12   12   29   -4  -73    0
  29    0  -16   -1   83   21   36   22
  18  -20  -23  -29  -21  -19  -41   29
  43    3  -14  -15    0  -10   76  -31
  14   44  -36   24   -7 -114  -38   58
 -34  -58   26   -3  -31  -36   37  -51
 -13   34   29   -7   46   22   42   18
  26    6  -25   -2    0   -5   37    3
  27   51    9   11   24   -5  -73   -2
  32    0  -15   -6   72   18   36   18
  14  -15  -26  -25  -22  -24  -43   30
  30   -4  -18   -8   -2   -7   79  -25
  13   44  -27   13  -12 -110  -28   62
 -18  -40   20  -31  -19  -48   45  -46
  -1   35   43  -31   24   43   39   25
  19    6  -26    3   -1  -23   44    0
  33   37   16    5   27   -8  -67   -2
  35   -8  -13  -10   80   12   34    0
  -4   12  -39  -24  -28  -16  -49   42
  25  -26  -28    0   12  -18   74   -3
  14   45   -6   13   -7 -121  -34   51
 -22  -40   23  -26  -25  -38   46  -53
  -7   43   38  -16   26   37   47   21
  20    9  -22    1   -2  -20   47    2
  28   37   12   11   32  -11  -69   -8
  33   -2  -14    0   64   13   34    2
   2    2  -39  -22  -25  -19  -52   38
  27  -18  -27   -4    3  -18   80  -11
  16   46   -8   12  -13 -118  -24   57
 -24  -39   22  -16  -23  -41   46  -43
  -4   41   35  -23   24   43   47   24
  22    7  -22   -1   -3  -23   47    1
  33   31    7    9   29  -14  -69   -7
  37  -10  -15  -11   65   12   36   -2
  -2    8  -42  -19  -28  -24  -56   43
  17  -26  -27    1   -1  -14   80   -5
  17   50    0    6   -9 -122  -25   57
 -25  -46   23   -8  -29  -31   39  -50
 -12   35   28   -7   37   28   48   15
  25    7  -22   -3   -3  -11   42    3
  22   41    6   11   30  -13  -69   -9
  31   -1  -14   -2   59   15   33    7
   8   -6  -30  -19  -21  -23  -49   36
  28   -9  -19   -5  -10   -9   75  -19
  18   47  -14    9  -10 -111  -24   58
 -33  -48   22  -33  -30  -20   45  -71
 -15   51   30    2   33    8   44   19
  20   11  -16    0    6  -10   51    0
  19   49   19   14   30  -10  -68  -11
  23   16  -12   21   41   20   32   26
  22  -20  -21  -30  -18  -14  -46   23
  50    7  -25  -11   -1   -8   72  -28
  10   44  -24    6  -27  -95   -7   55
  18  -14    8  -12   -5  -43   17   -8
  -4    7   21  -47  -12   48   47   15
  43   12  -22  -27  -15  -17    6   -5
  -1   -7  -23  -32   26  -24  -18   -5
  28  -36   -8  -18   35   29   27  -22
 -39   46  -46    0  -22  -17  -36   54
  11   -8   -5   16  -14   -2   52   29
   3   57   36    9   32  -62  -51    7
  24  -25    4    0   12  -41    4   15
  -7    0    9  -50  -23   28   41   23
  57   12   -8  -50  -15  -11   -3  -11
  -1  -24  -29  -41   14  -26    5    6
  24  -37    6  -15   36   34   14  -16
 -31   45  -37    4  -41  -18  -33   34
  -1   -8    8   30  -18   20   24   38
 -11   59   37   -2   38  -30  -53   -9
  22  -38   13    0    6  -37   -1   26
 -10    0    6  -48  -24   19   41   22
  66   12   -9  -48  -15   -5  -14   -9
  -6  -19  -34  -44   13  -24    6    9
  24  -38    8   -9   38   41   13  -11
 -28   37  -35    2  -36  -18  -25   30
  -8    2   19   25  -15   25   21   35
 -16   58   26    7   45  -16  -63  -15
  29  -52   27  -12   -6  -40    0   22
 -13    7   18  -50  -29   26   50   26
  75   20  -17  -50  -17   -6  -15   -6
  -6  -13  -34  -36   25  -27    4   12
  29  -40   11    0   49   47   11  -21
 -29   35  -48    0  -36  -17  -32   35
  -2    4   19   15  -15   15   37   36
 -16   64   22   24   54  -28  -76  -13
  -1  -34    1  -32  -21  -54   28  -48
  -5    7   36  -52   31   34   40    3
  23    3  -42    3   -2  -12   18   -6
  13   47    5  -20   18  -16  -47   -5
  25  -28  -18  -26   62   29   49   10
 -19   18  -30  -23   -2   -4  -38   71
  64    3  -15   -3   -4  -15   58    5
  14   53    4   14   30 -103  -51   26
 -27  -70   26    6  -34  -34   31  -54
 -21   26   27    0   54   16   50   10
  34   11  -27   -8   -4    3   29    4
  17   57    5   13   28  -10  -69   -1
  28   -5  -15   -7   75   21   36   20
  19  -21  -22  -24  -22  -23  -46   31
  42    4  -11  -14  -17   -5   72  -29
  16   47  -29   18   -1 -114  -36   60
 -19  -30   13   16  -11  -46   37  -21
   0   18   23  -28   27   48   41   20
  28    0  -20  -16   -8  -22   41    0
  36   15   -1    5   19  -12  -61   -4
  41  -19   -6  -33   74    5   31  -13
  -8   20  -39   -7  -37  -33  -55   43
  -3  -43  -22   17  -16   -2   69    5
  18   50   10   -6    0 -121  -29   58
   9  -17    8   -1  -16  -35   17   -3
  -2    0   19  -41    4   48   42    7
  40    2  -27  -13  -14  -12    3   -5
  -3    7  -23  -26   20  -25  -32   -8
  29  -39  -13  -32   40   24   31  -19
 -37   34  -43   -2   -2  -26  -33   67
  14   -3    0   12  -25    1   45   18
  14   55   28    9   40  -74  -53   14
  25  -48   35  -20  -30  -32    7    1
 -18   16   27  -40  -16   38   63   14
  67   23  -28  -26  -19   -6  -11   -1
 -16    6  -36  -27   40  -34  -15    1
  29  -44   -8    2   33   46   27  -24
 -33   25  -58   -3  -10  -18  -37   57
  14   21   17    0  -21    0   56   20
  -1   64   18   39   55  -55  -76   -2
   6  -26    7  -15  -18  -43   19  -26
  -7    7   25  -43   10   38   46    6
  37    9  -31  -13   -9  -10    8   -5
   0   20  -13  -24   24  -21  -33   -6
  26  -33  -16  -21   41   31   39   -5
 -27   27  -38  -11   -8  -14  -37   62
  37    5   -6    3  -16   -5   56   13
  10   56   18   12   34  -78  -50   16
  22  -46   26   -9  -20  -39    7   11
 -11    9   23  -48  -14   42   57   15
  65   17  -27  -30  -17  -11  -11   -3
  -8    2  -33  -29   29  -30  -14    2
  32  -49   -1  -13   46   40   26  -25
 -36   33  -55   -1  -16  -22  -37   60
   6    3   14    7  -23    4   51   31
  -2   64   25   29   56  -59  -76    0
  34  -48   18  -18   10  -53    3   19
 -11    8   20  -62  -33   28   49   30
  68   23  -15  -58  -20  -10   -9   -6
  -1  -23  -26  -46   22  -23    8   15
  27  -39   13   -7   65   45   11  -18
 -33   52  -41   -3  -55   -7  -30   28
  -6  -10   12   24    0    7   30   44
 -18   62   32   19   45  -31  -79  -14
  10  -11   10   -9  -14  -30   19   -7
  -4    9   18  -37   -4   54   47   12
  38    5  -22  -10  -15  -15    3   -5
 -10    0  -28  -33   24  -27  -29  -13
  28  -35  -19  -23   22   28   30  -21
 -43   38  -48    1   -2  -25  -32   64
   9    0    0   11  -17    0   53   17
  11   55   32   14   29  -62  -50   10
  -8   -7    1  -46  -23  -28   39  -50
   0   32   33  -40    8   39   45    9
  14    4  -27   10   -2  -24   37   -7
   9   28    3  -17   25  -25  -51  -21
  24  -18  -24  -12   19   24   43    2
 -24   24  -37  -20    4   -7  -44   71
  49    1  -24   -1   -6  -16   58    5
  19   53   23    0   10  -91  -22   26
  -7   -9    0  -42  -20  -34   39  -43
   1   26   35  -43    9   41   40   11
  15    3  -27    8   -2  -24   36   -7
  12   27    4  -17   22  -22  -53  -17
  25  -21  -22  -19   34   20   41    0
 -24   28  -35  -21    0   -8  -43   69
  44   -6  -24    2   -4  -15   52    8
  20   52   22    0   13  -97  -27   27
   7  -54   31  -21  -29   -7    6   19
 -10   20   13  -25  -10   14   48    7
  65   11  -20  -13   -9   -2  -12    0
 -24   16  -25  -27   22  -28  -25   -8
  24  -31    5    6   33   42   14   -4
 -18    9  -32  -11    2  -23  -15   48
   4   22   27   -3  -22   14   27   15
  -5   57    0   32   49  -32  -71    0
  24  -38   11   11    9  -43   -5   42
  -3  -20    7  -56  -23   21   25   24
  73    5  -11  -50  -11   -3  -24   -9
   0  -21  -34  -38    3  -16    9   19
  28  -44   19  -21   57   34    6  -20
 -29   39  -33    3  -38  -26  -20   28
 -16   -5   23   30  -20   34   11   43
 -18   54   20    3   59  -16  -72  -18
  17  -41   14   -8   -8  -31    6   23
  -3    2   14  -48  -18   25   43   14
  63    8  -18  -34  -11  -13  -10   -5
  -5   -3  -26  -29   13  -27   -8    0
  28  -42   16  -15   45   36   14  -16
 -29   33  -39   -4  -20  -23  -29   51
   4   -2   15   15  -28   19   23   40
  -9   62   24   11   55  -41  -68   -3
   0  -27    0  -17  -20  -43   26  -41
  -7    3   28  -46   28   32   43    0
  27    2  -36   -4   -5  -12   19   -6
   9   37   -3  -19   18  -22  -43  -10
  24  -30  -14  -27   47   27   44    4
 -19   20  -28  -14   -2  -10  -41   71
  53    0  -13    2  -23   -6   51    8
  16   55   14    5   32  -97  -44   27
  29  -61   42  -26  -28  -34    3   11
 -19   17   28  -43  -26   30   61   20
  77   27  -26  -34  -18   -4  -18   -1
 -17    3  -37  -28   40  -32   -6    8
  29  -44    0   11   40   52   21  -23
 -30   24  -58   -6  -18  -16  -34   47
   9   24   23   -1  -16    3   51   25
 -11   65   14   45   61  -41  -85  -12
  22  -47   24   -7  -16  -31    4   28
  -7    6   18  -48  -20   34   52   15
  69   12  -21  -31  -16  -11  -16   -4
 -10   -2  -34  -30   21  -30   -9    3
  31  -48    8  -14   46   38   17  -24
 -34   32  -51   -1  -16  -25  -32   56
  -1    3   21   10  -26   13   32   36
  -6   63   23   23   61  -46  -77   -5
  39  -54   14   -7   20  -56   -5   38
 -10    0   14  -67  -39   17   46   31
  79   23   -9  -72  -21   -8  -17   -8
   1  -33  -30  -49   13  -22   22   23
  27  -45   25   -9   72   45    4  -17
 -29   53  -37    0  -67   -6  -31   20
 -14  -13   20   31   -4   18   15   56
 -27   65   33   10   55  -18  -83  -22
  37  -49    5    0   36  -59   -9   46
  -9    0    2  -71  -36   10   46   26
  73   18   -2  -73  -23   -7  -17  -10
   0  -41  -30  -63    3  -21   29   21
  22  -43   25  -22   72   45    3   -7
 -28   58  -25    1  -76   -3  -22   11
 -21  -15   24   42    5   24   -3   56
 -28   62   36   -1   46   -6  -80  -26
  12  -10    2   -4    0  -32   15    0
  -4    5   11  -42   -8   44   43   14
  40    4  -15  -23  -15  -15    4   -8
  -7   -9  -26  -39   16  -26  -17   -9
  25  -35  -10  -24   24   29   25  -15
 -39   42  -39    2  -16  -22  -30   54
   5   -5    0   21  -17    8   39   25
   4   55   36    1   26  -49  -46    6
 -17  -29   19  -15  -23  -29   41  -32
  -3   38   30  -21   14   47   49   19
  25    8  -19    0   -6  -23   41    0
  17   21    0    0   29  -20  -64  -15
  34  -16  -17  -15   50   13   33   -8
 -12   18  -41  -15  -18  -25  -50   50
  11  -22  -21    2   -8  -11   67    0
  20   52   12    6   -1 -110  -28   48
 -27  -33   17  -40  -21  -28   55  -60
  -5   60   35  -20    9   31   52   30
  17   10  -12   -3    2  -33   60   -2
  33   27   16   12   28  -20  -61  -15
  31    1   -8   10   38   15   32    5
   3    4  -40  -24  -30  -17  -64   38
  34  -22  -36   -1   -2  -12   76    0
   8   51    8   -2  -24 -109   -5   55
 -34  -48   20   -6  -29  -23   42  -55
 -14   43   22   -3   35   18   50   19
  27    8  -16   -7    0  -11   46    0
  24   41    7   13   25  -15  -67  -10
  29    1  -12    1   46   18   33   17
  15  -13  -26  -21  -23  -25  -53   31
  32   -5  -22   -6  -16   -1   73  -19
  13   48  -12    0  -18 -103  -11   60
 -27  -54   26    7  -31  -32   33  -41
 -14   29   24   -4   44   29   48   12
  31    7  -25   -5   -6   -5   33    4
  19   43    0    8   29  -11  -71   -7
  33   -8  -16  -12   66   17   35    7
   7   -8  -29  -17  -20  -28  -44   37
  21   -6  -12   -5  -15   -5   76  -22
  20   48  -18   13   -3 -112  -33   60
 -15  -66   38   24  -33  -15   17    6
 -14   21   10   -1   23   27   52   11
  59    7  -19  -21  -13   -1    7    7
  -1   24  -20    1   24  -19  -54   -5
  35  -21    1  -10   65   23   16   -9
   0   -5  -35   -5  -16  -44  -33   36
 -14   -6   13   -1  -33   12   57   -5
   8   52  -10   26   21  -80  -57   45
  -3  -46   10   27   -1  -35   16   27
   1    0    6  -37    5   33   38   17
  56   -2  -13  -36   -9  -16    7   -2
  14    0  -13   -9    2  -19  -32    1
  37  -33   21  -36   80   15   10  -18
 -14   26  -32   -1  -36  -41  -39   40
 -16  -40    4   23  -37   24   26   32
   0   56   19   -1   32  -78  -56   32
   8  -50   13    1   -4  -29    7   36
   0    3    8  -45  -10   23   40   11
  64    3  -17  -31   -8  -14   -8   -3
  -3    1  -19  -28    5  -24  -18   -2
  30  -41   23  -21   63   31   11  -13
 -21   29  -30   -5  -24  -28  -25   48
  -7  -17   18   17  -30   24   15   40
  -8   61   17    9   52  -48  -71    6
  34  -55   28   -9   -4  -45   -1   29
 -12    4   20  -55  -32   30   52   27
  79   22  -18  -53  -19   -7  -19   -5
  -5  -17  -35  -35   25  -26    6   17
  31  -45   14   -4   60   45    9  -26
 -33   39  -51    0  -41  -17  -34   36
  -7    0   21   16  -14   12   34   42
 -17   63   25   27   60  -32  -83  -14
  42  -60   13  -10   29  -62   -9   42
 -12    1   12  -76  -40   10   47   32
  81   24   -8  -77  -23   -6  -18   -9
   1  -37  -29  -59   10  -21   28   27
  24  -45   27  -11   80   51    4  -11
 -27   58  -30   -1  -79    1  -27   13
 -18  -14   24   37    6   19    7   58
 -31   66   33    9   54  -11  -90  -27
  41  -47    2    7   39  -64  -11   50
  -7   -8    4  -71  -33   15   42   24
  72   18   -2  -71  -23   -5  -22   -9
  -2  -41  -30  -63    2  -20   28   24
  22  -49   20  -31   79   39    7  -10
 -31   62  -26    2  -75   -5  -22   14
 -23  -18   25   42    6   21   -7   57
 -25   59   38    0   52  -13  -85  -27
  19  -16    4   -2    5  -43   11    2
  -6    5   12  -47  -12   44   46   16
  44   10  -15  -32  -19  -13    0   -7
  -6  -16  -27  -45   19  -24  -10   -3
  25  -37  -10  -25   36   31   25  -16
 -40   49  -40    2  -29  -17  -30   46
   0   -7    2   23   -7    3   40   28
   0   56   38    6   27  -47  -55    2
 -24  -16    7  -42  -24  -12   47  -50
  -3   50   24  -22    6   29   48   18
  16    6  -14    6    1  -26   51   -6
  12   25    7   -6   23  -26  -58  -25
  24   -3  -18    0   11   21   35    9
  -8   10  -31  -22   -3  -15  -50   54
  39   -2  -25    0  -10   -7   56   -3
  16   52   18   -6  -10  -87   -5   38
 -28  -16    5  -50  -22  -18   53  -58
  -1   57   30  -27    5   27   46   24
  11    6  -12    6    5  -31   60   -8
  24   28   16   -1   21  -24  -59  -21
  24    0  -17    2   17   19   37   14
  -3    9  -32  -29   -9  -11  -56   50
  46   -7  -33    0   -1  -10   58   -1
  13   52   16  -12  -18  -95    2   41
 -27  -37   19  -37  -21  -31   54  -59
  -6   57   35  -19   13   30   51   30
  18   11  -13   -3    2  -29   57   -1
  33   30   17   13   27  -16  -62  -12
  31    1   -8    8   46   15   32    7
   5    2  -38  -25  -32  -17  -61   34
  32  -22  -35   -2    1  -13   77   -3
   7   49    2    1  -24 -109   -9   56
 -17  -45   20  -27  -21  -53   44  -41
   0   29   44  -37   27   46   38   25
  21    4  -29    4   -1  -22   38    0
  34   40   16    4   23   -8  -68    1
  37  -13  -14  -19   90   12   37    0
  -6   13  -41  -25  -26  -18  -50   47
  27  -28  -26    0   11  -18   71   -2
  15   46   -6   16    0 -126  -41   51
 -25  -48   22   -4  -24  -42   39  -45
  -9   32   32  -17   37   34   46   19
  25    7  -24   -5   -3  -14   42    0
  30   39    6    9   27  -12  -68   -3
  35   -9  -15  -13   72   14   37    6
   5    0  -34  -20  -28  -23  -53   39
  24  -18  -21    0   -5  -10   75  -13
  18   49  -10    7   -6 -121  -28   58
 -18  -49   20    4  -24  -42   34  -36
  -9   21   28  -18   38   37   46   14
  31    6  -27   -9   -7  -11   32    4
  23   37    2    7   26  -11  -65   -3
  35  -14  -10  -20   78   13   33    0
   0    4  -33  -15  -27  -26  -48   41
  19  -21  -16    0  -13   -8   71   -8
  18   48   -8   11    3 -119  -40   57
  -1  -29   -9   27   17  -42   13   32
   9  -13    2  -52    1   30   23   17
  49   -8  -10  -40   -5  -18    7  -10
  18  -10  -10  -24  -10  -16  -21    2
  32  -36   23  -50   77   13   11  -12
 -21   41  -21   -2  -39  -35  -34   42
 -10  -45    0   37  -33   32    6   43
  -1   56   30  -22   35  -65  -49   19
 -12  -64   30   28  -19  -25   16   18
  -8   12    8  -15   15   27   44   18
  61    4  -15  -31  -11   -5    6    4
   7   13  -17    0   15  -16  -44    2
  37  -26   11  -19   77   19   11  -12
  -2    5  -33   -5  -31  -44  -35   30
 -20  -21   10    9  -32   20   44    9
   1   53   -2   15   24  -77  -58   40
  39  -34   -2   15   35  -60   -7   43
  -4  -19    4  -66  -29   21   34   24
  69   13   -2  -67  -20   -6  -19  -11
   1  -40  -30  -52    1  -18   23   24
  24  -47   18  -35   73   29    7  -17
 -32   60  -28    5  -67  -14  -26   19
 -19  -20   18   42   -5   25   -5   54
 -20   55   40   -7   51  -21  -73  -22
  27  -18   -4   10   22  -55    3   16
  -3   -7    9  -56  -13   40   41   17
  49   11  -11  -46  -22  -10   -5   -8
  -2  -27  -27  -50   10  -20    0    7
  24  -43   -3  -40   57   27   21  -15
 -40   58  -34    3  -47  -15  -29   38
  -6  -18    5   32   -3    7   22   38
  -3   55   43   -2   34  -46  -62   -3
  23  -14   -1    4   13  -45    8    8
  -5   -2   10  -51  -13   41   43   16
  46    9  -12  -38  -20  -12    0   -9
  -4  -21  -28  -46   14  -23   -4    1
  24  -40   -7  -32   42   28   23  -16
 -40   52  -37    4  -36  -16  -31   44
  -1  -11    3   28  -10    7   29   33
   0   56   42   -1   31  -47  -55    0
   1   -5    2  -48  -18  -41   34  -47
   0   25   36  -50    3   46   44   11
  16    6  -30    6   -6  -23   28   -5
   8   22    0  -24   26  -19  -43  -15
  24  -23  -25  -14   28   25   43   -3
 -33   34  -41  -17   -2   -2  -38   67
  43    0  -22    1    6  -22   65   11
  13   51   24    8   15  -86  -34   20
  -8   -9    2  -43  -22  -37   41  -41
   5   29   39  -45    8   48   41   13
  13    3  -28   14   -2  -26   38   -6
  17   27    6  -12   22  -21  -58  -15
  28  -23  -25  -26   42   15   43   -1
 -27   29  -41  -24    1  -10  -46   73
  41  -10  -27    0    1  -21   53    8
  22   51   24    1   14 -107  -28   30
  -2   -6    0  -53  -18  -41   39  -49
   2   26   41  -51    7   44   39   12
  12    3  -31   12   -2  -25   34   -7
  14   28    7  -21   23  -19  -49  -14
  24  -22  -25  -17   35   22   44    0
 -29   32  -38  -22    0   -1  -40   71
  48   -4  -26    0    6  -22   58   10
  17   50   21    4   14  -95  -31   23
 -22  -33   21  -24  -22  -37   49  -42
  -2   45   36  -24   15   47   49   26
  20    7  -19    0   -3  -29   50    1
  31   25    8    8   29  -16  -66  -11
  37  -10  -13   -8   57   11   34   -6
  -7   14  -45  -19  -28  -23  -58   45
  15  -30  -30    2    0  -15   78    0
  15   51    7    5  -11 -119  -22   55
 -23  -41   15  -34  -26  -39   43  -52
  -3   35   40  -30   28   31   37   22
  19    6  -26    9    3  -16   42   -4
  27   47   17    2   21  -11  -68   -2
  29   -8  -21  -13   69   17   39   15
   0    3  -31  -33  -13  -13  -47   47
  44   -6  -25   -7    8  -15   61  -11
  16   46   -8    9   -2 -114  -28   45
 -31  -41   29   18  -31  -13   33  -27
 -13   39   10    7   28   26   53   11
  37    8  -14  -16   -7   -9   37    5
  11   23  -11   10   29  -19  -66  -17
  33   -5   -9   -2   37   18   27    0
   7   -8  -31   -9  -18  -40  -44   32
  -1   -7   -8    1  -30    4   75  -16
  15   51   -5    4   -9  -92  -18   61
 -13  -30   -1  -41  -17  -49   36  -46
   1   16   38  -54   26   31   30   13
  16    0  -34   10    4  -17   30  -11
  22   46   15  -18   11  -14  -55   -4
  25  -20  -20  -28   64   25   46   18
 -14   19  -26  -32   -2   -4  -39   66
  62   -1  -22    0    5  -11   46    3
  15   50    4    3   18 -103  -38   27
 -29  -55   36   26  -38  -13   22  -21
 -17   24   11   13   41   22   45    6
  44    6  -22  -12  -10    5   20   10
   2   35  -13    7   28   -9  -71   -9
  31   -7  -12   -5   56   20   24    3
   9  -17  -24  -10  -10  -41  -27   28
  -5    4    2   -6  -26    4   74  -27
  15   44  -24   22    0  -85  -38   60
  -8  -50   11   29    3  -37   17   23
   0    5    5  -34    5   27   36   22
  56    1   -9  -44   -7  -16   13   -2
  20   -2  -11   -7    4  -16  -31    3
  36  -29   23  -30   80   16   10  -13
  -6   24  -28   -3  -48  -39  -41   29
 -18  -42    2   27  -33   28   29   30
  -3   58   14   -8   23  -75  -49   34
  26  -24    4   -1   11  -43    4   13
  -9    1   11  -51  -20   32   47   17
  54   15  -11  -43  -20  -10   -5   -8
  -7  -21  -31  -46   16  -27    2    4
  22  -43   -2  -22   38   34   21  -15
 -36   48  -37    3  -38  -14  -31   40
  -1   -4    9   26  -12   11   25   35
  -6   58   39    3   38  -38  -60   -8
  19  -13   11   -4   -8  -39   15   -3
  -5    9   19  -41  -10   58   54   15
  42   11  -21  -20  -22  -15    1   -3
  -9   -9  -31  -36   26  -26  -21   -7
  29  -39  -19  -28   34   27   29  -25
 -48   46  -53    3  -15  -23  -35   59
   4   -4    0   13  -11   -7   54   22
   9   56   40   16   30  -64  -57    9
  18   -8    9   -2   -9  -34   16   -6
  -6    3   19  -39   -7   58   49   14
  40    7  -21  -17  -21  -13    2   -5
  -8   -8  -32  -35   25  -27  -23   -8
  28  -39  -20  -29   27   25   28  -25
 -47   45  -51    5  -11  -23  -35   61
   5   -1   -1   15  -16   -3   51   19
  12   54   39   12   30  -64  -52    9
   0   -2    0  -34  -14  -31   33  -30
   2   23   27  -45    0   48   45    8
  18    3  -25    4   -9  -25   28   -5
   3   11   -6  -27   23  -25  -44  -21
  25  -29  -21  -24   25   21   39   -8
 -36   40  -38  -12   -2  -10  -37   71
  26   -8  -17    8   -6  -14   51   16
  17   54   34    1   18  -84  -35   21
   9    1    4  -26   -8  -35   25  -22
   0   18   22  -45   -9   54   47   13
  26    7  -22   -8  -15  -22   17   -4
  -3   -3  -18  -35   27  -24  -29  -17
  26  -30  -21  -18   15   26   34  -18
 -44   46  -45   -2   -9  -13  -33   61
  14   -4  -11   14   -4  -10   58   19
  11   54   38    5   17  -64  -39   12
 -19  -24   13  -29  -18  -32   48  -43
  -1   44   33  -28    9   42   47   24
  19    7  -16   -1   -2  -30   51   -1
  27   20    8    2   25  -18  -61  -14
  33  -10  -12   -8   47   12   32   -3
  -9   19  -39  -18  -25  -18  -56   47
  19  -27  -30    4   -3  -13   68    4
  14   51   15   -1  -10 -109  -18   49
 -11   -4    1  -43  -17  -30   44  -41
   5   36   34  -41    3   46   41   15
  12    3  -22    9   -2  -31   46   -5
  18   19    7  -13   22  -22  -56  -21
  27  -17  -20  -16   31   15   38   -3
 -24   31  -38  -19   -5  -10  -46   65
  31  -17  -29    5    0  -17   55   10
  20   52   27   -4    3 -100  -19   34
 -10  -16    0  -51  -19  -47   39  -46
   6   28   41  -53   14   40   35   12
  13    2  -31   15    2  -24   34   -9
  20   39   15  -17   16  -14  -55   -9
  26  -19  -25  -24   53   21   47   11
 -22   24  -35  -33    0   -4  -41   68
  57   -3  -26   -3   14  -22   54    7
  16   50   11    3   14 -103  -31   26
 -23  -56   24  -14  -23  -48   42  -50
 -10   39   37  -20   32   33   50   23
  27   12  -24   -7   -1  -17   42    0
  32   41   10   12   29  -12  -66   -1
  34   -9  -12   -8   78   16   38    8
   7    0  -37  -25  -35  -20  -58   37
  32  -19  -25   -4   -1  -14   77   -8
  13   51  -10   11   -6 -126  -31   57
 -15  -42   15  -37  -23  -47   43  -49
  -3   31   45  -35   27   38   39   20
  19    7  -30    9    0  -19   40   -3
  26   46   17    0   25  -13  -67   -2
  31  -13  -20  -14   77   16   40    8
  -5   10  -36  -30  -15  -10  -48   53
  44  -13  -25   -6    9  -20   62   -5
  18   48   -4   15    4 -122  -37   44
 -29  -56   21   12  -24  -40   32  -40
 -12   22   24  -12   47   27   41   16
  31    3  -25  -11   -4   -5   32    3
  28   42    4    8   20   -4  -68    0
  34   -8   -9  -17   80   15   33   10
   9   -6  -25  -17  -30  -27  -44   31
  18  -16  -16   -1  -11   -2   75  -16
  13   46  -19    9   -5 -110  -34   62
 -16  -66   34   24  -18  -19   20   14
 -11   32    5   -8    4   20   57   21
  64   12   -7  -40  -10  -12   15    4
   9    5  -20    4   21  -23  -39   -5
  37  -21   18   -2   58   24   10  -11
   3    2  -37   -5  -41  -44  -45   23
 -21  -21    8   10  -37   23   52   14
  -5   60    0    8   14  -71  -44   42
