Shape: torch.Size([1, 144, 64])
Range: [-96, 127]
Mean: 0.1322

量化值陣列:
   5   13  -36   -3    0    9  -35   -7
   0    5  -19    8   19  -10  -13  -11
  -2  -23  -16   -9   25   -1   -4   26
  -9   21   -8    0    1    4   73  -18
 -36    6   17  -12  116    0    6  -21
  -8  -12   -5   27   -3   -8   14    1
   2  -10    3   -1    1  -13    5   -8
   9   -8   10   -4   14   29  -46  -37
  11   17  -39   -9    4   14  -33   -8
   2    0  -19   14   24  -16  -13  -15
  -4  -20  -23  -14   30    0   -2   27
  -9   14  -21    6   -4    0   74  -24
 -27    7   -2   -9  110    8    8  -22
  -6   -7  -12   30   -2   -5   18    2
   3   -7   -6   -4    3  -12    5    3
   9   -9   -2    2   14   32  -39  -37
   7   17  -34    3    7    6  -40   -9
  10   -1  -22    3    9  -16  -15  -25
  -5  -23  -20  -10   26    0    1   30
   0   15  -20    4   -2   -6   74  -18
 -25    9    7  -16  117   -3    0  -18
  -7    0  -12   25   -8   -5   20    1
   1   -1    0   -8    5  -10    4    0
   8    0    0    7   16   25  -41  -37
  13   12  -36   -6    5    6  -31   -5
   4    0  -26   14   15  -12  -18  -17
  -5  -22  -24   -8   27   -2    0   21
  -3   19  -20    5   -4    6   74  -26
 -32    9    2  -13  116    0    8  -15
 -13   -3   -1   23    0   -5   14    4
   8  -10   -5  -15   -7   -7    7    5
   7   -1    8    4   15   29  -44  -30
   6    9  -41    0    0    3  -38   -9
   6    2  -22   -1   13  -14  -17  -12
   2  -26  -19   -9   19    6   -5   31
  -1   14  -28    0    0   -3   80  -14
 -27   11   10  -19  110    6   10  -20
 -13   -4   -4   22    0   -7   11    4
   4   -8    2   -3    4   -6    5    0
   5   -5   12    8    6   34  -46  -35
   7    8  -48   -6    7    6  -34   -9
   5   -2  -17    7   23  -12   -9   -7
  -2  -18  -21  -10   18    0   -3   16
  -5   12  -13   -4   -3   -6   79  -17
 -29    8    4  -15  116    5    7  -16
  -7   -5  -14   22   -1   -5   16    7
   4  -10   -7   -2    0    0    6    6
   3   -3   12    7    8   37  -46  -39
  -2   12  -47    1    6    9  -35    0
   7   -1  -19    6   15  -17   -4  -14
  -2  -21  -18   -4   23   -1   -9   24
 -14   11  -18    4    0   -6   80  -18
 -21    7    7  -10  116    4    3  -19
  -9   -5   -3   15    0   -5   14    7
   4   -7   -8    0   -3   -5    8    6
   8   -5    6    4    7   32  -48  -39
  11   11  -46   -2    5   11  -33   -1
   7    2  -20    0   11   -8  -10  -14
  -5  -25  -28   -4   21   -5   -3   22
 -11   13  -11    0    0   -3   81  -14
 -28    9   -1  -14  118    2    3  -17
  -4   -5   -9   15   -8   -1   13   -1
   3  -10   -6   -5   -2    0   13    8
   6   -9   14    6    8   33  -44  -30
   6   11  -45    2    4   13  -32  -12
   3    0  -15    0   18   -7  -12  -12
  -4  -23  -23   -4   16   -4   -4   21
  -1    6  -14    2   -1   -2   83  -13
 -30    8    0  -15  116    5    3  -13
 -12   -3   -5   17   -1    4   12    3
   0   -8  -18   -6    4    6    7    1
   0   -3   17    0    7   34  -49  -33
   5   12  -49   -6    5    3  -28   -3
   7    4  -24    2   15  -13  -11   -8
   2  -15  -25   -8   15    2   -6   14
  -2   12  -11    3    4  -11   78  -13
 -25   -1    5  -20  117    1    0  -13
 -13   -6    1    5    3   -7    6    7
   3  -10  -12   -8    4    1    8    4
  12    1   22    8   10   40  -52  -37
  10   17  -47   -1   10    6  -27   -7
  12    1  -18    4   10  -26   -7   -4
  -2  -22  -17   -8   18    4   -4   21
  -6    7   -7    2   -6  -10   81  -14
 -16    7   -6  -21  114    7    3  -22
 -13  -11    1    6   -9    2   12    6
   0   -7  -17   -2    3    9   10   10
   3   -7   12    0   10   33  -53  -36
  13   16  -46    0    3   11  -25   -5
  14   -3  -17    2   14   -2   -6   -5
  -2  -21  -22   -3   13    2   -5   15
  -2    0  -16    2    2   -9   82  -16
 -25    0    0  -26  117    7    4  -12
 -14   -8   -2    3   -6   -2    1   -1
   2   -5  -14   -8   10    5    7   -2
   8    4   22   10    5   37  -52  -37
   1    6  -39    8   19    5  -18   -7
  12    3  -19    4   10  -15   -8    0
   5  -35  -34   -6   20   -5    0   13
  -5    1   -8   -4   -3  -11   88  -11
 -16   10   -7   -7  113    3   -9   -7
  -8   -5   -2    9   -6   -4    3    9
  -3   -7  -20   -8   15   -5    0    8
  -1   -2   20    0    8   39  -52  -29
   0    9  -41   -3   13    3  -35   -2
  10    0  -26   10   19   -4  -11  -10
   2  -21  -20   -2   18    1   -4   18
  -2    1   -7    0    0   -8   80  -13
 -27   11   -7  -16  118   -5   -8  -14
 -10   -7   -1   18   -7    2   12    2
   0   -1  -12   -9    1   -1    7    3
   5    1   19    5    9   32  -52  -37
  12    5  -45    1    8    5  -16   -5
  12    1  -18    0   11   -4   -8   -7
   6  -23  -32  -10   16   -1   -5   16
  -8    8  -11    4    0   -5   83  -15
 -20    9  -11  -12  120   -3   -5  -14
 -12   -9   -1    8   -1  -14   13    3
  -6   -6  -14   -8   13   -1    5    0
   2    3   11    9    8   41  -47  -28
   6   10  -44   -1   10   -1  -27  -10
   9   -2  -18    0   16   -5   -2   -2
   0  -28  -25  -10   16   -3   -7   20
   5    5  -18    2   -2  -10   85  -12
 -21    4   -5  -19  114   -3   -1  -14
  -7   -6   -1   12    0    1    8    2
  -1   -4  -13  -10   14   -3    4    8
   5    5   18    4    7   37  -51  -35
   2   18  -45    0   11    6  -28   -6
  11   -4  -17    9   16    0  -10   -9
   1  -29  -26   -6   15    2   -4   14
  -3    4   -4    1   -3  -14   83  -14
 -14    3   -5  -17  119    8   -7   -6
 -19  -10    2    1    0   -4    9    8
  -4   -4  -22   -7   12   -3   10    0
  -3   -3   27    0    5   34  -51  -23
   6    9  -45   -5   18    3  -22  -15
  15    0  -17    4    2   -9   -3   -6
   0  -29  -24   -5   14    2  -12    9
  -5    4  -10    0   -5  -12   83  -12
 -22    0   -1  -21  114    3    5  -13
 -12   -4    2    9   -1    0    7    3
   1    5  -16   -4    6    7   10    2
   0    6   22    9    6   40  -54  -37
   0   18  -48   -3    9   11  -23   -9
   9    0  -17    0    2   -7   -3   -7
   1  -22  -34   -1   11   -1   -9   13
   0    2  -10   -1   -8  -13   86  -12
 -17    1   -8  -22  115    8    6   -8
 -13  -11    3    3   -6   -1    7    3
 -10    1  -16   -4    7   15    8    7
  -2    0   29    5    7   40  -47  -30
   0   12  -49   -1   13    0  -23  -12
  17   -8   -9    6    8  -10   -7    0
   3  -24  -28   -3   13    0   -5   12
  -6    1   -8    2   -6  -10   88  -11
 -16    4   -3  -17  114    1    4  -11
 -10  -17    4    3    0    2    3    7
 -11    0  -23   -9    7    8    8    5
   0    3   26    2   10   38  -46  -37
   0   15  -47   -1    9    6  -16   -7
  14    1  -14    4    4  -20    0   -1
  -2  -25  -27   -4   13    5  -13    9
  -6    3   -9   -5   -3   -7   84  -11
 -10    0   -8  -23  119    4    1  -15
 -14   -9    0    7   -7   -3    6    3
  -2   -1  -20   -4    6    8   12    4
  -5    2   24   12    6   39  -50  -31
   2   12  -46   -6   12    8  -19   -6
  10    4  -16    4    6  -16   -3    0
   5  -26  -26   -9   15   -3   -6   12
  -5   -1  -11   -4   -5  -14   85  -11
 -15   -1   -1  -23  115   10   -2  -10
  -4   -8    0    6   -2   -8   11    0
  -7    3  -19   -4   13    7    8    9
  -2   -2   23    4    5   44  -52  -28
   6   18  -49   -1   10    4  -17  -10
  15    0  -16   -1    3  -24   -6   -5
   3  -30  -32    0   14    0   -5    4
  -5    4  -13   -4   -1  -10   84  -14
 -10    6  -10  -22  118    0    0  -10
 -10  -15    0    3    0    4    6    4
  -1    4  -19   -6    3   14    9    7
   0    2   26   10    7   33  -49  -31
   5    7  -48   -1    9    0  -16  -13
  12    2  -14    1    6  -14    2   -1
   0  -33  -36   -3   13   -1   -8   13
  -1   -1   -8   -3   -4  -11   87  -10
 -13    5  -11  -17  113    3   -1   -9
 -16  -14    4    5   -4    0    3    4
   0    3  -21   -9   11   16    6    6
   2    0   30   10    6   35  -50  -28
   0    2  -46    0   17    0  -16   -3
  17   -1  -11    1   13  -10    2   -4
   4  -31  -21   -4   14    2   -5   13
  -3   -4   -9   -4    1  -13   90  -11
  -8    6   -9  -19  115   -4  -10  -10
  -9  -10   -4   16   -6  -12    1    1
  -8    7  -18   -7   16    1   11    5
  -8   -1   16    5    0   31  -51  -26
   8    9  -39   -6   13    7  -17   -8
  17    0  -18    5    8  -11   -5   -9
   0  -31  -29   -4    6    2   -6    9
  -6   -2   -6   -2    0   -9   87   -8
 -19    6   -9  -20  121    4    5  -13
 -10  -11    0    7   -8   -5    0   -1
   3    2  -13   -5   -1    9    8   11
   4   -2   25    2    2   37  -51  -26
   0   13  -46    4   17   12  -12   -4
  17    7  -15   -2    2  -12   -2    0
   0  -29  -33   -6   13    5  -11    7
  -8   -1   -5    2   -1   -7   88  -15
  -9   -1   -4  -15  115    0   -5   -8
 -10  -10    0    5   -3   -8    2    0
 -11    0  -15   -8    8    7    8   11
   0    0   28    3    1   35  -52  -32
   5   12  -48    6   17    5  -13  -10
  12    1  -19    3    9  -21   -7    0
   0  -22  -28   -4   12    0   -9    9
  -1   -5   -8    0   -2  -11   91  -14
 -13    2  -10  -24  106    7    0   -9
 -10  -12   -1    4    2   -6    4   -2
  -2    8  -22   -4    5   12   10    6
  -3    8   25    8    1   45  -54  -32
  10   11  -43    0   11    3  -18  -10
  19    0  -16   13    9  -20   -3   -4
   3  -28  -37    0   13   -5   -8    5
  -4    1  -12   -1   -5  -11   85  -10
 -13    3   -8  -25  112    3    3  -10
 -14   -6    1    3    5    0    2   -1
  -9    5  -15   -5    8   11    8   10
  -5   -1   25    7    6   40  -57  -30
   3   12  -45    2   11   12  -17   -9
  11    1  -18    2    6  -19   -3   -3
   1  -30  -31   -5   13   -3  -11    3
  -5   -7   -8    0   -8   -9   86  -11
 -12    1  -10  -12  112    1   -1  -17
  -6  -10    2    7    0    0    5    1
  -4   10  -17    0    5   14   11    8
  -4    2   25    8    6   42  -54  -30
   4    4  -46    5   16    2   -8   -5
  18    8  -11    1    4  -26   -9   -2
  -1  -32  -35   -1   17   -3   -8    5
  -9    0   -6   -3   -6   -2   85  -12
 -10   -4  -11  -19  104    0  -14  -12
  -9   -7    2    0    7   -3   12    4
  -5    0  -15    5    9   16    2    8
  -6   -1   30    8   18   44  -60  -31
   2   -4  -40    8   18    1  -19    6
  10    7   11   10    0  -65   -4   -5
   3  -47  -31   -5   18    0   -9    4
 -31   -9   -6    2    1    5   82  -10
   2    1    5  -11  105   -3  -13   -7
 -20   -4    8   12    6   -7    1   -8
  -7    3   -8    5    1   30    0   -1
 -10   -7   26   15    4   38  -38  -32
   1   12  -52   -2   18    9  -21   -7
  13    4  -10    3    2  -20   -2    0
   1  -33  -29   -5   19   -4   -9    6
 -15    3  -10   -5   -6  -11   87   -8
 -17    7  -10  -16  111    0   -5  -10
 -16   -9    1    7    1   -3    2    3
  -6    4  -15   -3   13   12    7    5
   1    2   29   14    6   32  -51  -29
   8    8  -52    2   10   -1  -18  -13
  17   -4  -13    7    4  -16    0   -2
   0  -31  -31   -3   10   -7   -4    0
  -2    3   -7   -8    0   -3   85   -9
 -10    0   -5  -16  113    2    3   -9
 -11   -5   -4    6    2   -3    5   -5
  -6    0  -13   -3   11   12    9    8
   1   -3   31   10    3   41  -55  -32
  -4    4  -42    1   16    6  -18  -11
  16    5   -8    5    4  -23    0   -1
   5  -27  -29   -5   13   -2   -6    8
 -10   -3   -8    2   -4  -13   88   -9
 -11    7  -13  -18  111   -1    2   -8
 -10   -8    0    0   -4   -5    2   -6
  -9    4  -13    0   11   14   10    4
  -1    0   22   10    6   43  -56  -36
   8   10  -52    0   11    7  -19  -17
  20    4  -12    5   11  -19   -2   -4
   0  -27  -28   -6   14   -1  -12    7
  -1   -1   -2    0   -7  -13   87   -7
 -13    6   -6  -16  112    4   -4   -8
 -21   -6    2    4   -2   -5    0    0
  -5    4  -19   -5    8   19    8    4
  -5    5   27    4    0   37  -49  -32
  -4   -3  -37    4   18    0  -17   -8
   7    0  -11    8    7  -11   -3   -1
   1  -40  -27   -1   15    0   -5   12
 -11    2  -16    2   -1   -5   88   -7
 -18   13    2  -17  118   -8   -4  -13
  -7   -7   -2   29   -8  -10    2    2
  -8   -2   -7   -2   11   -5    5    5
  -1   -5   24    0    7   31  -49  -29
  -8    9  -36    1   17    0  -16  -12
   9    6   -7    8    4  -17   -1   -1
   2  -44  -36   -9   13   -1   -3   14
  -1   -3  -20    1    0   -4   88  -13
 -10    6   -6  -13  116   -1    0   -8
 -10   -3   -6   16   -1   -6    1   -3
  -5   -1   -9    0    8    7    3    7
  -3    0   18    1    6   39  -49  -30
   1    1  -43    3    9    7  -22  -12
  14    2  -16    6    4  -26   -6   -5
   3  -36  -26   -2   14    3   -5    8
   1    0   -8   -1    0   -7   85  -13
 -14    5   -3  -18  112    1  -12  -15
 -12   -8    0    8   -8   -9    9    0
  -9    4  -16    0    7    7   10   10
  -3    6   26   13    3   44  -57  -22
  -7    0  -49    0   18    4  -10   -7
  12    0  -12    4    9  -25    0   -6
   6  -34  -30   -5   15    0   -7    4
 -11    2  -12    0   -2   -5   89  -10
 -12    1   -4  -25  113   -4    2  -16
 -17   -3   -3    7   -3    0    3    0
  -3    0  -10   -2   12    8    6    8
   6    2   28    6    7   40  -46  -28
   8    3  -46    4   20    9  -21   -8
  15    2  -12    7    9  -26  -10    4
   1  -28  -33   -5   16    0   -8   10
 -10   -6   -6   -1   -4   -9   88  -10
  -8    7   -4  -17  115   -2   -9  -13
 -12  -11   -5    4    3    1    0   -3
  -2    0  -17   -4   10    8    9    5
  -1   -4   22    8    1   42  -49  -26
   5    8  -46   -1   18    8  -15   -9
  12    2  -12    4    1  -22   -9   -1
   3  -36  -29    2   10   -1   -6    1
  -4    1  -10    2   -1   -5   87   -3
 -18    0   -5  -19  115    5   -3  -11
 -14  -12    2    8   -2    1   10    0
  -3    0  -18    0   10    4    3    3
  -3    0   22    4   10   40  -53  -34
 -17  -14  -32    4   28   -4   -9    0
  10   16   23   24   -2  -78   -6    0
 -12  -68   -8    7   13    9  -10   17
 -47   -6   11  -10  -13    9   53  -24
   1  -18   10  -11   40    5  -29   -7
   8   20   -3   22   16  -18   15   -9
  -5   -1   26   53    3   29  -10  -12
 -19  -12   -3   21   42   30  -38  -10
 -13   18   21  -32   34  -14  -18  -12
 -16   -2   11  -29   24   -4   10   -6
  68  -14   -4   -8   -8   30   -7    5
  12  -16   13  -11   12  -19   17    0
  43    7   -6  -17   87   -4   -5   -5
 -12  -17   31   48  -21    0   -8    0
 -15    1  -27  -22    8  -20   -5    2
 -10   20  -24   -5  -48   -7    0    0
  -6  -15  -29    8   30    6  -20   -5
  14    5   15   19   20  -96    7    4
  18  -50  -26   -8    6    6    2    5
 -39  -11   -8   17    0    3   73    0
  13   -8   28  -16   95   -9  -24   -8
 -14  -12    6   11    0  -18    4  -18
 -22    6  -11   10   21   28   -3   -6
  -8    2   -2   11  -12   19  -16  -16
   2   10  -49    2    8    1  -14    1
  15    7   -8    8    2  -30   -5   -1
   0  -35  -32   -7   18    2   -3    7
  -7    0   -2    2   -5   -5   89  -12
 -16    8   -6  -16  109    0   -7  -10
 -18   -9    2    8    0   -3    6   -5
  -5    0  -19   -1   10   12    5    5
   2   -3   26    7    7   36  -53  -32
  -3    4  -48    4   13    6  -26    0
  17    0  -11    4   16  -28   -2   -3
  -1  -38  -22   -8   14   -4   -2   17
 -14    4   -7    2   -5   -4   86  -11
  -5    5   -3  -13  115    0    0  -15
  -8   -9    0    7   -2   -7    1    2
  -9   -5  -19   -2    4    9    8    7
  -1    0   17   10    1   38  -48  -30
   1   10  -52    2   20    6  -17   -2
   8   -1  -10    8    1  -24   -7   -2
   1  -30  -31   -4   13   -2   -5    9
 -19   -1   -6   -2   -9  -10   86   -7
 -13   -1  -11  -14  111    1   -9  -10
  -9   -9    0    0    1  -10    9    0
  -2    4  -13    0    7   17   12    7
   5    0   24   11    8   45  -49  -32
  -5    0  -37    4   12    8  -14   -8
   1   14  -10   11   13  -22    0    0
   7  -35  -27   -3   19    5   -4    6
  -1   -3  -11   -5    5  -10   91   -9
 -14   11  -14  -13  114   -8  -13  -16
  -6   -6   -6    9   -6   -4    3   -9
  -9    0   -6   -9   14   -2    7   15
  -7    6   17    0    6   34  -49  -30
   0   -6  -37    1   19    1  -19   -4
   7    0  -11    0    2  -27   -7   -2
   2  -34  -35   -6   18   -1   -6   13
  -4   -4   -5    0    2    3   95  -10
 -13   14   -1  -11  109  -10  -13   -6
 -16    0   -1   22    2   -3    4    0
  -7    0  -10    0   13    1   -1   -2
  -6    4   23    2    2   31  -52  -25
   1    6  -39    7   17    1  -20   -9
  10    8  -12   10    7  -28   -3   -3
   6  -37  -26    0   22    0   -9   12
 -13   -1   -8    0    6   -9   85   -5
  -7   14  -10  -14  115  -14   -6  -16
  -9   -8   -4   17   -1  -11   10    1
 -11    0  -12   -8    8    1    4    6
  -3   -4   28   -4    5   33  -53  -26
   0    0  -40   -4   14    2  -14  -12
  15    5   -8    9    6  -19   -1   -8
   4  -40  -37   -6   16    1   -7    7
 -10    2   -1    1    0   -1   88  -12
  -8    1   -5  -17  115   -1   -8   -8
 -11   -5   -5    6    0   -5   10    3
 -10    2  -14   -1   22   -4    4    4
  -9    0   23    7    8   34  -49  -27
   1    2  -43    4   19    7  -19   -3
   5    0   -7   12    5  -26  -10   -1
   0  -36  -34   -4   18    0  -12    7
 -12   -1  -13    5   -4   -6   86   -6
 -12   12   -2  -12  116   -5   -9  -15
 -17   -3    0   16   -2   -6    1    0
   0    2   -8   -1   20    2    6    2
 -10    2   20    1    7   41  -48  -29
 -11    1  -43    8   19    7  -17   -2
  10   10  -10    0   -6  -22  -11   -2
   0  -43  -34    3   13    4   -9   10
 -13   -6   -4   -1  -10   -3   85  -13
 -11    6  -11  -11  105    9  -12   -4
  -8    0   -2   12    0   -5    6    0
   0    2   -8    8    5    6    2   -1
 -14    0   35    4   19   45  -57  -26
 -20    9   18  -37   10    5   -4  -31
  12    2   10   22   45   37   10    5
  60   -4   12   -5  -33   27  -14   18
   3    1  -12  -26  -14  -13  -38  -26
 -11   -9   32    9   -5  -21  -36   -6
  51    6   -9   48  -17  -17   30   21
 -35  -33   25   26   10  -28    4    6
   6    3  -50  -13    9  -12   14    2
   0   18   15  -41    3  -14   -3  -24
   0   10   -7    4   31  -25    9    5
  77    0    4  -12   -9   28    9   -5
 -27  -11  -11    0   31    6  -21    6
  38   -4   31  -10   44  -16  -10   -8
  12  -16   17   29  -22  -20   -2   12
 -21  -19   -2  -17   22  -20   -1    6
  12    2  -48  -21  -46  -25   40   12
   0   16  -19  -30   18    4  -13  -33
   9   -2  -18    4   36   29   12   -6
  43   -9  -18   -9  -22   14   -2   -1
  26   -4  -11  -11   17  -14   53   -3
  10   -1  -13  -12  119    4    6  -19
  -1  -23    9    7  -23   -7    1    9
 -28   -2  -37   -6   11  -17    3   28
  -4   18    0   -8  -35    6  -22   -8
  -1   13  -43    2   10    4  -14   -7
  15    1  -14    3    1  -12   -1  -11
   0  -31  -31   -4   20    0  -10    7
  -3   -1  -12    3    0   -9   88   -8
 -12    3   -9  -13  116    4   -2   -7
 -20  -13    0    3    2    0    0   -2
 -10    0  -10  -10   12   12    5   10
   0    3   24    6    3   38  -53  -30
   4    6  -47   -1   21   10  -31   -4
  13    2  -16   12   -1  -21   -9    1
   2  -34  -25   -3   14   -1  -13   15
 -13    3    0   -5    0   -4   87  -10
 -16    0  -12  -19  116   -1   -9   -6
 -10    0    1    8   -1   -4    7    3
  -1   -5   -7    0    7    9    6    2
   1   -5   24    9    6   27  -47  -33
   1    7  -45    4   15    3  -27   -4
  11    7  -13    8    4  -29   -5   -4
   0  -34  -29   -3   13    0  -11   15
 -13   -2  -11   -3   -3  -10   86  -10
 -14   -6   -2  -18  111    0   -2   -8
  -6   -3   -2   13    0   -3   11    0
  -9   -3   -5    1   10   16    3   11
   4   -3   23    4   10   40  -54  -31
   3   -6  -38    7   16    4  -29  -10
   1    8   -6    0   12  -33   -8   -1
  11  -54  -23   -4   26    0   -5   15
 -25   -8  -11    9   -5    0   77  -21
 -19   -1   -8    2  102   -8  -12   -3
  -2    5   -5   54    3  -16    0   -3
  -4    0   12    9   20    0    2   -1
 -14   -6    8    4    4   32  -41  -17
  -2   -6  -25    1   18   12  -35  -13
  -4    5   -6   24   26  -42  -29  -16
  21  -35  -24  -13   37   17    0   19
 -14   12  -20    6   -8   -4   70  -24
 -20    4   15    8   91  -16  -20  -26
   5    3   -1   66    0   -9   27   -7
  -9  -12    9   -1    1    4   -3   -4
  -5  -13   -4  -11    7   12  -19  -17
  -5  -11  -24    5   18    0  -33  -15
  -3   11   -2   25   20  -64  -25  -14
  11  -50  -21   -9   36    6    1   18
 -17   14  -27   15    5    5   55  -14
 -13    7    9   -1   98  -22   -4  -19
   7    0   -5   74    2  -22   25    7
  -1  -10   17    0    5   -5  -10    0
   3  -14  -12    0    4    1  -17  -21
 -12  -11  -42    7   16    7  -27   -5
   9   14   -2   15    5  -54   -3   -8
  11  -49  -29   -8   26   -1   -7   14
 -20    0   -6    8    2    4   80  -15
   0   14    8   -9  105   -3  -15   -9
 -13   -8    3   36   10  -17   -9    3
  -8    0    0    5   12    8  -10   -1
  -5    0    9    0    0   28  -38  -26
  -9   -5  -34   -1   24   10  -19   -8
   5    6    2   12   16  -33   -7  -12
  14  -49  -28   -2   12    5   -3   20
 -20    3  -11    9   -8    1   84  -15
  -7    0   -3   -4  102  -14  -19  -23
   2    0   -8   36    0  -14   23    0
 -18   -3   -1   -4   26   -4   -3    7
  -5    0    7    5   10   26  -51  -13
 -17  -10  -36    4   26   -5  -26  -13
   5   10   -6   13    9  -38   -4   -2
   3  -49  -28  -10   15   13   -7   12
 -18   -1  -12   -2   -7    0   81   -8
 -11    2   -4   -4  108    0   -7   -4
   3   -6   -2   29    0   -3    4    4
  -6   -9    4    5   13    7    1    7
  -9   14   15   -3   14   34  -51  -35
   7   21   -1  -40    2   -6  -33  -31
 -15   -6   -3  -29   21   55   -7  -35
  29   -6   13    0    0   39  -21   13
  17   -3   19   -8    3   -9   23  -17
  -3    8  -24  -11   97  -15  -14   -6
  23   -6   25   66  -14    5    8   20
  -3  -21   -5  -13   21  -47   -5    3
  -6   24  -14    0    0    1  -32  -12
  -5   -6  -19  -14   31    3  -16   -7
  -6    6   13   -9   15  -34   22  -10
  42  -29  -24   -5    9   16    0   14
 -17  -15   14    7    6    2   34    4
  41    0  -22   12  111  -27  -16   10
 -12  -27   16   49    0  -17  -11   -4
 -35   -4  -19  -18  -14    2   -8   11
 -11   17  -11    0  -42   15   -6  -10
   1   -6  -37   16   19    1  -13   -5
   0    3   -5    2    7  -39    1    0
   1  -55  -33   -7   15    6   -1    6
 -19   -7    5    4    0    6   91   -8
   0    6    1   -8  110   -1  -11   -4
 -15  -17   -3   16    0   -8  -10   -3
 -10    4  -11   -3   15    7   -3    4
  -7    2   29    2    1   31  -38  -27
  -1   -4  -39    4   14   -2  -18  -16
  12    0   -2   16   16  -39   -5   -3
   5  -40  -25   -5   16    2   -2    6
 -10   -1   -6    0   -2   -5   90   -9
 -12    3    4   -8  111   -4  -18  -16
   0    1   -4   18    2  -13    7   -6
  -8   -5   -6    2   14   -2   -3    7
  -6    0   26    8    8   36  -48  -26
  -6    0  -29    5   25    4  -27  -22
   3   13  -12   22   19  -34  -10   -1
  14  -39  -27   -6   11    8   -3   10
 -13   -3  -19   -9    0   12   79  -17
 -10   11    7   -9  114   -4  -10  -14
  -6   -5  -10   41    1   -8   18   -7
  -4  -10   -7   -4   11    0    0   -3
   2    0   12    5    5   17  -45  -26
  -6   -2  -37   -6    3    3  -33   -9
   3   14   -9   10   17  -35   -3  -11
  -1  -35  -25   -5   24    0   -5   19
  -8    0  -20  -17    7   -1   77  -10
 -17   17   -2  -16  120   -1  -12  -15
  -1   -5    0   32    2   -5    5    1
   8   -9   -5   -6    6    6    6    0
   1   -3   21    1    0   35  -43  -21
   1   12    1  -10   -6   13  -50  -17
 -20    3  -15   12   23    3  -11  -28
   9  -12   -6    0   46   25    1   31
  -2   27  -26    3    0    0   26  -11
 -32   13   10   -4   99  -26  -13  -17
   1   -9   -1   87  -19  -15   12   -1
  -9  -13   12  -13  -11  -20   -5   -4
  16  -26  -24    2   11    5  -14  -21
  -3   11    3  -20   -7   -3  -33  -17
 -21   -2  -14    0   31   -9  -20  -28
   3  -11    2   -8   51   11    3   33
  -8   31  -32    1   -7   18   23  -23
 -42   19   11   -5   91  -13   -1  -20
   6    0   11   79    8   -6    9    7
  -7   -8   32   -5   -6  -13   -1  -17
   4  -21  -24  -11   11    5  -20  -26
   8    9   11  -17   -5   12  -44  -12
  -7   -7  -12   -2   29    0  -12  -27
  10   -6   -8   -2   45   17   -6   38
   3   24  -27   -2   -2   -5   31  -20
 -41   19   14   10   90   -3  -13  -21
   1   -4   17   80  -12   11   12    1
  -3  -16   18  -22   -9  -20   -4  -23
  12  -11  -37  -20    6    1  -19  -22
   2    1  -10  -16    2   -3  -39  -28
 -13    5  -18   -1   35    4  -17  -18
  12   -8  -14   -6   33   18    1   26
   8   24  -16   11   -3   15   58  -14
 -31   13   12  -10  107   -7  -20  -21
   6   -8    7   65  -22   -5   18    0
   0  -13    5  -22   18  -24   -5    0
   0   -5  -19  -15   -8    7  -30  -11
  -4    1  -19  -10   19   -6  -39  -17
  -9    6  -26   14   33  -19  -25  -22
  19  -35   -4  -16   35   19   -3   36
 -18   16  -18   -9   -7    7   47  -17
 -20   25   -4   13  101  -18  -13  -23
  -2    3   -5   65    6  -19    2    7
 -10   -4   16   -5   14  -16   -2  -15
  10   -6   -9   -2    8   21  -29  -15
 -12   -4    4   -2   14    0  -18  -15
  -9   10   25   10   -4  -79  -16  -12
  17  -42   12   -3   24    8   -5   28
 -41    4   -2   -3    1   49    2  -19
   0  -30   35    3   22   -5  -43  -20
  35   15   -8   82   21  -38   11   -2
   0  -20   46   20   18   13  -20  -25
   0  -12  -17   -6   24    3  -10    3
  -5   43   16  -24    2    0  -13  -32
  -4   -3   -3    6   10   38   -1   -5
  63   26   11   -6  -10   26  -10    0
  15   12    1    2   11    6  -60  -11
   6  -23   35    0    5    3  -20  -32
  28   14    7   56   -9  -23    6   30
 -32  -21   20   -9   -3  -11    4   -9
  19  -19  -62   -9  -12  -24   -1   19
  18   47   21  -36    1   13  -23  -27
  -4   -7  -11  -21   24   45   -9  -21
  56   26   -2  -13  -11   28   -3    0
  35    3  -15    2   19  -16  -34    4
  13    6   17   -8   57    6    9  -29
  24  -22   23   23  -20  -20  -15   20
 -22  -19  -17  -10   19  -21    0   -5
  18   16  -44  -12  -42  -32   30    8
 -20  -18    2  -17   16  -11   -7  -25
   5   -5   11   17   13  -62   10    2
  72  -36   -7   -1   14   47    4   18
 -22   -3  -16   -1   22    9   11   -3
  31  -17   27  -17   68  -20   -5  -22
  13    1   -8   65    1  -21    9   -8
 -21   -3  -17   -9   34   -8   -9    0
  -8   -4  -35    2  -22  -19   -2   -8
 -12  -15  -23    4   36    0  -22   -6
   7   14   12   13   17  -86   -3  -10
  20  -53  -26   -7   30   15    1    9
 -37    4  -10   11    5    5   72   -4
   2    5   14    2   93   -2  -21   -2
 -15   -8   -2   52    5  -19   -6  -11
 -16   -4    3    0   -4    5  -16    2
  -2   -3   -1   -2   -8   16  -20  -19
  -9    2  -27   -6   20    5  -32   -9
  -1    8   -7   10   11  -15    2   -4
   8  -48  -14  -10   28    9    1   21
   6   -4  -15   11   -3   -8   75  -13
 -15   15   -4    0  116   -2  -10  -14
 -14  -14    3   49   -9   -4   -8   -7
  -7   -8   -4  -14   20  -15   -4   14
  -8    9    6  -12    6   10  -41  -19
   0   18  -31   -5   27    0  -28  -27
   7    8   -3   14   36   -1   -7  -20
  16  -27   -9   -9    1   12  -12   20
  -3    8   -6    0    4    6   68   -9
 -25   -5   -3    5  125    5  -15  -19
  -9  -12    1   43  -13  -15    2    0
  -3  -12  -16  -15    0  -12    3    5
   0    4  -12    3    1   16  -30  -32
 -12   15  -13   -4   17   13  -31  -10
  -3   11   -9  -17   20  -23  -20   -6
  38  -28    0  -14   34   14   10   24
   3    4    5   -6    0    1   38  -18
 -11    3   -9    2  105  -14  -19   -9
   9   -8   22   73   -4  -27    0   -1
 -20  -13   -5  -21    8  -27   -1    3
  -6   28  -14  -16  -16   15  -41   -4
 -13    5    3  -10    6    4  -31  -42
 -17   21   -4  -28   36   -2   -8  -11
  23  -34  -17  -13   36   30    2   24
  -5   18   -2    2   -7    5   35  -18
  -6   13   -1   20   80  -24  -23    3
  19   -1   16   90   -4  -33   -5   -4
 -12   -1    5   -3   12  -14   -9    0
 -16    5  -26  -14    5    3  -33  -25
   3   -1  -12    1   19    6  -35   -3
   1    8   -7   -5   13  -26  -14  -13
  40  -30  -14  -19   38   28    4   15
  -6  -11   -8   -7   -5   23   39  -19
  -3   11   -3    3  102  -23  -23   -5
  26  -19    4   82  -23  -30    5   -2
 -13   -1   -3  -24    3   -7  -15    1
   0   14  -10   -5   -7    2   -9  -14
 -17  -12  -14    4   15  -10  -12   -9
  -7   15   26    1  -17  -76   -1  -10
   9  -51  -19   -5   38    7   -3    2
 -42  -15    3    8   -7   43   25  -20
  14  -15    9   14   43   11  -31    9
  22   -2    7   83   11  -20    0  -15
 -17   -8   51   35    8   -7  -25  -16
 -16   -7    2    5   19   18  -18   -9
 -22    3   22    8   17  -17   -6  -13
 -10   -3   27   17    5  -74    0    3
  34  -35    9   -2   25   32    3    3
 -33    5   -5    1   -1   33  -45   -4
   3  -20   45   -1  -20  -17  -21   -7
  29   11  -21   69   23  -25    5   -5
  -2  -22   30   25    8   21  -12  -31
  -2  -13  -47   -2   -5  -16   36   12
  17   22   21  -26   -2   15  -36   -2
 -22   -2    0  -23    5   27  -16  -24
  22   21    2  -17   29   26    7   22
  31   -1  -22    5    6    9  -34  -11
 -18    0    2    2   65  -14   -8  -18
  17   -8   29   93  -24   -5   10   13
  -9  -24   17  -28   -2  -31   -6  -27
  17   10  -35   -9  -13  -16   12  -10
   1   17   12  -46   -7    5  -46  -25
 -17   -2    2   -7   30    0  -26  -29
   0   12   -4   -5   49   13   -2   32
  13   27  -11    7    0    9    0  -18
 -37   17   29    7   55  -22   -9  -23
  16   -3   19   98   -5    1   10    7
  -7  -20   25  -15   -4  -19    1  -12
  17  -25  -29  -11  -10  -25    9   -5
  15    9    3  -26   -8   -5  -35  -27
  -9    4  -10   -8   14  -23  -14  -29
   9   -2   -1   -4   54   14   15   21
  -7   29   -8   -1    7    6   27  -14
 -33   20   13   10   80   -3  -19  -37
   3    1   11   97  -21   -9    0    3
  -5  -19   10  -22   -4  -10   -1   -5
  17   -5  -28  -10   -3  -12   -4  -11
  -3   16   -1  -24   16    3  -14  -33
 -10   14  -27   -2   42   56  -13    2
  66    4  -17   -2    2   12   -4   18
  32    0   17   -6    4   -6   27  -16
  -9    3  -15    0   87  -13  -23  -14
  12  -20    8   55  -30  -21    3   25
 -14  -27    0   -5   15  -23   -4   -3
 -16   14  -25  -11  -14   -2  -36   -3
   5   17  -10  -19    5    3  -29  -17
 -10    0  -12  -24   23   31   25    0
  54  -19   -3  -10  -10   27  -14    7
  35  -13    6  -18   22  -15   39    5
  26   -5   -5   -9  112   -1  -16   -6
  19  -21    8   25  -29  -21  -20   -8
 -28    6  -28   -3   17  -23   -9    5
 -13   19  -12   -3  -29   -5   -5   -2
 -18   -3  -29   -9   28   -8   -6  -33
   0    2  -13   11   35  -11   23   -3
  54  -45  -34    0    3   33    2    9
   1   14    6    0    0   -7   61   -4
   6   14   -4  -14  101   -3  -36  -20
 -10  -16   -1   30    0  -24   14   -3
 -18    0   -4  -11   13    1   -3    2
  -6    0  -17   -5  -22    8  -28   -8
 -14    0  -26    6   16    1  -32  -18
 -11   10   -2   14   38  -24   -7   -7
  35  -42  -10  -12    5   16   -2   16
 -12    0   -7  -12   11   10   58  -18
  -7   14    7   -7  116   -6  -29  -12
   3    2   -1   52   -6  -17    0  -15
 -20   -7   10  -21   24   -5   -4  -10
   3    8   -2    1   -5   18  -34  -11
 -13    4    0  -10    8   -5  -20  -38
 -13   21   -3    0   20  -22   20   -6
  67  -18   -3  -19   11   44   -6   12
  11   -3   -6  -18   10  -15   23  -18
  18   14   14   -8   84  -17  -14   -9
   4  -14   -1   70  -19  -30   -3  -10
 -28   -8   14  -14   32   -3  -15   -7
 -17   22  -13  -14  -11   10  -21    1
 -23   10   -6   -9   29   -9  -27   -6
 -18   -4   19  -17   -9  -14   -6  -13
  46  -40   -7   -1   29   33    8   25
 -14  -19   20  -11   -4   24   27  -15
   5    3  -25   13   82  -13  -32   13
   5    0   24   80  -17  -20   -7    3
 -11    4   18  -13    1  -14  -15  -10
  -4    4  -12  -22    9    0  -28  -22
 -32  -23   20    7   23   -7   -4  -12
  -4   11   31   11    3  -52   25   -9
  45  -35    3    0    0   12    0   -7
 -31   -3    4  -10  -11   54  -51  -17
  32  -26   24   17  -18  -18  -39   -9
   5   23    9   60    6  -30    4   12
  -1  -18   34   25   12    8  -15  -25
  -6  -13  -24   -2   13    4    9   13
   3   26   41  -29   -2    5    0  -14
 -13   14   12  -10    5   26    8   -5
  38   32   22    0  -11   27   -1    2
 -10    0   15  -11    5    2  -75   -1
  36   -9   27    6  -58   -9  -13  -23
  29    1   10   15  -14  -13   -3   26
  -6  -13    0  -14    7  -19   18  -19
  12   -7  -54  -15  -15  -24   47   24
  13   41   20  -39   -4    9  -30  -16
 -28   -5    2  -29    8   50  -11  -25
  14   39   11   -7   15   35    4   27
  30    7   -9   -3   -2    7  -34    2
 -32   -3   -2   11   52    7   -6  -12
   7  -15   28   65  -22  -14    4   12
  -9  -23   15  -28   -8  -37    5   -9
  23    0  -55  -15  -18  -26   31    1
  20   21   18  -34   -8   -2  -46  -15
 -20   -6    1  -17   -6   14  -21  -26
   1   20   -4    1   57   20    9   32
   6   20  -19   -7  -13    3  -18  -20
 -52    7   21   12   54    0   -9  -16
  15   -8   30   89  -13    4   13    8
  -7  -17   31  -16   -3  -20  -11  -16
  22  -21  -24   -9   11  -13   -1   -8
   1    5    7  -24  -10    4  -44  -15
 -14    5    1  -13   20    1  -23  -29
  -9   15   -1   -3   46   15    2   41
   0   31  -17   11   -6    6  -10  -18
 -47    6   15   11   52   -3   -4  -34
  -2    4   18   98   -5    2   18    5
   3  -24   36  -13   11  -37    3  -11
  18  -20  -37  -13    8  -17    9  -16
   5   19  -26  -20    4    1  -42   -9
  -6   -8   -8   -6   32    7   -8  -22
  17  -12    0   -9   35   13   -1   27
   3   14  -15   -6   23    7   45   -4
 -30   20   -9    1  118  -10   -9  -29
 -13  -17   16   61  -10  -17    7    1
  -1  -14   -5  -21    1  -30    0  -13
   7    5   -1   -4  -10   -6   -9  -20
  -8    6  -21   -7   24    4  -39   -8
  -3   -1   -6   -5   19  -17  -11  -15
  14  -22  -31   -9   32   19   -1   16
  -9    9   -5    8  -10    1   72   -8
  -9   16   -3   -2  117   -9  -14   -3
  -6  -17    9   51  -13    2   -1    2
 -14  -10    0  -22    5  -10   -7    4
   0    1    4   -6    2   17  -41  -27
  -3    3  -23  -16   29   -3   -5   -9
   2   13  -15   -8    5   10    3   -2
  17  -34  -22   -5    9    9  -10   14
  25   -8   -1  -20    0  -20   78   -8
   4    6  -24    0  120    3   -4  -14
   5  -19    5   23  -12   -5  -10    1
 -11    0  -14  -13    7  -11    1    2
 -10   10   13   -8   11   26  -50  -25
   0   13  -27  -16   25    0  -10   -5
 -11   11   -3   -4   16  -10    9    5
  22  -19  -34   -3    8   18   -8   13
  13  -10   21   -8   -2   -7   78   -7
   0    5  -18  -11  115   -1  -27   -8
   1  -25   11    8  -14  -23   -4   -3
  -7    2  -23  -18   20    0    0   11
  -3   12   12  -10   -5   28  -50  -29
  -5   15  -14  -13   18   -1  -18  -34
   5   14  -17  -24   29   31   18   -1
  42  -16   -2   -3   -8   26  -12   17
  24    3   19  -13   14  -15   46  -12
   1  -11  -23  -14  109  -24   -3  -12
  26  -28    0   38   -8  -35   -7    3
 -21   -6  -20    3   11  -22   -4   24
 -19   10  -15  -12   -6   21  -44   -3
  -7  -21   15  -10   22  -20   -8    6
 -22   34   22   -5   -9  -48   -4  -14
  32  -42    0  -12   29   29    9   14
 -28   -5   -3    2    1   44  -29  -16
  44  -10   14   -1   10  -14  -52    4
  11   14   21   74   -5  -16   -7    0
  -5   -5   45   19   -2    2  -35  -25
  -6  -15  -31    5   16   -7   -2    5
 -21   24   30  -11    7   -7   -9   -8
 -11   19   24    1   14  -36   25   -8
  55    3   14   -3   -8   23    0   -7
  -8   19    3   -6   -2   10  -66   -9
  40  -17   24   21  -63  -17  -34    2
  21    8   -7   27  -11  -23    1   -6
  -1   -4   22   18   31    2  -14  -30
   0    0  -41   -3   -2  -26   30   27
  20   29   39  -44    0    7  -16   -3
 -21    7   20  -27    4   24    7  -10
  22   29   25   -2  -20   31    9    4
  13    4    2   -8    7   16  -78    2
  15   -5    8    0  -46    0  -13   -2
  22    0    9   13  -23  -13  -17   18
   8  -20   16   -3    6   -7    1  -33
  18   12  -54  -11  -17  -25   48   34
  25   37   16  -27  -10   -4  -27   -8
  -8   -6   11   -4    4   46   -1   -7
  22   40    3  -17   13   39    0   15
  33   20   -2   -8    9    4  -52   -9
 -30    7   21   15   41    7    0  -13
   8  -23   23   53  -19  -15   -4   18
 -22  -36   14  -29  -25  -28   -1  -16
  22    2  -50  -14  -25  -41   30   16
  12   22   14  -32  -10    0  -30   -8
 -18   -4    0  -20    3    8  -31  -38
   0   11    6   -2   55   22    6   35
  12   27  -31    3   -2   15  -10  -18
 -38   10   14    1   45  -13   -4  -19
   4   -1   22   95  -20    3   12    2
   6  -22   34  -16    2  -39    0  -19
  22  -19  -30   -9    1  -23    5    5
   8   18    0  -25  -12    8  -44   -4
 -18   -5    6   -6   13    0  -23  -25
   8    0   20    0   48   21   11   30
  14   28  -37   -1  -13    6   -9  -20
 -45   11   21   12   59   -7   -8  -23
  20  -15   15   97  -13    5    9   11
   0  -15   30  -26   -2  -31   -5   -9
  15  -15  -33  -28    0  -18   10   -8
  22   20    0  -28  -10   -2  -44  -14
 -31  -13   -7   -9   10   20  -15  -30
  -3    2    6   -6   53   18    7   36
   6   31  -17    8    4    7   -8  -23
 -53   13   12   13   65  -12    3  -27
  12   -9   14   85   -9    7   16    3
  -5  -22   26  -20   -8  -19   -5  -11
  26  -10  -34   -4   13  -15    0  -12
   3   14  -18   -4   19   21  -45    7
 -14   11    6   -8    8  -46  -21  -19
   7  -27  -18  -13   40   13    5   16
 -18   19  -11    6   -1    6   59   -8
 -18    3    5    0  106   -1  -11  -25
  -2  -17   16   67   -4  -19    7    0
  -7   -6   -8  -16    4  -12  -13  -12
  24    0   -3   -7    0   11  -22  -23
 -12    7   -9  -13   13  -12  -46  -24
   5    9  -15   17   22   -8  -10  -10
  20  -37   -6  -21   25    9   -8   33
  -3    0  -12   -6    6    4   59  -19
 -25   10    2   -4  115    0   -6  -15
  19   -7    0   58  -12   -9    3    0
   0  -13    9   -6   -3  -18    2    4
   3  -11  -10   -2    2   18  -37  -18
   1   -1  -26   -5   27   14  -28    5
   0    8   -3    4   11  -38   -1  -11
  17  -36  -19   -2   17   15   -1   11
  -9    3   -5    8  -12   -4   80   -9
 -14   14   -9   -6  117  -10  -18   -9
  -8   -9    1   40  -12  -22    3   -2
  -2   -3  -10  -13   14   13   -6    1
  -7   13   11  -13   -3   12  -46  -18
  -6    5  -29  -12   20    3  -11  -10
  16   -3    3    7   14  -31   12   -8
  26  -39  -33   -3   -5   11   -6    8
   3  -14   -2  -14   -1   -3   71    2
   5   11  -21    0  127   -9  -13   -5
   7  -14   -5   30  -27  -18   13   -5
 -26    0  -20  -10   23   -9    4   10
   7    4   -2    7  -13   22  -31  -16
   5   -2  -31   -5   28   -1  -17  -15
   8    2   -4    7    5    9   25    0
  25  -36  -17   -6    0   15   -1    8
   9   -8   -7  -21    7  -16   77  -10
  -3    4  -14  -19  119  -13  -10   -5
   0  -22   14   10   -5  -14    0   -4
 -15    6  -33  -12    3  -14   -3   14
  -4   17   14    0    4   15  -51  -13
   2   47   36  -39   -8   12   -2   -6
 -26    0   16  -37    8   30   13  -12
  43   32   23  -10   -9   30    3    8
  30    0   17  -11   12    3  -67   -8
  18  -10    4    3  -24   14  -27   -4
   9   -4   17   22  -33  -32    8    8
  -5   -8   20  -13   -5  -17    2  -21
  13    1  -55   -6  -11  -24   48    8
  18   45   30  -40  -18   16  -28  -12
 -16   10   20  -19    6   28   -1   -8
  21   36   24  -14   11   31   -3   16
  17    9    5  -14   -3    5  -85    0
 -21   11   21   20  -12   -1  -13  -12
  -1   -4   27   32  -20   -1    2   21
 -16  -20   22  -21  -12  -21    8  -16
  16    6  -36  -14  -13  -37   43    6
  30   21   25  -34  -14   -1  -16    0
 -20   16   10  -20   -6   32  -12  -29
   8   27   19   -8   17   20   28   24
   6    6    0   -7   -2   10  -71   -8
 -27    2   -4    7   18    2   -6  -15
  19   13   33   61   -3   -1    3   12
   3  -25   31  -27  -10  -32    2  -20
  26  -12  -46  -13   -8  -41   39    0
  16   23   13  -23  -11   -5  -39   -7
 -28    0    1  -15    9    0  -26  -30
 -11   21   16   -3   48   17   11   27
   2   24  -22    4   -2   14  -21   -8
 -50    8   22   19   52   -2    5  -13
   5   -3   18   98  -16  -12    7    8
 -11  -27   29  -16  -17  -24   -2   -6
  20  -14  -42  -10   -4  -22   18   -1
   8   22   13  -28   -2   -5  -50   -2
 -24    1   12   -8    7    3  -26  -30
   7   14    0  -18   45   14    9   40
   4   21   -3   -5    0   20  -23  -28
 -48    4   35   12   45   -7  -14  -18
  28    6   14   85    0   -4   17    8
   9  -17   23  -23  -19  -13    4  -24
  23  -20  -39  -11    1  -28    0    0
  22   34   11  -21  -13   11  -58  -11
 -39    0    5   -5   14   -7  -24  -36
  11    5   17   -6   47   19    0   25
   6   43  -33    6    1   -3  -13   -9
 -33   24   18    7   37   -4  -19  -24
  16    8    3   88  -18   -3   12   10
   2  -21   26  -13   -1  -24   -3  -16
  21  -26  -46  -18    2   -7    5    5
  15    6    7  -19   -5   10  -38   -7
 -22   -6   -5  -13    2  -21  -16  -40
 -11    8    4   -3   52   15    5   34
   0   29  -13    1    2   10   -3  -25
 -41   11   18    2   70   -4  -16  -16
  13    1   10   98  -12    9   14   10
   0  -20   28  -12  -23  -23   -3  -18
  21  -20  -36   -9   11   -4    3  -14
   8   26  -13   -8   -1    9  -42   -1
 -17    3   -5   -5   39   -1  -23  -14
  12  -18  -19  -21   42    9    0   17
   5   -1  -20   16    8   -8   37   -6
 -35    3    6   14  112  -15   -6  -32
  11  -28   16   74  -13    1    8    5
   0   -6   16  -19  -11  -18   -3   -1
   7   -3    5  -12  -13   -1  -17  -19
  -5   11  -31  -24   11   16  -19  -17
  -6    0  -15    4   30   27   -7  -21
  11  -29  -15   -7   11    1    3   14
   4    4    5   -3   -2   -9   59  -21
 -11   23  -14   -7  123   -7  -13  -12
   9   -8    1   38  -10   -4   16    0
   3  -10    9   -9    8  -25   -3    3
  -5    1    4    0   17   19  -58  -23
   0   -2   -5    7   12   -3  -48   -1
   3    0    1    6   23  -38   -3  -12
  19  -28  -11  -13   20   17   -3   31
  -9   -5  -31    7   15   -6   62   -9
  -6    8    3   -8  116   -9  -21  -23
  -2  -15   11   55  -17  -21   -5    2
  -9  -10   -9  -13   17  -10    6   -5
  16   20  -12    2  -25    4  -21  -25
  -5    9  -39   -9   13   -3  -12  -18
   7   -6  -14   -3    4   -8    2   -5
   9  -28  -26   -9   12   10   -7   10
   9   -7    1  -10    8  -15   84  -11
  -6   14  -26  -11  114    0   -1   -2
  -3   -8    0   23   -5  -15    7    1
 -10    3   -6   -7   21   -5   -2   12
  -4   16   25   -2    8   25  -55  -33
  -3   -3  -38  -10   24    0   -5  -17
   5    3   -4   14   17  -37    6    8
  22  -58   -6  -12   -8    6    2    6
  -8    1    2  -13    1   -7   73   -8
   3    4   -5  -10  121  -17  -17  -12
  -3  -16   -3   22   -6   -6    1   -8
 -15    9    3    2   25   -2    0   16
  -8   17   -5    5  -10   20  -48   -5
  16   40   28  -29   -9    5  -19  -34
 -32    0   -2  -27   15   43    0  -31
  33   42   -3  -10    7   25    1   30
  34    5    9  -14    1   -6  -62   -7
  -4    3   10    2    3    4    1  -10
  11    6   21   42  -17  -26   12   31
 -11  -25   26  -18    1  -26   -1  -27
  26    7  -58  -13   -4  -24   24   15
  17   38   22  -10   -8    8  -26   -3
 -26  -10   19  -11    0   24  -17  -28
  13   29   18  -17   33   27   18   23
  17    0   -7   -7  -16   25  -56   -9
 -29   -5    1   12   -7   -2  -27    1
  13    9   40   67   -1    0   16   14
  -5  -29   35  -10  -33  -10    0  -38
  14   -8  -51  -31    1  -25   22    3
  21   33   24  -29  -19   14  -26   -8
 -21   -5   -1  -30   12   26  -22  -18
   1   20   24  -21   29   31   14   35
  26   -3   -1    0    0    7  -59  -17
 -21   -9    8    4   13   -4   -9   -6
  15    2   28   70  -13   -5    0    5
 -17  -36   41  -20  -11  -15    9  -28
  14   -9  -26   -4    4  -27   39    7
   6   29   13  -25  -12    9  -47  -10
 -37    1   10   -3   -9   19  -15  -24
  10   21   22  -14   39   18    8   25
  23   29  -19   -9    1    1  -38  -22
 -52    8   24   14   23   -7  -14  -18
  22   12   10   81   -5    8    3   19
   5  -31   35  -16   -6  -25    0  -20
  19   -2  -52  -12   -2  -14   21   -2
  16   28   22  -16  -34    6  -31    0
 -23  -15   -4  -21   13    5  -26  -32
   3   11    0   -9   34   16    3   34
  25   25  -10    1  -10   12  -30  -10
 -35   10   22    8   33    1   -5  -15
  18    1   16   90  -13   -1   11    9
 -11  -29   35  -21    0  -27    9  -23
  32   -4  -59   -8    0  -32   19    1
  24   18    7  -26  -10   17  -45   -5
 -23   -3   -1  -12   12   22  -15  -40
  -3   14    4  -20   51   17    7   29
  10   16   -8   -8   -5   14  -10  -25
 -40    5   12   12   54    1    5  -26
  37    1   22   92  -13    3   13    7
  -6  -18   26  -17  -19  -21   -4  -10
  15  -10  -43  -15    3  -25    7  -13
  20   17   19  -34  -22    3  -32  -14
 -18  -11   11   -3   28   -5  -19  -40
   2   16   14   -3   49   13    0   35
  10   44  -18    0   -1    5  -17  -24
 -35   10   33    6   40  -13  -15  -27
  31    0   11   81  -18   -2    4    7
  -3  -15   49  -19  -29  -12    2  -24
   5  -18  -37   -7   14  -17   -2  -10
   9   10   -4  -12    6   17  -34   -5
  -1    3    1   -7    9  -23  -17  -29
  12  -14  -13  -13   45   12   13   25
   0   18  -17    2    1   17   22   -5
 -27    9   10   11  102  -12    5  -33
   0  -16   18   90  -19  -23    1   -3
 -17  -12   13  -27  -12  -19   -2   -4
   0    9  -27   -8  -24   -6    7  -10
 -16    0  -21   10   14    0  -41  -24
   2    7    6   20   24  -18  -14  -13
  11  -34   -9   -5   44   16   -7   27
  -5    4   -5   -6   -8    4   55  -21
 -22    2    4    1   95  -21  -23  -12
  16    5    0   63    3  -13   11   -1
   0  -14   28    0  -13  -15   -6   -7
 -12   -6  -10   -3   22   15  -47  -33
   3   -8   -8  -34   12    7  -45   -5
 -21    3   -2   12   23  -39  -16  -22
  20  -19  -12  -12   50    7    6   27
  -7   14  -15    5   -2   12   39   -8
 -29   27   16   -5   93  -19  -10  -31
  10  -12   30   71    0  -21    2    3
  -5  -14    2  -15   11    0   -5  -21
   9   -8  -14  -10   -4   -3    4  -18
  -2   -1  -42    0   13   11  -16   -2
   3   11  -13    6   11  -44    2   -9
  11  -37  -30  -10   17    6   -5    6
  -4   -3  -16   -1   -1    0   81    0
  -8    7   -7  -12  124  -14  -13  -10
 -16   -9    1   12    1  -11   -4    0
  -7    0   -9   -8    5    3    4   14
  -4    6   18   15    3   30  -38  -30
  -3    5  -30   -5   32   -5   -1  -31
   2   11  -27    9   17   31   10   -5
  29  -32  -16   -3   -7   23  -11   15
  17   -7   10  -32    2  -30   54  -19
 -12    3  -23   -6  102   -1  -23  -12
  16    7   -4   20  -10  -17   26    2
 -16    0    0    2   15  -16    1   12
  -4   13  -11   -5   19   32  -63  -26
