Shape: torch.Size([1, 144, 64])
Range: [-22, 36]
Mean: -0.0770

量化值陣列:
   1    1  -13    1   -1    0   -9   -2
   2   -1   -9    5    0   -3   -2   -5
  -2   -6   -7   -2   11   -1   -1    7
   0    3  -10    1    2    3   27  -10
  -7    5    5   -2   23    2    3   -7
  -2    4   -6    2    0   -4    6    3
   6   -5    1   -3    1   -3    4    0
  -1   -4    6   -1    7    9  -15  -11
   2    1  -13    1   -1    0   -9   -2
   1   -1   -9    5    0   -3   -2   -6
  -2   -6   -7   -2   12   -1   -1    8
   0    3  -11    2    2    3   27  -10
  -7    5    5   -2   23    2    3   -7
  -2    4   -6    2    0   -4    6    3
   6   -5    1   -3    1   -3    4    0
  -1   -4    6   -1    7    9  -15  -12
   2    1  -13    1   -1    0   -9   -2
   1   -1  -10    5    0   -3   -2   -6
  -2   -6   -8   -2   12   -1   -1    8
   0    3  -11    2    2    3   28  -10
  -7    5    5   -2   24    2    3   -7
  -3    4   -6    2    1   -4    6    3
   6   -5    1   -3    1   -3    4    0
  -1   -4    6   -1    8    9  -16  -12
   2    1  -14    1   -1    0   -9   -2
   1   -1  -10    5    0   -3   -2   -6
  -2   -7   -8   -2   12   -1   -1    8
   0    3  -11    2    2    3   28  -10
  -7    5    5   -2   24    2    3   -7
  -3    4   -6    3    0   -4    6    3
   6   -5    1   -3    1   -3    4    0
  -1   -4    6   -1    8    9  -16  -12
   2    1  -14    1   -1    0   -9   -2
   2   -1  -10    5    0   -4   -2   -6
  -2   -7   -8   -2   12   -1   -1    7
  -1    2  -11    1    2    3   29  -10
  -7    5    4   -2   25    2    3   -7
  -3    4   -6    3    1   -4    5    3
   6   -4    0   -3    1   -3    4    0
  -1   -4    7    0    8   10  -17  -12
   2    0  -14    1   -1    0   -9   -2
   2   -1  -10    4    0   -4   -2   -5
  -2   -7   -8   -2   12   -1   -1    7
  -1    2  -10    1    2    3   29   -9
  -6    5    4   -3   26    2    3   -6
  -3    3   -5    3    1   -4    5    3
   6   -4    0   -3    1   -3    4    0
  -1   -4    7    0    8   10  -17  -12
   2    0  -15    1   -1    0   -9   -2
   2   -1  -10    4    0   -3   -2   -5
  -2   -7   -9   -2   12   -1   -1    7
  -1    2  -10    1    2    2   30   -9
  -6    5    4   -3   26    2    3   -6
  -3    3   -5    2    1   -4    5    3
   6   -4   -1   -3    1   -3    5    0
  -1   -4    7    0    7   11  -17  -12
   2    0  -15    1   -1    0   -8   -2
   3   -1  -10    4    0   -3   -2   -5
  -2   -7   -9   -2   12   -1   -2    6
  -1    2  -10    1    2    2   31   -9
  -6    5    3   -3   27    2    3   -6
  -3    3   -5    3    1   -3    5    3
   6   -3   -1   -3    1   -3    5    1
  -1   -4    8    0    8   11  -18  -13
   2    0  -15    1    0    0   -8   -2
   3   -1  -10    4    0   -3   -2   -5
  -1   -8   -9   -2   12   -1   -2    6
  -1    2  -10    1    2    2   31   -9
  -6    5    3   -4   27    2    3   -6
  -3    3   -5    3    1   -3    4    3
   5   -3   -2   -4    2   -3    5    1
  -2   -4    8    0    7   11  -18  -13
   2    0  -15    1    0    0   -8   -2
   3   -1  -10    4    0   -3   -2   -5
  -1   -8   -9   -2   11   -1   -2    6
  -1    1  -10    1    1    2   31   -9
  -6    4    2   -4   28    3    3   -6
  -4    3   -4    2    1   -3    4    3
   5   -3   -2   -3    2   -3    5    1
  -2   -4    9    0    7   11  -19  -13
   2    0  -16    1    0    0   -7   -2
   3   -1  -10    3    0   -3   -1   -4
  -1   -8  -10   -2   11   -2   -2    5
  -1    1   -9    1    1    1   32   -8
  -5    4    2   -4   28    3    3   -5
  -4    2   -4    2    1   -3    4    3
   5   -2   -2   -3    2   -3    5    1
  -1   -3    9    1    7   12  -19  -13
   2    0  -16    1    0    0   -7   -2
   4   -1  -10    3    0   -3   -1   -4
  -1   -8  -10   -2   11   -2   -2    5
  -1    1   -9    1    1    1   33   -8
  -5    4    2   -4   29    2    3   -5
  -4    2   -4    3    1   -3    4    3
   5   -2   -3   -3    2   -3    5    1
  -2   -3    9    1    7   12  -19  -13
   0   -1  -14    1    1   -1   -6   -2
   3   -1   -9    4    1   -4   -1   -3
   0  -10  -10   -1   10   -1   -2    4
  -3    1   -9    0    2    2   31   -8
  -3    4    1   -3   27    1    1   -4
  -3    3   -3    3    1   -3    3    2
   4   -1   -2   -3    3   -3    4    1
  -3   -2    9    0    6   11  -19  -11
   1    0  -15    1    0   -1   -7   -2
   3   -1  -10    4    0   -4   -1   -4
  -1   -8  -10   -2   11   -1   -2    5
  -2    1  -10    1    2    2   31   -8
  -5    5    2   -3   27    2    2   -5
  -3    3   -4    3    0   -3    4    3
   5   -2   -2   -3    2   -3    4    1
  -2   -3    9    0    7   11  -18  -12
   1    0  -15    1    0   -1   -7   -3
   3   -1  -10    4    1   -3   -1   -4
  -1   -8  -10   -2   11   -1   -2    5
  -2    1  -10    0    2    2   32   -8
  -5    5    1   -3   29    2    2   -5
  -3    3   -4    3    0   -3    3    3
   5   -2   -2   -4    3   -4    4    1
  -2   -3    9    0    6   11  -19  -12
   1    0  -16    1    1   -1   -7   -3
   3   -1  -10    3    1   -3   -1   -4
   0   -9  -11   -2   11   -1   -2    5
  -2    1  -10    0    2    1   33   -8
  -5    5    1   -4   30    2    2   -5
  -3    3   -4    3    0   -3    3    3
   5   -2   -3   -4    3   -4    5    1
  -2   -3   10    0    6   12  -20  -12
   1    0  -16    1    1   -1   -6   -3
   4   -1  -10    3    0   -3   -1   -4
   0   -9  -11   -2   11   -1   -3    4
  -2    1   -9    0    1    1   34   -8
  -4    4    1   -4   30    2    2   -5
  -4    2   -3    3    1   -3    3    2
   4   -1   -3   -4    3   -3    5    1
  -2   -3   10    1    7   12  -20  -13
   1   -1  -16    1    1   -1   -6   -2
   4   -1  -10    3    0   -4   -1   -3
   0   -9  -11   -2   11   -2   -3    4
  -2    0   -9    0    1    1   34   -8
  -4    4    0   -5   31    2    2   -5
  -4    2   -3    3    1   -2    3    2
   4   -1   -4   -3    3   -3    5    1
  -2   -3   11    1    7   13  -21  -13
   1   -1  -17    1    1   -1   -6   -2
   4   -1  -10    3    0   -4   -1   -3
   0  -10  -11   -2   11   -2   -3    4
  -2    0   -9    0    1    0   35   -8
  -4    4    0   -5   31    2    2   -5
  -4    2   -3    3    1   -2    3    2
   4   -1   -4   -3    3   -3    5    1
  -2   -3   11    1    7   13  -21  -13
   1   -1  -17    1    1   -1   -6   -2
   4   -1  -10    3    0   -4   -1   -3
   0  -10  -11   -2   11   -2   -3    4
  -3    0   -9    0    1    1   35   -8
  -4    4    0   -5   31    2    2   -5
  -4    2   -3    3    1   -2    3    2
   4   -1   -4   -3    3   -3    5    1
  -2   -3   11    1    7   13  -21  -13
   1   -1  -17    1    2   -1   -6   -3
   5   -1  -10    3    0   -4   -1   -3
   0  -10  -12   -2   11   -2   -3    4
  -3    0   -9    0    1    1   35   -8
  -4    4    0   -5   31    2    1   -5
  -4    2   -3    3    1   -2    2    2
   4    0   -4   -3    3   -3    5    1
  -3   -3   11    1    7   13  -21  -13
   1   -1  -17    1    2   -1   -6   -3
   5   -1  -10    3    0   -5   -1   -3
   0  -11  -12   -2   11   -2   -3    3
  -3    0   -9    0    1    1   35   -8
  -3    4    0   -5   32    2    1   -5
  -4    2   -3    3    1   -2    2    2
   4    0   -4   -3    3   -3    5    1
  -3   -2   11    1    7   13  -21  -13
   1   -1  -17    1    2   -1   -6   -3
   5   -1  -10    4    0   -5   -1   -3
   0  -11  -12   -2   11   -2   -3    3
  -3    0   -9    0    1    0   36   -8
  -3    4    0   -5   32    1    1   -5
  -4    2   -3    3    1   -2    2    2
   4    0   -4   -3    3   -3    5    1
  -3   -3   12    1    7   13  -21  -13
   0   -2  -17    1    2   -1   -6   -3
   5   -1  -10    4    0   -5   -1   -3
   0  -11  -12   -2   11   -2   -3    3
  -3    0   -9    0    1    0   36   -7
  -3    4    0   -5   32    1    1   -5
  -4    2   -3    3    1   -2    2    2
   4    0   -4   -3    3   -2    5    1
  -3   -3   12    1    7   13  -21  -13
   0   -1  -15    1    2   -2   -5   -3
   4   -1   -9    4    1   -4   -1   -3
   1  -10  -11   -1   10   -1   -3    3
  -3    1   -9    0    2    1   32   -7
  -3    4    0   -4   29    1    0   -4
  -3    2   -2    3    0   -3    2    2
   3    0   -3   -3    4   -3    4    2
  -3   -2   10    0    5   11  -19  -11
   0   -1  -16    1    2   -1   -6   -2
   4   -1   -9    4    0   -5   -1   -3
   0  -10  -11   -2   11   -1   -3    4
  -3    1   -9    0    2    1   33   -7
  -3    4    0   -4   30    1    1   -5
  -4    2   -3    3    1   -3    2    2
   4    0   -3   -3    3   -3    4    1
  -3   -2   10    1    6   12  -20  -12
   0   -2  -16    1    2   -1   -5   -3
   5   -1   -9    4    0   -5   -1   -3
   0  -11  -12   -1   11   -1   -3    3
  -3    0   -9    0    1    1   35   -7
  -3    4    0   -5   31    1    1   -4
  -4    2   -3    3    1   -2    2    2
   3    0   -4   -2    3   -2    4    1
  -3   -2   11    1    6   13  -20  -12
   0   -2  -17    1    2   -1   -5   -3
   5   -1   -9    4    0   -6   -1   -3
   0  -12  -12   -1   11   -2   -3    3
  -3    0   -8    0    1    0   36   -7
  -3    4    0   -5   32    1    1   -4
  -4    2   -2    3    1   -2    2    2
   3    0   -4   -2    3   -2    5    1
  -3   -2   12    1    6   14  -21  -13
   0   -2  -17    1    2   -1   -5   -3
   5   -1   -9    4    0   -5   -1   -3
   0  -12  -12   -1   11   -2   -3    3
  -3    0   -9    0    1    0   36   -7
  -3    4    0   -5   32    1    1   -5
  -4    2   -3    3    1   -2    2    2
   3    0   -4   -2    3   -2    5    1
  -3   -3   12    1    7   14  -22  -13
   0   -2  -17    2    2   -1   -5   -3
   5   -1   -9    4    0   -6   -1   -3
   0  -11  -12   -1   11   -2   -3    3
  -3    0   -8    0    1    0   36   -7
  -3    4    0   -5   32    1    1   -4
  -4    2   -2    3    1   -2    2    2
   3    0   -4   -2    3   -2    5    1
  -3   -3   12    2    7   14  -21  -13
   0   -3  -16    3    3   -1   -5   -1
   4    0   -8    3   -1   -7   -1   -3
  -1  -13  -11   -1   12   -2   -3    3
  -4    0   -7    0    0    1   33   -8
  -2    3    0   -4   29    1    0   -3
  -4    3   -3    4    2   -2    2    1
   4    0   -2   -1    3   -1    3    1
  -4   -3   12    2   10   14  -22  -13
  -1   -6  -14    4    3   -1   -6    0
   3    1   -4    5   -2  -16   -2   -3
  -1  -15  -11   -2   13   -2   -2    3
  -7   -1   -8    3    1    4   31   -6
   1    3    2   -3   25   -2   -2   -4
  -5    3   -1    6    2   -2    2    0
   3    1    0    2    2    2    1   -1
  -4   -3    9    2    6   11  -15  -12
   0   -2  -17    2    2   -1   -5   -2
   5   -1   -9    4    0   -6   -1   -3
   0  -12  -12   -2   11   -2   -3    3
  -4    0   -9    0    1    1   36   -7
  -3    4    0   -5   32    1    1   -4
  -5    2   -2    4    1   -2    2    2
   3    0   -4   -2    3   -2    4    1
  -3   -3   12    1    7   13  -21  -13
   0   -2  -17    2    2   -1   -5   -3
   5   -1   -9    4    0   -6   -1   -3
   0  -12  -12   -1   11   -2   -3    3
  -3    0   -9    0    1    0   36   -7
  -3    4    0   -5   32    1    1   -5
  -4    2   -3    3    1   -2    2    2
   3    0   -4   -2    3   -2    5    1
  -3   -3   12    1    7   14  -22  -13
   0   -2  -17    2    2   -1   -5   -3
   5   -1   -9    4    0   -6   -1   -3
   0  -12  -12   -1   11   -2   -3    3
  -3    0   -8    0    1    0   36   -7
  -3    4    0   -5   32    1    1   -5
  -4    2   -2    3    1   -2    2    2
   3    0   -4   -2    3   -2    5    1
  -3   -3   12    1    7   14  -22  -13
   0   -2  -17    1    2   -1   -5   -3
   5   -1   -9    4    0   -6   -1   -3
   0  -12  -12   -1   11   -2   -3    3
  -3    0   -8    0    1    0   36   -7
  -3    4    0   -5   32    1    1   -5
  -4    2   -2    3    1   -2    2    2
   3    0   -4   -2    3   -2    5    1
  -3   -3   12    2    6   14  -21  -13
   0   -2  -14    2    2   -2   -6   -2
   3   -1   -9    5    0   -7   -1   -3
   0  -11  -11   -1   11   -1   -2    4
  -3    1   -9    1    2    2   31   -8
  -3    5    1   -3   27    0    0   -5
  -3    3   -3    4    1   -3    2    2
   4   -1   -2   -2    3   -2    3    1
  -4   -3    9    0    6   11  -18  -11
   0   -2  -14    2    2   -2   -6   -2
   4   -1   -9    4    0   -7   -1   -3
   0  -11  -11   -1   11   -1   -2    4
  -3    1   -9    1    2    2   32   -7
  -3    4    1   -3   28    0    0   -5
  -3    3   -3    4    1   -3    2    2
   4   -1   -2   -2    3   -2    3    1
  -4   -3   10    0    6   11  -18  -11
   0   -2  -15    2    2   -1   -6   -2
   4   -1   -8    4    0   -7   -1   -3
   0  -12  -11   -1   11   -1   -3    3
  -4    1   -9    1    2    2   33   -7
  -3    4    1   -4   29    0    0   -5
  -3    3   -3    4    1   -3    2    2
   3    0   -3   -2    3   -2    4    1
  -3   -3   10    1    6   12  -19  -12
   0   -2  -16    2    2   -1   -5   -2
   5   -1   -9    4    0   -7   -1   -3
   0  -12  -11   -1   11   -2   -3    3
  -4    0   -9    1    1    1   34   -7
  -2    4    1   -4   29    1    1   -5
  -4    3   -3    4    1   -2    2    1
   3    0   -3   -2    3   -2    4    1
  -3   -3   11    1    6   13  -20  -12
   0   -2  -16    2    2   -1   -5   -2
   5   -1   -9    4    0   -7   -1   -3
   0  -12  -12   -2   11   -2   -3    3
  -4    0   -9    1    1    1   35   -7
  -3    4    1   -5   30    1    1   -5
  -4    3   -3    3    1   -2    2    2
   3    0   -4   -2    3   -2    4    1
  -3   -3   11    1    7   13  -20  -12
   0   -2  -16    2    2   -1   -5   -2
   5   -1   -9    4    0   -6   -1   -3
   0  -12  -11   -1   11   -2   -3    3
  -3    0   -8    0    1    1   34   -7
  -2    3    0   -5   30    1    1   -4
  -4    3   -3    3    1   -2    2    1
   3    0   -3   -1    3   -2    4    1
  -3   -3   11    1    8   13  -21  -13
  -3   -6   -7    6    2   -2   -3   -1
   2    1   -1    7   -2  -12   -3   -2
  -3  -13   -4    1    6   -1   -2    4
  -5    1   -3    1   -1    4   12   -8
   1    0    6    1    6   -3   -5   -3
   1    8   -5    4    3   -2    4    0
   3   -2    6    8    1    3   -1   -1
  -6   -5    3    2   12    7  -11   -6
   0    1    0   -1   -1   -2   -2   -1
  -1    0   -3    1    2   -1    0   -1
   0   -1   -2   -1    3    1    1    2
   0    1   -4    0    3    2    5   -1
  -1    3    0    2    5   -1    0   -1
   1    0    0    1   -1   -2    0    2
   1   -1    0   -3    1   -2    0    0
  -1    0    0   -2   -3   -1    0   -1
  -1   -4   -8    3    2   -1   -4   -1
   3    2   -2    6    0  -16   -2   -1
   1  -12   -8   -1    8   -2   -1    1
  -6    1   -7    4    3    4   20   -3
   2    2    4   -2   15   -3   -2   -5
  -2    2   -1    4    1   -3    1   -1
   1    1   -1    3    2    3    0   -2
  -3   -3    4    1    1    6   -6   -6
   0   -3  -16    3    2   -1   -6   -1
   4    0   -8    4   -1   -8   -2   -3
   0  -12  -11   -2   12   -2   -2    3
  -4    0   -8    1    1    2   33   -7
  -2    3    1   -4   28    1    0   -5
  -4    3   -3    4    1   -2    2    1
   4    0   -2   -1    2   -1    3    0
  -3   -3   10    1    8   13  -19  -12
   0   -2  -16    2    2   -1   -6   -2
   4   -1   -8    5    0   -8   -2   -4
   0  -12  -11   -2   11   -2   -2    4
  -4    1   -9    1    2    2   33   -8
  -3    4    2   -4   29    1    1   -5
  -4    3   -3    4    1   -3    3    2
   4   -1   -2   -1    3   -1    4    0
  -3   -3   10    1    7   12  -19  -12
   0   -2  -16    2    2   -1   -6   -2
   5   -1   -8    4    0   -7   -1   -3
   0  -12  -11   -2   11   -2   -3    3
  -4    0   -8    1    1    1   34   -7
  -3    3    1   -5   29    1    1   -5
  -4    3   -3    3    1   -2    2    2
   3    0   -3   -1    3   -1    4    1
  -3   -3   11    2    7   13  -20  -12
  -1   -2  -12    1    2   -2   -5   -2
   3   -1   -8    4    1   -6   -1   -3
   0  -10  -10   -1   10   -1   -2    3
  -3    1   -8    0    2    2   28   -7
  -2    4    1   -2   25    0    0   -4
  -2    3   -3    4    0   -3    2    1
   3   -1   -2   -2    3   -2    3    1
  -3   -2    8    0    5    9  -16  -10
  -1   -2  -13    2    2   -2   -6   -2
   3   -1   -8    4    0   -7   -1   -3
   0  -11  -10   -1   11   -1   -2    4
  -4    1   -8    1    2    3   29   -7
  -2    4    1   -2   25    0    0   -4
  -2    3   -3    4    1   -3    2    2
   4   -1   -1   -2    3   -2    2    1
  -3   -2    9    0    6   10  -16  -10
  -1   -2  -13    2    2   -2   -5   -2
   3   -1   -8    4    0   -6   -1   -3
   0  -11  -10   -1   11   -1   -2    4
  -4    1   -9    0    2    2   30   -7
  -2    4    1   -3   26    0    0   -4
  -3    3   -3    4    1   -3    2    2
   4   -1   -1   -2    3   -2    3    1
  -4   -2    9    0    6   10  -17  -11
  -1   -2  -14    2    2   -2   -5   -2
   4   -1   -8    4    0   -7   -1   -3
   0  -11  -11   -1   10   -1   -2    3
  -4    1   -8    0    2    2   31   -7
  -2    4    1   -3   27    0    0   -4
  -3    3   -3    4    1   -3    2    1
   3    0   -2   -2    3   -2    3    1
  -3   -2   10    1    6   11  -18  -11
   0   -2  -14    2    2   -1   -6   -2
   3    0   -8    4    0   -8   -1   -3
   0  -12  -11   -1   11   -1   -2    4
  -4    1   -9    1    2    2   31   -7
  -2    4    1   -3   27    0    0   -5
  -3    3   -3    4    1   -3    2    1
   4    0   -2   -1    3   -1    3    1
  -4   -3    9    1    7   11  -18  -11
  -1   -3  -14    3    3   -1   -5   -1
   3    0   -8    3   -1   -6   -1   -3
  -1  -12  -10   -1   11   -1   -2    3
  -3    0   -7    0    0    2   30   -8
  -2    3    0   -3   25    0   -1   -3
  -3    4   -4    4    2   -3    2    1
   4    0    0    0    2   -1    2    1
  -4   -3   10    1   10   12  -20  -11
  -1    1    2    0   -3   -1   -2   -2
  -1   -1   -2    4    1    2   -1   -2
  -3    1    3    1   -1    1    0    6
   1    3   -2   -1    1    3   -4   -6
  -3    1    5    3   -5   -1   -1   -2
   5    6   -5    0    0   -2    5    3
   3   -5    5    1    0   -2    0    0
  -1   -2   -5   -1    4   -2    0    0
   0    2    4   -1   -2   -1   -2   -2
  -1    0   -1    4    3   -2   -1   -1
   0    2    1   -1   -1    1    2    2
   1    3   -4    2    4    3   -3    0
  -1    2    4    3   -3   -2    0   -3
   3    0   -1    0   -2   -3    1    1
   0   -2    1   -2    1   -1    0   -1
   1   -1   -5   -3   -6   -5    8    2
   0    3   -5   -3   -1   -1   -2   -4
   2   -2   -7    3    4    3    0   -1
   2    0   -5   -1    2    1   -1    2
   1    2   -6   -1    4    0   14   -2
  -3    3    0   -1   15    1    2   -3
   0    0   -1    0   -3   -2    0    2
   1   -1   -4   -5    3   -5    4    1
   0    1    3   -2   -3    2   -6   -4
   1   -1  -15    1    2   -1   -6   -2
   3   -1   -9    2    0   -4   -1   -3
   0   -9  -11   -2   11   -1   -2    3
  -2    0   -8    0    1    1   32   -6
  -3    4    0   -4   29    1    1   -4
  -4    1   -2    3    1   -2    2    1
   4    0   -3   -3    3   -2    3    1
  -2   -2   11    0    6   11  -19  -12
   1   -2  -15    2    1   -1   -6   -2
   3   -1   -8    4    0   -5   -1   -4
  -1  -10  -10   -2   11   -1   -2    4
  -3    0   -8    0    1    2   31   -8
  -3    4    1   -4   27    1    1   -4
  -4    3   -3    3    1   -2    3    2
   4   -1   -2   -2    2   -2    3    1
  -3   -3    9    1    7   11  -18  -12
   0   -2  -14    2    1   -1   -6   -1
   3    0   -7    4   -1   -7   -1   -3
  -1  -11  -10   -2   11   -2   -2    4
  -3    0   -8    1    1    2   30   -7
  -3    4    1   -4   26    1    1   -4
  -4    3   -3    4    1   -2    3    2
   4   -1   -2   -1    2   -1    3    0
  -3   -3    9    1    7   11  -18  -12
  -1   -3   -9    2    1   -2   -5   -1
   1    0   -5    4    0   -7   -2   -3
  -1   -9   -7   -1    9    0   -1    4
  -3    1   -7    1    1    3   21   -7
  -2    4    2   -1   17   -1   -1   -4
  -1    4   -4    4    1   -3    3    1
   4   -2    2    0    2   -1    1    0
  -4   -3    6    0    7    7  -12   -8
   0   -1   -7    2    0   -1   -6   -1
   0    0   -5    6    0   -7   -3   -4
  -2   -7   -4   -1    8    0    0    6
  -2    2   -8    2    2    5   16   -7
  -3    3    5    1   12   -1    0   -5
   0    4   -5    3    1   -4    4    2
   4   -4    3    0    1   -1    1   -1
  -2   -4    2   -1    6    5   -8   -7
  -1   -2   -6    3    0   -1   -7   -1
   0    0   -4    6    0   -9   -3   -4
  -2   -8   -4   -1    9    0    1    6
  -2    3   -8    3    3    5   16   -7
  -3    4    6    1   11   -1   -1   -6
   0    4   -5    3    1   -4    4    2
   4   -4    4    1    1    0    1   -1
  -3   -4    1   -2    5    4   -6   -6
  -1   -3  -10    3    2   -1   -6    0
   1    1   -4    4   -1  -11   -2   -4
  -1  -11   -8   -2   11   -1    0    4
  -4    1   -8    3    2    5   24   -6
  -1    4    3   -1   19   -1   -1   -4
  -3    3   -3    5    1   -3    2    0
   4   -1    1    0    2    1    1   -1
  -3   -3    6   -1    5    7  -11   -9
  -1   -3   -9    2    1   -2   -5   -2
   2    0   -5    5    0   -8   -2   -3
  -1  -10   -7   -1    9   -1   -1    4
  -4    1   -7    1    2    3   22   -7
  -1    4    3   -1   18   -1   -1   -4
  -1    4   -3    4    1   -3    3    1
   3   -1    1    0    2   -1    1    0
  -4   -3    5    0    5    7  -12   -8
  -1   -3  -10    3    2   -2   -5   -1
   1    0   -6    4   -1   -8   -1   -3
  -1  -10   -8   -1   10   -1   -1    4
  -4    0   -7    1    1    4   23   -6
  -1    4    2   -1   19   -1   -2   -3
  -2    4   -3    4    1   -3    2    1
   4   -1    1    0    2    0    1    0
  -4   -2    7    0    7    8  -14   -9
   0    1   -2   -2   -2   -1   -3   -1
  -2   -2   -5    1    1    4    0   -3
  -2    1    0    0    3    1    0    6
   1    1   -4   -2    1    2    5   -5
  -4    3    0    2    6    0    0   -1
   2    3   -3    1   -1   -1    3    3
   4   -4    2   -4    0   -4    1    1
  -1    0    0   -1    3    0   -5   -3
   0   -1   -2   -1    0   -1   -3    0
  -1    0   -2    1    1   -5    0   -2
  -1   -3   -3   -1    5    1    0    3
  -2    0   -5    1    3    3    8   -1
   0    3    0    1    8   -1   -1   -1
  -1    0    0    3   -1   -1    0    1
   2   -1    0   -3    1   -1    0    0
  -1    0    1   -1   -2   -1    0   -3
  -1   -3  -12    3    3   -2   -5   -1
   2    0   -6    3   -1   -9   -1   -3
   0  -12  -10   -1   11   -1   -2    3
  -5   -1   -8    1    2    3   28   -5
   0    4    0   -2   24   -1   -1   -3
  -3    2   -2    5    1   -2    1    1
   3    1   -1   -1    3    0    1    0
  -4   -2    9    0    5    9  -15  -10
  -1   -3  -12    2    2   -2   -5   -2
   3    0   -7    5    0   -7   -1   -3
   0  -11   -9   -1    9   -1   -2    4
  -4    1   -8    1    2    3   26   -7
  -2    4    2   -2   22   -1   -1   -4
  -2    4   -3    4    1   -3    2    1
   3   -1    0    0    3   -1    2    0
  -4   -3    7    0    6    9  -15   -9
  -1   -2   -9    2    1   -1   -5   -2
   2   -1   -6    5    0   -6   -2   -3
  -1   -9   -7   -1    9    0   -1    5
  -3    2   -8    1    2    3   22   -7
  -3    4    3   -1   18   -1    0   -5
  -1    4   -4    3    1   -3    3    2
   4   -2    1   -1    2   -1    2    0
  -3   -3    5    0    6    7  -12   -8
   0   -1  -10    1    1   -1   -6   -1
   1   -1   -7    4    0   -5   -1   -4
  -1   -8   -7   -1    9    0   -1    4
  -2    1   -8    1    2    3   23   -6
  -3    4    2   -1   20    0    0   -4
  -2    3   -3    3    1   -3    3    2
   4   -2    0   -2    2   -2    2    0
  -2   -2    6    0    5    7  -13   -9
   0    1   -4    1   -2    0   -7   -1
  -2   -1   -5    4    0   -3   -2   -5
  -3   -2   -1   -1    7    0    1    7
   0    3   -7    2    2    5    9   -7
  -5    4    6    2    6    0    1   -5
   1    4   -6    2    0   -4    5    2
   5   -5    5   -1    0   -2    1   -1
  -1   -3   -1   -2    5    1   -4   -5
   1    1   -3    1   -2    0   -7    0
  -3   -1   -5    4    0   -2   -2   -5
  -3   -1   -1   -2    8    1    2    7
   1    3   -7    2    2    5    8   -7
  -5    4    6    3    6    0    1   -5
   1    4   -6    2    0   -4    5    3
   5   -6    5   -2   -1   -2    1   -1
  -1   -3   -1   -2    5    1   -3   -5
   1    2   -4    0   -3    0   -7   -1
  -2   -1   -5    4    1   -1   -2   -5
  -2    0   -1   -2    7    1    1    7
   1    3   -7    2    3    5    8   -7
  -6    4    6    2    7    1    2   -5
   1    3   -5    1    0   -4    5    3
   5   -6    4   -2   -1   -3    1   -1
   0   -3   -1   -2    4    1   -3   -5
   0    2   -5    0   -2   -1   -6   -2
  -1   -1   -7    4    1   -1   -2   -4
  -1   -2   -3   -1    7    1    1    6
   1    3   -8    1    3    4   12   -6
  -5    4    4    2   10    0    1   -5
   1    3   -5    2   -1   -4    4    2
   5   -4    2   -3    1   -3    2    0
  -1   -3    1   -2    3    2   -6   -5
   0    0   -5    1   -1   -1   -6   -1
  -1   -1   -6    4    1   -2   -2   -4
  -2   -4   -3   -1    7    1    1    6
   0    3   -7    0    2    4   12   -7
  -4    4    4    2   10    0    0   -4
   1    4   -5    2    0   -4    4    2
   5   -4    3   -2    1   -2    1    0
  -2   -2    1   -2    5    3   -7   -5
  -1   -2   -1    4   -1   -1   -5    0
  -2    1    0    6   -1   -9   -3   -3
  -3   -5    0   -1    5    0    1    5
  -2    2   -4    2    1    6    3   -6
  -1    2    7    3   -1   -2   -2   -4
   2    5   -5    2    2   -3    4    1
   4   -4    7    4   -1    2   -2   -2
  -3   -4   -3   -1    6    0    0   -2
   0    2    3    0   -3    0   -3   -1
  -2   -1   -2    4    2    2   -1   -3
  -2    4    3    0    0    1    2    5
   3    4   -3    1    2    3   -6   -4
  -4    1    6    3   -6    0    1   -3
   4    3   -5   -1   -1   -2    4    2
   2   -5    4    0   -1   -2    1   -1
   1   -2   -6   -2    1   -4    3    1
   1    4    3   -2   -3    0   -3   -2
  -1   -1   -3    2    3    3   -1   -3
   0    5    2   -1    0    2    2    3
   3    3   -4    1    4    2   -3   -1
  -4    3    4    2   -2    1    2   -3
   3    0   -3   -1   -2   -3    2    2
   1   -4    1   -4    0   -3    2   -1
   2   -1   -5   -3   -4   -5    5    2
  -1    0   -1    1   -1   -1   -3   -2
   1    0   -2    5    1   -6   -2   -1
   0   -3   -1    0    2    0    1    2
  -1    3   -5    2    3    3    4   -3
  -1    2    5    2    2   -2   -1   -4
   2    2   -3    1    0   -3    2    0
   1   -2    2    1    2    0    0   -1
  -1   -2   -2   -1   -1   -1    1   -1
  -2   -3   -6    3    1   -2   -5    0
   0    1   -3    4    0  -12   -2   -3
   0   -9   -6   -1    9    0    0    3
  -4    1   -7    3    3    5   16   -4
   0    3    3    1   13   -2   -2   -4
  -1    3   -2    4    1   -3    2    0
   3   -1    2    1    1    2   -1   -1
  -3   -2    3   -1    3    4   -5   -6
  -1   -1   -8    1    0   -2   -5   -1
   0   -1   -7    3    1   -4   -1   -3
  -1   -6   -6   -1    8    0   -1    4
  -2    1   -7    0    2    3   19   -6
  -3    4    1    0   17    0    0   -3
  -1    3   -3    3    0   -3    2    2
   4   -2    1   -2    2   -2    1    1
  -2   -2    5   -1    5    6  -11   -7
   0    0   -7    1    0   -1   -5   -2
   1   -1   -6    4    1   -3   -1   -3
  -1   -5   -5   -1    6    0   -1    4
  -1    2   -7    0    2    3   16   -6
  -3    3    3    0   14    0    0   -4
   0    3   -4    2    0   -3    3    2
   3   -3    1   -1    2   -2    2    0
  -2   -2    3   -1    4    5   -9   -6
   0    0   -4    0    0   -1   -5   -1
  -1   -1   -5    2    1   -2   -1   -3
  -1   -3   -3   -1    6    1    0    4
  -1    1   -6    0    2    3   11   -4
  -3    4    2    1   10    0    0   -2
   0    2   -3    2    0   -3    2    2
   3   -3    2   -3    1   -2    1    0
  -1   -1    2   -2    2    2   -5   -4
  -1    0   -3    0   -1   -2   -4   -1
  -1   -1   -5    3    1   -1   -1   -3
  -2   -3   -2    0    5    1    0    5
   0    2   -5   -1    2    3    8   -6
  -3    3    2    2    6   -1   -1   -2
   2    3   -4    2    0   -3    3    2
   4   -3    3   -1    1   -2    0    0
  -2   -1    1   -2    4    1   -5   -4
  -1    0   -3    1    0   -1   -5    0
  -2    0   -4    2    0   -3   -1   -3
  -1   -4   -3   -1    7    1    1    4
  -1    2   -6    1    2    4   10   -5
  -2    4    2    2    8   -1   -1   -2
   1    2   -3    2    0   -3    2    1
   4   -3    3   -2    1   -1    0    0
  -2   -2    1   -2    3    1   -4   -4
  -2   -4   -3    4    1   -2   -3    1
  -2    1   -1    3   -2   -8   -2   -3
  -2   -7   -2    0    7    0    1    4
  -3    1   -4    1    0    5    6   -5
   0    2    3    3    3   -3   -3   -1
   1    5   -4    3    2   -3    3    0
   3   -2    6    3    0    2   -3   -1
  -4   -3    1   -1    7    2   -4   -3
  -2   -2    3    3   -1   -1   -3    0
  -2    1    2    6    0   -8   -2   -2
  -2   -3    2    0    2    0    2    4
  -2    3   -3    3    2    5   -5   -3
   0    1    7    4   -8   -3   -2   -3
   3    4   -4    2    1   -3    4    0
   2   -3    7    5   -1    3   -2   -3
  -1   -3   -6   -2    3   -3    5    1
   1    3    2   -1   -3    0   -6    1
  -4   -1   -2    1    1    2   -2   -5
  -3    4    3   -2    4    1    3    6
   3    3   -5    2    2    5   -3   -4
  -5    3    5    4   -3    1    2   -3
   2    1   -4    0   -1   -3    4    2
   4   -6    5   -3   -2   -3    0   -1
   2   -2   -5   -3    1   -4    4    0
   1    2    0    0   -4    0   -8    0
  -4   -1   -3    3    0   -1   -2   -5
  -3    2    2   -2    6    1    3    8
   2    3   -7    3    3    6    1   -6
  -6    4    7    4    0    0    2   -4
   2    3   -5    1   -1   -4    5    3
   5   -7    6   -2   -2   -2    0   -1
   1   -3   -4   -3    2   -3    2   -2
   1    2   -3    0   -3    0   -7   -1
  -3   -1   -5    4    1   -2   -2   -5
  -3    0   -1   -2    7    1    2    7
   2    3   -8    2    3    5    7   -6
  -5    4    6    3    6    1    2   -5
   1    2   -5    1   -1   -4    5    3
   5   -6    4   -3   -1   -2    1   -1
   0   -3   -2   -3    2    0   -1   -4
  -1    1   -3    0   -1   -1   -3   -2
   0   -2   -5    2    2    2    0   -2
  -1   -1   -2    0    3    1    0    4
   1    2   -4   -1    2    2    7   -5
  -3    3    1    1    6    0    0   -2
   2    3   -3    1   -1   -2    2    2
   3   -3    1   -2    1   -3    1    1
  -1   -1    1   -2    3    1   -6   -3
  -1    2   -3   -1    0   -1   -2   -2
   0   -1   -5    1    2    1    0   -2
   1   -1   -3    0    3    1    0    2
   0    1   -5   -1    3    1    9   -2
  -2    3    0    1    9    0    0   -2
   1    0   -1    1   -1   -2    0    1
   2   -1   -1   -4    2   -3    1    1
  -1    0    2   -2   -1    1   -4   -2
  -1    0   -4    1    0   -1   -3   -2
   1    0   -4    3    1   -4   -1   -2
   0   -5   -4   -1    5    0    0    2
  -1    2   -5    0    2    2   12   -4
  -1    3    2    0   10   -1   -1   -3
   0    2   -2    2    0   -3    1    1
   2   -1    1   -1    2   -1    1    0
  -2   -1    2   -1    2    3   -6   -4
  -1   -1   -5    1    0   -2   -4   -1
   0    0   -5    3    1   -4   -1   -3
  -1   -5   -4   -1    7    0    0    4
  -2    2   -6    1    2    4   14   -5
  -2    4    2    1   11   -1   -1   -3
   0    3   -3    3    0   -3    2    1
   3   -2    2   -1    2   -1    1    0
  -2   -2    2   -1    3    3   -7   -5
  -1    0   -1    0    0   -2   -3   -1
  -1   -1   -3    3    1   -2   -1   -2
  -1   -3   -2    0    4    1    0    4
  -1    2   -4    0    2    3    6   -4
  -2    3    2    2    5   -1   -1   -2
   2    3   -3    2   -1   -3    2    1
   2   -2    3   -1    1   -2    0    0
  -2   -1    0   -2    2    0   -3   -2
  -1    0   -2    1    0   -2   -3    0
  -3    0   -3    1    0   -1   -1   -3
  -1   -3   -2    0    6    1    1    4
  -1    1   -4    0    1    4    6   -4
  -2    3    1    3    5   -1   -1   -1
   1    2   -3    2    0   -2    2    1
   3   -2    4   -2    0   -2   -1    0
  -2   -1    1   -2    4    0   -4   -3
  -2   -2    3    3   -1   -1   -2    0
  -3    1    2    4   -1   -6   -2   -2
  -2   -3    3    0    2    1    2    4
  -1    2   -1    1    0    5   -6   -4
   0    1    6    4   -9   -3   -3   -2
   3    5   -4    2    1   -2    3    0
   2   -3    8    5   -1    2   -3   -2
  -2   -3   -5   -1    4   -2    4    1
   0    2    7   -1   -3    0   -2    0
  -3    0    1    2    1    1   -1   -2
  -1    6    6    0   -2    1    3    3
   3    3   -1    1    2    3  -13   -1
  -2    1    5    4  -12   -1    0   -2
   4    1   -3   -1   -1   -2    3    1
   1   -4    5    0   -1   -1   -1   -2
   2   -1   -8   -3   -2   -7    9    4
   2    4    3   -2   -4    0   -6    0
  -5   -1   -3    1    1    4   -1   -5
  -2    7    3   -2    4    2    3    6
   4    3   -5    1    3    4   -5   -3
  -6    4    4    4   -4    1    2   -2
   2    0   -4   -1   -2   -3    4    3
   4   -6    4   -5   -2   -4    0   -1
   2   -1   -5   -4   -1   -6    5    0
   2    2   -1    0   -3    0   -8    1
  -5   -1   -4    2    0    1   -2   -6
  -4    3    2   -2    7    1    3    8
   2    3   -6    2    2    5    2   -6
  -6    4    5    4    1    1    2   -3
   1    2   -5    1    0   -3    6    3
   6   -7    6   -3   -2   -3    0   -1
   1   -3   -3   -3    4   -2    0   -3
   2    2   -1    1   -4    0   -8    1
  -4   -1   -3    3    0    0   -3   -6
  -4    2    2   -2    7    1    3    8
   2    3   -7    2    2    6    2   -7
  -6    4    7    4    0    1    2   -4
   1    3   -6    1    0   -4    6    3
   6   -7    7   -2   -2   -2    0   -1
   1   -4   -4   -3    4   -2    1   -3
   1    2   -5    0   -1    0   -7    0
  -2   -1   -6    2    1   -1   -1   -5
  -1   -1   -4   -2    9    1    2    6
   1    2   -8    2    3    4   13   -5
  -5    5    3    2   13    1    2   -4
  -1    1   -3    2   -1   -4    3    2
   5   -4    2   -5    0   -3    1    0
   0   -2    2   -3    2    1   -5   -6
   0    0   -7    0    0   -1   -5   -1
   0   -1   -6    2    0   -2   -1   -4
  -1   -4   -5   -1    8    0    0    5
  -1    1   -7    1    2    3   17   -5
  -3    4    1    0   15    0    1   -3
  -1    2   -3    2    0   -3    2    2
   4   -3    1   -3    1   -3    2    1
  -1   -1    4   -1    4    4   -9   -7
  -1    0   -8    0    1   -2   -3   -2
   1   -1   -7    1    1    0    0   -2
   0   -5   -7   -1    7    1   -1    3
  -1    0   -6   -1    1    1   19   -5
  -2    4   -1   -1   17    0    0   -2
  -1    2   -2    2    0   -2    1    1
   3   -1   -1   -3    2   -3    2    2
  -3    0    6   -1    4    6  -12   -7
  -1    0   -7    0    1   -2   -3   -2
   1   -1   -6    1    1   -1    0   -2
   0   -5   -6   -1    6    0   -1    2
  -1    0   -5   -1    2    1   16   -4
  -2    3   -1   -1   15    0    0   -2
   0    1   -1    2    0   -2    1    1
   2   -1   -1   -3    2   -3    1    1
  -2    0    5   -1    3    5  -10   -6
  -1    1   -5    0    0   -2   -2   -2
   1   -1   -6    2    2    2    0   -2
   0   -2   -4    0    3    1   -1    3
   0    2   -5   -2    2    1   11   -4
  -3    3    0    0   11    0    0   -2
   1    2   -2    1   -1   -2    1    2
   2   -1    0   -3    2   -4    2    1
  -2    0    3   -1    2    3   -8   -4
  -2   -2    2    3    0   -2   -3    1
  -3    1    1    3   -1   -6   -2   -2
  -2   -4    1    0    4    1    2    4
  -2    1   -2    1    1    5   -3   -3
   0    2    4    4   -5   -3   -3   -1
   2    4   -3    2    1   -2    3    0
   3   -3    7    3   -1    2   -3   -1
  -3   -2   -3   -2    4   -2    2    0
  -2    0    6    1   -2   -1   -1    0
  -3    0    2    4    1   -3   -1   -1
  -1    2    4    0   -1    1    2    3
   0    3   -1    1    2    4  -12   -2
  -1    1    6    5  -12   -2   -2   -2
   4    3   -4    0    0   -2    3    1
   1   -4    6    3   -1    1   -2   -2
   0   -2   -7   -2    1   -6    8    4
   0    3    8   -1   -3    0   -3    1
  -5   -1    1    1    1    3   -1   -3
  -2    7    6   -1   -1    2    3    4
   3    2   -1    1    2    4  -14   -1
  -3    2    4    5  -13    0    1   -1
   4    1   -3   -1   -1   -2    2    2
   2   -5    5   -2   -2   -2   -1   -1
   2    0   -8   -3   -2   -8   10    4
   1    4    4   -2   -4    0   -5    0
  -4   -1   -2    1    1    4   -1   -4
  -2    7    4   -2    2    2    3    6
   4    3   -5    2    3    4   -7   -3
  -5    3    5    4   -6    1    2   -3
   3    0   -4   -1   -2   -3    3    3
   3   -6    4   -4   -2   -3    0   -1
   2   -1   -6   -4   -2   -6    7    1
   1    3    0    1   -4    0   -8    0
  -4   -1   -3    3    0    0   -2   -6
  -4    2    2   -2    7    1    3    8
   2    3   -7    2    2    6    1   -6
  -6    4    6    4    0    1    2   -4
   2    3   -6    1    0   -4    6    3
   6   -7    7   -2   -2   -2    0   -1
   1   -3   -4   -3    4   -2    1   -3
   1    3    0    0   -4    0   -8    0
  -4   -1   -4    3    0    0   -2   -6
  -4    2    2   -2    7    1    3    8
   2    4   -7    2    2    6    1   -7
  -6    4    7    4    0    1    2   -4
   2    3   -6    1    0   -4    6    3
   6   -7    7   -2   -2   -3    0   -1
   1   -3   -4   -3    4   -2    1   -3
   2    3   -1    0   -4    0   -8    0
  -4   -1   -4    3    0    1   -2   -6
  -4    3    2   -2    7    1    3    9
   3    4   -7    2    2    5    2   -7
  -7    4    7    4    1    1    2   -4
   2    3   -6    1    0   -4    6    3
   6   -8    7   -3   -2   -3    1   -1
   1   -3   -4   -3    5   -2    0   -3
   1    0   -6    2    0    0   -7    1
  -2    0   -4    2   -1   -7   -2   -5
  -2   -4   -4   -2   10    0    2    5
  -1    1   -8    3    2    5   14   -4
  -3    4    4    1   12    0    1   -4
  -2    1   -3    3    1   -3    3    1
   4   -3    3   -2    0    0    0   -1
   0   -3    2   -2    3    3   -4   -6
   0    0   -6    1   -1   -1   -6   -1
   0   -1   -6    4    1   -3   -2   -4
  -2   -4   -4   -1    7    0    0    5
  -1    2   -7    1    2    4   14   -7
  -4    4    4    1   11    0    0   -4
   1    3   -4    2    0   -3    4    2
   4   -4    3   -2    1   -2    1    0
  -2   -3    2   -1    5    4   -8   -6
  -1   -1   -8    1    1   -2   -5   -1
   1   -1   -6    3    0   -5   -1   -3
   0   -7   -7   -1    9    0    0    3
  -2    1   -7    1    3    3   20   -5
  -2    4    1    0   18    0    0   -3
  -1    2   -2    3    0   -3    1    1
   3   -1    0   -2    2   -1    1    0
  -2   -1    5   -1    3    6  -10   -7
  -1    0   -7    0    1   -2   -3   -2
   2   -1   -6    3    2   -3   -1   -2
   1   -6   -6   -1    5    0   -1    2
  -2    2   -6    0    3    1   17   -4
  -2    3    1   -1   15   -1    0   -3
   0    2   -2    2    0   -3    1    1
   2   -1   -1   -2    3   -2    2    1
  -2   -1    4    0    1    5   -9   -5
  -1   -1   -8    0    1   -2   -3   -2
   2   -1   -7    2    1   -2    0   -2
   1   -6   -7   -1    6    0   -2    2
  -2    0   -6   -1    2    1   20   -4
  -2    3   -1   -1   18    0    0   -2
  -1    2   -1    2    0   -2    1    1
   2    0   -2   -3    3   -3    2    1
  -2    0    6    0    3    6  -12   -7
   0    3    7   -1   -3    0   -3    0
  -4   -1    0    1    1    3   -1   -3
  -2    7    6   -1    0    2    3    4
   3    3   -1    1    2    3  -13   -1
  -3    2    4    5  -11    0    1   -1
   3    1   -3   -1   -1   -2    3    2
   2   -5    5   -2   -2   -2   -1   -1
   2   -1   -7   -3   -1   -7    9    4
   1    3    5   -1   -4    0   -4    1
  -5   -1   -1    1    1    3   -1   -3
  -2    6    5   -1    1    2    3    5
   3    2   -3    1    2    4  -10   -2
  -4    2    4    5   -9    0    1   -1
   3    1   -3   -1   -1   -2    3    2
   3   -5    5   -2   -2   -2   -1   -1
   2   -1   -7   -3    0   -6    7    2
   1    3    4    0   -4    0   -5    1
  -5    0   -1    1    0    2   -2   -4
  -3    5    4   -1    3    2    3    6
   3    3   -4    2    2    5   -8   -4
  -5    3    5    5   -7    0    1   -2
   2    2   -4    0   -1   -3    4    2
   4   -6    6   -2   -3   -2   -1   -1
   1   -2   -6   -3    2   -5    6    1
   1    2    1    1   -4    0   -7    1
  -5    0   -2    3    0   -1   -2   -5
  -4    3    3   -2    6    1    3    7
   2    3   -6    3    2    6   -2   -5
  -5    4    7    5   -3    1    2   -4
   2    2   -5    1    0   -4    5    2
   5   -7    7   -2   -3   -2   -1   -2
   1   -3   -5   -3    3   -3    4   -2
   1    2    1    1   -4    0   -7    1
  -4    0   -2    3    0   -1   -3   -5
  -4    2    3   -2    6    1    3    8
   2    3   -6    2    2    6   -1   -6
  -5    3    7    4   -3    0    1   -4
   2    3   -6    1    0   -4    6    3
   6   -7    8   -1   -2   -2    0   -2
   0   -4   -5   -3    4   -3    2   -2
   1    2    0    1   -4    0   -8    0
  -4    0   -3    3    0   -1   -3   -5
  -4    2    2   -2    7    1    3    8
   2    4   -7    3    2    6    0   -6
  -6    4    7    4   -2    0    2   -4
   2    3   -6    1    0   -4    6    3
   5   -7    7   -2   -2   -2    0   -2
   1   -3   -5   -3    3   -3    3   -2
   2    2   -1    1   -4    0   -9    0
  -4    0   -4    4    0   -1   -3   -6
  -4    2    2   -2    8    1    3    9
   2    4   -7    3    2    6    2   -7
  -6    4    8    4    1    1    2   -5
   1    3   -7    1    0   -4    7    3
   6   -8    7   -2   -2   -2    0   -2
   1   -4   -4   -3    5   -2    1   -4
   1    1   -5    0   -1    0   -7    0
  -2    0   -5    2    1   -3   -1   -5
  -2   -2   -4   -2    9    1    1    5
   0    2   -8    2    3    4   13   -4
  -4    5    3    1   12    1    2   -4
  -1    1   -3    2   -1   -3    3    2
   4   -4    2   -4    0   -2    1    0
   0   -2    2   -2    1    2   -4   -6
   0    1   -8    1    0   -1   -5   -1
   0   -2   -8    2    0    1   -1   -4
  -2   -4   -5   -1    8    1   -1    6
   0    2   -7   -1    1    3   17   -7
  -5    4    1    0   16    1    1   -3
   0    3   -4    2    0   -3    3    2
   5   -3    2   -3    1   -4    2    1
  -2   -2    5   -1    7    6  -13   -7
   0    0   -6    0   -1   -1   -6   -1
   0    0   -5    4    1   -6   -2   -3
  -1   -5   -5   -2    7    0    0    4
  -1    2   -8    2    4    4   16   -4
  -2    4    3    0   14   -1    1   -4
  -1    2   -3    3   -1   -3    2    2
   3   -2    0   -2    1   -2    2    0
  -1   -2    2   -2    0    3   -5   -5
  -1   -1  -11    1    2   -2   -4   -2
   2   -1   -9    2    1   -1    0   -3
   0   -7   -9   -1    8    0   -2    3
  -2    0   -7   -1    2    1   25   -6
  -3    4   -1   -2   23    0    0   -2
  -1    2   -2    3    0   -2    1    2
   3   -1   -2   -4    3   -4    2    2
  -3   -1    9   -1    5    8  -16   -9
  -1   -2   -7    0    1   -2   -2   -2
   3   -1   -5    4    1   -5   -1   -1
   0   -8   -6    0    5    0   -2    2
  -3    1   -5    0    2    1   18   -4
  -1    3    0   -1   16   -1   -1   -3
   0    3   -2    3    0   -2    1    1
   2    0   -1   -1    3   -1    2    1
  -3   -1    5    0    2    6  -10   -6
   1    3    4   -1   -4    0   -5    0
  -5   -1   -1    1    1    3   -1   -4
  -3    6    4   -1    2    2    3    6
   3    3   -4    1    2    4   -8   -3
  -4    3    5    5   -7    0    1   -2
   3    1   -4    0   -1   -3    4    2
   4   -6    6   -3   -2   -3   -1   -1
   2   -1   -6   -3    0   -6    6    1
   1    2    3    0   -3    0   -5    1
  -5    0   -1    2    0    2   -2   -4
  -3    4    4   -1    3    1    3    6
   3    3   -4    1    1    5   -7   -4
  -4    2    5    5   -7    0    1   -2
   3    2   -5    0    0   -3    4    2
   4   -6    7   -1   -2   -2   -1   -1
   1   -2   -6   -3    2   -5    5    1
   1    3    3    0   -4    1   -6    1
  -5   -1   -1    1    0    2   -2   -5
  -3    5    4   -2    4    1    3    6
   3    3   -4    2    2    5   -6   -4
  -5    3    5    5   -6    1    2   -2
   2    2   -4    0   -1   -3    4    2
   4   -6    6   -2   -3   -2   -1   -1
   2   -2   -6   -3    2   -5    5    0
   1    3    2    0   -4    0   -7    1
  -5   -1   -2    3    0    0   -2   -5
  -4    3    3   -2    6    1    3    8
   3    3   -6    2    2    6   -3   -6
  -6    3    7    5   -4    1    2   -4
   2    3   -6    0    0   -4    6    3
   5   -7    7   -2   -3   -2    0   -1
   1   -3   -5   -3    3   -4    4   -1
   1    3    2    0   -4    0   -7    0
  -4   -1   -2    3    0    1   -2   -5
  -4    4    3   -2    5    1    3    8
   3    4   -6    2    2    5   -3   -6
  -6    3    7    4   -4    1    2   -4
   2    3   -6    0   -1   -4    6    3
   5   -7    7   -2   -2   -2    0   -1
   1   -3   -6   -3    3   -4    4   -1
   2    3    0    0   -4    0   -8    1
  -4   -1   -4    3    0    0   -2   -6
  -4    3    2   -2    7    1    3    8
   3    3   -7    2    2    6    1   -6
  -6    4    6    4    1    1    2   -4
   1    2   -6    1    0   -4    6    3
   6   -7    6   -3   -2   -3    0   -1
   1   -3   -4   -3    3   -2    1   -3
   1    2    0    1   -4    0   -7    0
  -4   -1   -3    4    0    0   -3   -5
  -4    2    2   -2    6    1    3    8
   2    4   -6    2    2    5    0   -7
  -6    3    7    4   -2    1    1   -4
   2    4   -6    1    0   -4    6    3
   5   -7    7   -1   -2   -2    0   -1
   1   -3   -5   -3    4   -2    1   -2
   1    2   -3    0   -2    0   -7    0
  -2    0   -4    4    1   -5   -2   -5
  -2   -2   -2   -2    8    1    2    6
   0    3   -8    3    4    5    9   -4
  -4    4    5    2    8    0    2   -5
   0    1   -3    2   -1   -4    3    2
   4   -4    3   -3    0   -2    1   -1
   0   -3   -1   -3   -1   -1    1   -4
  -1   -1   -6    2    0   -1   -5   -1
   0   -1   -6    4    0   -3   -2   -4
  -2   -6   -4    0    7    0    0    6
  -1    3   -6    0    1    4   13   -8
  -4    3    4    1   10    0   -1   -4
   1    5   -6    2    1   -3    4    2
   5   -4    4    0    1   -2    1    0
  -3   -3    2   -1    8    5  -10   -6
   1    0   -4    1   -2    0   -7    0
  -2    0   -4    4    0   -7   -2   -4
  -2   -3   -3   -2    8    0    2    6
  -1    2   -8    3    3    5   11   -5
  -3    4    5    2    9   -1    1   -5
   0    2   -4    2    0   -4    3    2
   4   -4    3   -2    0   -1    1   -1
   0   -3    0   -2    1    1   -1   -5
   0   -2  -11    2    2   -1   -5   -1
   2    0   -7    3    0   -7   -1   -3
   0   -9   -9   -2   10   -1   -1    3
  -3    0   -8    1    2    3   26   -5
  -2    4    1   -2   23    0    0   -4
  -3    2   -2    4    1   -3    1    1
   3    0   -1   -2    2   -1    2    0
  -3   -2    8    0    5    8  -14   -9
  -2    0   -7    0    1   -2   -2   -3
   2   -2   -8    3    1    3    0   -2
   0   -5   -5    1    4    1   -2    4
  -1    2   -5   -3    1    1   16   -7
  -3    3    0    0   14    0   -1   -2
   2    4   -4    1    0   -2    2    2
   3   -2    0   -2    3   -4    2    2
  -3   -1    5   -1    7    6  -14   -6
